-2730,0,
-2729,0,
-2728,0,
-2727,0,
-2726,0,
-2725,0,
-2724,0,
-2723,0,
-2722,0,
-2721,0,
-2720,0,
-2719,0,
-2718,0,
-2717,0,
-2716,0,
-2715,0,
-2714,0,
-2713,0,
-2712,0,
-2711,0,
-2710,0,
-2709,0,
-2708,0,
-2707,0,
-2706,0,
-2705,0,
-2704,0,
-2703,0,
-2702,0,
-2701,0,
-2700,0,
-2699,0,
-2698,0,
-2697,0,
-2696,0,
-2695,0,
-2694,0,
-2693,0,
-2692,0,
-2691,0,
-2690,0,
-2689,0,
-2688,0,
-2687,0,
-2686,0,
-2685,0,
-2684,0,
-2683,0,
-2682,0,
-2681,0,
-2680,0,
-2679,0,
-2678,0,
-2677,0,
-2676,0,
-2675,0,
-2674,0,
-2673,0,
-2672,0,
-2671,0,
-2670,0,
-2669,0,
-2668,0,
-2667,0,
-2666,0,
-2665,0,
-2664,0,
-2663,0,
-2662,0,
-2661,0,
-2660,0,
-2659,0,
-2658,0,
-2657,0,
-2656,0,
-2655,0,
-2654,0,
-2653,0,
-2652,0,
-2651,0,
-2650,0,
-2649,0,
-2648,0,
-2647,0,
-2646,0,
-2645,0,
-2644,0,
-2643,0,
-2642,0,
-2641,0,
-2640,0,
-2639,0,
-2638,0,
-2637,0,
-2636,0,
-2635,0,
-2634,0,
-2633,0,
-2632,0,
-2631,0,
-2630,0,
-2629,0,
-2628,0,
-2627,0,
-2626,0,
-2625,0,
-2624,0,
-2623,0,
-2622,0,
-2621,0,
-2620,0,
-2619,0,
-2618,0,
-2617,0,
-2616,0,
-2615,0,
-2614,0,
-2613,0,
-2612,0,
-2611,0,
-2610,0,
-2609,0,
-2608,0,
-2607,0,
-2606,0,
-2605,0,
-2604,0,
-2603,0,
-2602,0,
-2601,0,
-2600,0,
-2599,0,
-2598,0,
-2597,0,
-2596,0,
-2595,0,
-2594,0,
-2593,0,
-2592,0,
-2591,0,
-2590,0,
-2589,0,
-2588,0,
-2587,0,
-2586,0,
-2585,0,
-2584,0,
-2583,0,
-2582,0,
-2581,0,
-2580,0,
-2579,0,
-2578,0,
-2577,0,
-2576,0,
-2575,0,
-2574,0,
-2573,0,
-2572,0,
-2571,0,
-2570,0,
-2569,0,
-2568,0,
-2567,0,
-2566,0,
-2565,0,
-2564,0,
-2563,0,
-2562,0,
-2561,0,
-2560,0,
-2559,0,
-2558,0,
-2557,0,
-2556,0,
-2555,0,
-2554,0,
-2553,0,
-2552,0,
-2551,0,
-2550,0,
-2549,0,
-2548,0,
-2547,0,
-2546,0,
-2545,0,
-2544,0,
-2543,0,
-2542,0,
-2541,0,
-2540,0,
-2539,0,
-2538,0,
-2537,0,
-2536,0,
-2535,0,
-2534,0,
-2533,0,
-2532,0,
-2531,0,
-2530,0,
-2529,0,
-2528,0,
-2527,0,
-2526,0,
-2525,0,
-2524,0,
-2523,0,
-2522,0,
-2521,0,
-2520,0,
-2519,0,
-2518,0,
-2517,0,
-2516,0,
-2515,0,
-2514,0,
-2513,0,
-2512,0,
-2511,0,
-2510,0,
-2509,0,
-2508,0,
-2507,0,
-2506,0,
-2505,0,
-2504,0,
-2503,0,
-2502,0,
-2501,0,
-2500,0,
-2499,0,
-2498,0,
-2497,0,
-2496,0,
-2495,0,
-2494,0,
-2493,0,
-2492,0,
-2491,0,
-2490,0,
-2489,0,
-2488,0,
-2487,0,
-2486,0,
-2485,0,
-2484,0,
-2483,0,
-2482,0,
-2481,0,
-2480,0,
-2479,0,
-2478,0,
-2477,0,
-2476,0,
-2475,0,
-2474,0,
-2473,0,
-2472,0,
-2471,0,
-2470,0,
-2469,0,
-2468,0,
-2467,0,
-2466,0,
-2465,0,
-2464,0,
-2463,0,
-2462,0,
-2461,0,
-2460,0,
-2459,0,
-2458,0,
-2457,0,
-2456,0,
-2455,0,
-2454,0,
-2453,0,
-2452,0,
-2451,0,
-2450,0,
-2449,0,
-2448,0,
-2447,0,
-2446,0,
-2445,0,
-2444,0,
-2443,0,
-2442,0,
-2441,0,
-2440,0,
-2439,0,
-2438,0,
-2437,0,
-2436,0,
-2435,0,
-2434,0,
-2433,0,
-2432,0,
-2431,0,
-2430,0,
-2429,0,
-2428,0,
-2427,0,
-2426,0,
-2425,0,
-2424,0,
-2423,0,
-2422,0,
-2421,0,
-2420,0,
-2419,0,
-2418,0,
-2417,0,
-2416,0,
-2415,0,
-2414,0,
-2413,0,
-2412,0,
-2411,0,
-2410,0,
-2409,0,
-2408,0,
-2407,0,
-2406,0,
-2405,0,
-2404,0,
-2403,0,
-2402,0,
-2401,0,
-2400,0,
-2399,0,
-2398,0,
-2397,0,
-2396,0,
-2395,0,
-2394,0,
-2393,0,
-2392,0,
-2391,0,
-2390,0,
-2389,0,
-2388,0,
-2387,0,
-2386,0,
-2385,0,
-2384,0,
-2383,0,
-2382,0,
-2381,0,
-2380,0,
-2379,0,
-2378,0,
-2377,0,
-2376,0,
-2375,0,
-2374,0,
-2373,0,
-2372,0,
-2371,0,
-2370,0,
-2369,0,
-2368,0,
-2367,0,
-2366,0,
-2365,0,
-2364,0,
-2363,0,
-2362,0,
-2361,0,
-2360,0,
-2359,0,
-2358,0,
-2357,0,
-2356,0,
-2355,0,
-2354,0,
-2353,0,
-2352,0,
-2351,0,
-2350,0,
-2349,0,
-2348,0,
-2347,0,
-2346,0,
-2345,0,
-2344,0,
-2343,0,
-2342,0,
-2341,0,
-2340,0,
-2339,0,
-2338,0,
-2337,0,
-2336,0,
-2335,0,
-2334,0,
-2333,0,
-2332,0,
-2331,0,
-2330,0,
-2329,0,
-2328,0,
-2327,0,
-2326,0,
-2325,0,
-2324,0,
-2323,0,
-2322,0,
-2321,0,
-2320,0,
-2319,0,
-2318,0,
-2317,0,
-2316,0,
-2315,0,
-2314,0,
-2313,0,
-2312,0,
-2311,0,
-2310,0,
-2309,0,
-2308,0,
-2307,0,
-2306,0,
-2305,0,
-2304,0,
-2303,0,
-2302,0,
-2301,0,
-2300,0,
-2299,0,
-2298,0,
-2297,0,
-2296,0,
-2295,0,
-2294,0,
-2293,0,
-2292,0,
-2291,0,
-2290,0,
-2289,0,
-2288,0,
-2287,0,
-2286,0,
-2285,0,
-2284,0,
-2283,0,
-2282,0,
-2281,0,
-2280,0,
-2279,0,
-2278,0,
-2277,0,
-2276,0,
-2275,0,
-2274,0,
-2273,0,
-2272,0,
-2271,0,
-2270,0,
-2269,0,
-2268,0,
-2267,0,
-2266,0,
-2265,0,
-2264,0,
-2263,0,
-2262,0,
-2261,0,
-2260,0,
-2259,0,
-2258,0,
-2257,0,
-2256,0,
-2255,0,
-2254,0,
-2253,0,
-2252,0,
-2251,0,
-2250,0,
-2249,0,
-2248,0,
-2247,0,
-2246,0,
-2245,0,
-2244,0,
-2243,0,
-2242,0,
-2241,0,
-2240,0,
-2239,0,
-2238,0,
-2237,0,
-2236,0,
-2235,0,
-2234,0,
-2233,0,
-2232,0,
-2231,0,
-2230,0,
-2229,0,
-2228,0,
-2227,0,
-2226,0,
-2225,0,
-2224,0,
-2223,0,
-2222,0,
-2221,0,
-2220,0,
-2219,0,
-2218,0,
-2217,0,
-2216,0,
-2215,0,
-2214,0,
-2213,0,
-2212,0,
-2211,0,
-2210,0,
-2209,0,
-2208,0,
-2207,0,
-2206,0,
-2205,0,
-2204,0,
-2203,0,
-2202,0,
-2201,0,
-2200,0,
-2199,0,
-2198,0,
-2197,0,
-2196,0,
-2195,0,
-2194,0,
-2193,0,
-2192,0,
-2191,0,
-2190,0,
-2189,0,
-2188,0,
-2187,0,
-2186,0,
-2185,0,
-2184,0,
-2183,0,
-2182,0,
-2181,0,
-2180,0,
-2179,0,
-2178,0,
-2177,0,
-2176,0,
-2175,0,
-2174,0,
-2173,0,
-2172,0,
-2171,0,
-2170,0,
-2169,0,
-2168,0,
-2167,0,
-2166,0,
-2165,0,
-2164,0,
-2163,0,
-2162,0,
-2161,0,
-2160,0,
-2159,0,
-2158,0,
-2157,0,
-2156,0,
-2155,0,
-2154,0,
-2153,0,
-2152,0,
-2151,0,
-2150,0,
-2149,0,
-2148,0,
-2147,0,
-2146,0,
-2145,0,
-2144,0,
-2143,0,
-2142,0,
-2141,0,
-2140,0,
-2139,0,
-2138,0,
-2137,0,
-2136,0,
-2135,0,
-2134,0,
-2133,0,
-2132,0,
-2131,0,
-2130,0,
-2129,0,
-2128,0,
-2127,0,
-2126,0,
-2125,0,
-2124,0,
-2123,0,
-2122,0,
-2121,0,
-2120,0,
-2119,0,
-2118,0,
-2117,0,
-2116,0,
-2115,0,
-2114,0,
-2113,0,
-2112,0,
-2111,0,
-2110,0,
-2109,0,
-2108,0,
-2107,0,
-2106,0,
-2105,0,
-2104,0,
-2103,0,
-2102,0,
-2101,0,
-2100,0,
-2099,0,
-2098,0,
-2097,0,
-2096,0,
-2095,0,
-2094,0,
-2093,0,
-2092,0,
-2091,0,
-2090,0,
-2089,0,
-2088,0,
-2087,0,
-2086,0,
-2085,0,
-2084,0,
-2083,0,
-2082,0,
-2081,0,
-2080,0,
-2079,0,
-2078,0,
-2077,0,
-2076,0,
-2075,0,
-2074,0,
-2073,0,
-2072,0,
-2071,0,
-2070,0,
-2069,0,
-2068,0,
-2067,0,
-2066,0,
-2065,0,
-2064,0,
-2063,0,
-2062,0,
-2061,0,
-2060,0,
-2059,0,
-2058,0,
-2057,0,
-2056,0,
-2055,0,
-2054,0,
-2053,0,
-2052,0,
-2051,0,
-2050,0,
-2049,0,
-2048,0,
-2047,0,
-2046,0,
-2045,0,
-2044,0,
-2043,0,
-2042,0,
-2041,0,
-2040,0,
-2039,0,
-2038,0,
-2037,0,
-2036,0,
-2035,0,
-2034,0,
-2033,0,
-2032,0,
-2031,0,
-2030,0,
-2029,0,
-2028,0,
-2027,0,
-2026,0,
-2025,0,
-2024,0,
-2023,0,
-2022,0,
-2021,0,
-2020,0,
-2019,0,
-2018,0,
-2017,0,
-2016,0,
-2015,0,
-2014,0,
-2013,0,
-2012,0,
-2011,0,
-2010,0,
-2009,0,
-2008,0,
-2007,0,
-2006,0,
-2005,0,
-2004,0,
-2003,0,
-2002,0,
-2001,0,
-2000,0,
-1999,0,
-1998,0,
-1997,0,
-1996,0,
-1995,0,
-1994,0,
-1993,0,
-1992,0,
-1991,0,
-1990,0,
-1989,0,
-1988,0,
-1987,0,
-1986,0,
-1985,0,
-1984,0,
-1983,0,
-1982,0,
-1981,0,
-1980,0,
-1979,0,
-1978,0,
-1977,0,
-1976,0,
-1975,0,
-1974,0,
-1973,0,
-1972,0,
-1971,0,
-1970,0,
-1969,0,
-1968,0,
-1967,0,
-1966,0,
-1965,0,
-1964,0,
-1963,0,
-1962,0,
-1961,0,
-1960,0,
-1959,0,
-1958,0,
-1957,0,
-1956,0,
-1955,0,
-1954,0,
-1953,0,
-1952,0,
-1951,0,
-1950,0,
-1949,0,
-1948,0,
-1947,0,
-1946,0,
-1945,0,
-1944,0,
-1943,0,
-1942,0,
-1941,0,
-1940,0,
-1939,0,
-1938,0,
-1937,0,
-1936,0,
-1935,0,
-1934,0,
-1933,0,
-1932,0,
-1931,0,
-1930,0,
-1929,0,
-1928,0,
-1927,0,
-1926,0,
-1925,0,
-1924,0,
-1923,0,
-1922,0,
-1921,0,
-1920,0,
-1919,0,
-1918,0,
-1917,0,
-1916,0,
-1915,0,
-1914,0,
-1913,0,
-1912,0,
-1911,0,
-1910,0,
-1909,0,
-1908,0,
-1907,0,
-1906,0,
-1905,0,
-1904,0,
-1903,0,
-1902,0,
-1901,0,
-1900,0,
-1899,0,
-1898,0,
-1897,0,
-1896,0,
-1895,0,
-1894,0,
-1893,0,
-1892,0,
-1891,0,
-1890,0,
-1889,0,
-1888,0,
-1887,0,
-1886,0,
-1885,0,
-1884,0,
-1883,0,
-1882,0,
-1881,0,
-1880,0,
-1879,0,
-1878,0,
-1877,0,
-1876,0,
-1875,0,
-1874,0,
-1873,0,
-1872,0,
-1871,0,
-1870,0,
-1869,0,
-1868,0,
-1867,0,
-1866,0,
-1865,0,
-1864,0,
-1863,0,
-1862,0,
-1861,0,
-1860,0,
-1859,0,
-1858,0,
-1857,0,
-1856,0,
-1855,0,
-1854,0,
-1853,0,
-1852,0,
-1851,0,
-1850,0,
-1849,0,
-1848,0,
-1847,0,
-1846,0,
-1845,0,
-1844,0,
-1843,0,
-1842,0,
-1841,0,
-1840,0,
-1839,0,
-1838,0,
-1837,0,
-1836,0,
-1835,0,
-1834,0,
-1833,0,
-1832,0,
-1831,0,
-1830,0,
-1829,0,
-1828,0,
-1827,0,
-1826,0,
-1825,0,
-1824,0,
-1823,0,
-1822,0,
-1821,0,
-1820,0,
-1819,0,
-1818,0,
-1817,0,
-1816,0,
-1815,0,
-1814,0,
-1813,0,
-1812,0,
-1811,0,
-1810,0,
-1809,0,
-1808,0,
-1807,0,
-1806,0,
-1805,0,
-1804,0,
-1803,0,
-1802,0,
-1801,0,
-1800,0,
-1799,0,
-1798,0,
-1797,0,
-1796,0,
-1795,0,
-1794,0,
-1793,0,
-1792,0,
-1791,0,
-1790,0,
-1789,0,
-1788,0,
-1787,0,
-1786,0,
-1785,0,
-1784,0,
-1783,0,
-1782,0,
-1781,0,
-1780,0,
-1779,0,
-1778,0,
-1777,0,
-1776,0,
-1775,0,
-1774,0,
-1773,0,
-1772,0,
-1771,0,
-1770,0,
-1769,0,
-1768,0,
-1767,0,
-1766,0,
-1765,0,
-1764,0,
-1763,0,
-1762,0,
-1761,0,
-1760,0,
-1759,0,
-1758,0,
-1757,0,
-1756,0,
-1755,0,
-1754,0,
-1753,0,
-1752,0,
-1751,0,
-1750,0,
-1749,0,
-1748,0,
-1747,0,
-1746,0,
-1745,0,
-1744,0,
-1743,0,
-1742,0,
-1741,0,
-1740,0,
-1739,0,
-1738,0,
-1737,0,
-1736,0,
-1735,0,
-1734,0,
-1733,0,
-1732,0,
-1731,0,
-1730,0,
-1729,0,
-1728,0,
-1727,0,
-1726,0,
-1725,0,
-1724,0,
-1723,0,
-1722,0,
-1721,0,
-1720,0,
-1719,0,
-1718,0,
-1717,0,
-1716,0,
-1715,0,
-1714,0,
-1713,0,
-1712,0,
-1711,0,
-1710,0,
-1709,0,
-1708,0,
-1707,0,
-1706,0,
-1705,0,
-1704,0,
-1703,0,
-1702,0,
-1701,0,
-1700,0,
-1699,0,
-1698,0,
-1697,0,
-1696,0,
-1695,0,
-1694,0,
-1693,0,
-1692,0,
-1691,0,
-1690,0,
-1689,0,
-1688,0,
-1687,0,
-1686,0,
-1685,0,
-1684,0,
-1683,0,
-1682,0,
-1681,0,
-1680,0,
-1679,0,
-1678,0,
-1677,0,
-1676,0,
-1675,0,
-1674,0,
-1673,0,
-1672,0,
-1671,0,
-1670,0,
-1669,0,
-1668,0,
-1667,0,
-1666,0,
-1665,0,
-1664,0,
-1663,0,
-1662,0,
-1661,0,
-1660,0,
-1659,0,
-1658,0,
-1657,0,
-1656,0,
-1655,0,
-1654,0,
-1653,0,
-1652,0,
-1651,0,
-1650,0,
-1649,0,
-1648,0,
-1647,0,
-1646,0,
-1645,0,
-1644,0,
-1643,0,
-1642,0,
-1641,0,
-1640,0,
-1639,0,
-1638,0,
-1637,0,
-1636,0,
-1635,0,
-1634,0,
-1633,0,
-1632,0,
-1631,0,
-1630,0,
-1629,0,
-1628,0,
-1627,0,
-1626,0,
-1625,0,
-1624,0,
-1623,0,
-1622,0,
-1621,0,
-1620,0,
-1619,0,
-1618,0,
-1617,0,
-1616,0,
-1615,0,
-1614,0,
-1613,0,
-1612,0,
-1611,0,
-1610,0,
-1609,0,
-1608,0,
-1607,0,
-1606,0,
-1605,0,
-1604,0,
-1603,0,
-1602,0,
-1601,0,
-1600,0,
-1599,0,
-1598,0,
-1597,0,
-1596,0,
-1595,0,
-1594,0,
-1593,0,
-1592,0,
-1591,0,
-1590,0,
-1589,0,
-1588,0,
-1587,0,
-1586,0,
-1585,0,
-1584,0,
-1583,0,
-1582,0,
-1581,0,
-1580,0,
-1579,0,
-1578,0,
-1577,0,
-1576,0,
-1575,0,
-1574,0,
-1573,0,
-1572,0,
-1571,0,
-1570,0,
-1569,0,
-1568,0,
-1567,0,
-1566,0,
-1565,0,
-1564,0,
-1563,0,
-1562,0,
-1561,0,
-1560,0,
-1559,0,
-1558,0,
-1557,0,
-1556,0,
-1555,0,
-1554,0,
-1553,0,
-1552,0,
-1551,0,
-1550,0,
-1549,0,
-1548,0,
-1547,0,
-1546,0,
-1545,0,
-1544,0,
-1543,0,
-1542,0,
-1541,0,
-1540,0,
-1539,0,
-1538,0,
-1537,0,
-1536,0,
-1535,0,
-1534,0,
-1533,0,
-1532,0,
-1531,0,
-1530,0,
-1529,0,
-1528,0,
-1527,0,
-1526,0,
-1525,0,
-1524,0,
-1523,0,
-1522,0,
-1521,0,
-1520,0,
-1519,0,
-1518,0,
-1517,0,
-1516,0,
-1515,0,
-1514,0,
-1513,0,
-1512,0,
-1511,0,
-1510,0,
-1509,0,
-1508,0,
-1507,0,
-1506,0,
-1505,0,
-1504,0,
-1503,0,
-1502,0,
-1501,0,
-1500,0,
-1499,0,
-1498,0,
-1497,0,
-1496,0,
-1495,0,
-1494,0,
-1493,0,
-1492,0,
-1491,0,
-1490,0,
-1489,0,
-1488,0,
-1487,0,
-1486,0,
-1485,0,
-1484,0,
-1483,0,
-1482,0,
-1481,0,
-1480,0,
-1479,0,
-1478,0,
-1477,0,
-1476,0,
-1475,0,
-1474,0,
-1473,0,
-1472,0,
-1471,0,
-1470,0,
-1469,0,
-1468,0,
-1467,0,
-1466,0,
-1465,0,
-1464,0,
-1463,0,
-1462,1,
-1461,0,
-1460,0,
-1459,0,
-1458,0,
-1457,0,
-1456,0,
-1455,0,
-1454,0,
-1453,0,
-1452,0,
-1451,0,
-1450,0,
-1449,0,
-1448,0,
-1447,0,
-1446,0,
-1445,0,
-1444,0,
-1443,0,
-1442,0,
-1441,0,
-1440,0,
-1439,0,
-1438,0,
-1437,0,
-1436,0,
-1435,0,
-1434,0,
-1433,0,
-1432,0,
-1431,0,
-1430,0,
-1429,0,
-1428,0,
-1427,0,
-1426,0,
-1425,0,
-1424,0,
-1423,1,
-1422,0,
-1421,0,
-1420,0,
-1419,0,
-1418,0,
-1417,0,
-1416,0,
-1415,0,
-1414,0,
-1413,0,
-1412,0,
-1411,0,
-1410,0,
-1409,0,
-1408,0,
-1407,0,
-1406,0,
-1405,0,
-1404,0,
-1403,0,
-1402,0,
-1401,0,
-1400,0,
-1399,0,
-1398,0,
-1397,0,
-1396,1,
-1395,0,
-1394,0,
-1393,0,
-1392,0,
-1391,0,
-1390,0,
-1389,0,
-1388,0,
-1387,0,
-1386,0,
-1385,0,
-1384,0,
-1383,0,
-1382,0,
-1381,0,
-1380,0,
-1379,0,
-1378,0,
-1377,0,
-1376,0,
-1375,0,
-1374,1,
-1373,0,
-1372,0,
-1371,0,
-1370,0,
-1369,0,
-1368,0,
-1367,0,
-1366,0,
-1365,0,
-1364,0,
-1363,0,
-1362,0,
-1361,0,
-1360,0,
-1359,0,
-1358,0,
-1357,2,
-1356,0,
-1355,0,
-1354,1,
-1353,0,
-1352,0,
-1351,0,
-1350,0,
-1349,0,
-1348,0,
-1347,0,
-1346,0,
-1345,1,
-1344,0,
-1343,0,
-1342,0,
-1341,0,
-1340,0,
-1339,0,
-1338,1,
-1337,0,
-1336,0,
-1335,0,
-1334,0,
-1333,0,
-1332,0,
-1331,0,
-1330,0,
-1329,0,
-1328,0,
-1327,0,
-1326,1,
-1325,0,
-1324,0,
-1323,0,
-1322,0,
-1321,1,
-1320,0,
-1319,1,
-1318,0,
-1317,0,
-1316,0,
-1315,1,
-1314,0,
-1313,0,
-1312,0,
-1311,0,
-1310,0,
-1309,0,
-1308,0,
-1307,1,
-1306,1,
-1305,0,
-1304,1,
-1303,0,
-1302,1,
-1301,1,
-1300,1,
-1299,0,
-1298,0,
-1297,0,
-1296,1,
-1295,1,
-1294,2,
-1293,2,
-1292,0,
-1291,5,
-1290,1,
-1289,0,
-1288,1,
-1287,0,
-1286,2,
-1285,2,
-1284,1,
-1283,0,
-1282,2,
-1281,1,
-1280,0,
-1279,1,
-1278,1,
-1277,1,
-1276,1,
-1275,2,
-1274,1,
-1273,1,
-1272,0,
-1271,2,
-1270,2,
-1269,2,
-1268,2,
-1267,3,
-1266,3,
-1265,2,
-1264,1,
-1263,2,
-1262,0,
-1261,2,
-1260,2,
-1259,1,
-1258,3,
-1257,0,
-1256,5,
-1255,3,
-1254,2,
-1253,3,
-1252,2,
-1251,4,
-1250,2,
-1249,2,
-1248,3,
-1247,3,
-1246,4,
-1245,1,
-1244,2,
-1243,1,
-1242,5,
-1241,8,
-1240,5,
-1239,5,
-1238,4,
-1237,5,
-1236,2,
-1235,3,
-1234,6,
-1233,8,
-1232,4,
-1231,7,
-1230,6,
-1229,6,
-1228,6,
-1227,3,
-1226,4,
-1225,8,
-1224,6,
-1223,3,
-1222,4,
-1221,5,
-1220,3,
-1219,8,
-1218,6,
-1217,3,
-1216,10,
-1215,4,
-1214,6,
-1213,6,
-1212,8,
-1211,10,
-1210,8,
-1209,12,
-1208,7,
-1207,6,
-1206,13,
-1205,7,
-1204,16,
-1203,5,
-1202,7,
-1201,11,
-1200,11,
-1199,21,
-1198,9,
-1197,15,
-1196,9,
-1195,13,
-1194,17,
-1193,12,
-1192,19,
-1191,17,
-1190,12,
-1189,13,
-1188,15,
-1187,16,
-1186,16,
-1185,18,
-1184,11,
-1183,14,
-1182,15,
-1181,17,
-1180,15,
-1179,18,
-1178,23,
-1177,16,
-1176,18,
-1175,31,
-1174,19,
-1173,19,
-1172,19,
-1171,20,
-1170,18,
-1169,27,
-1168,28,
-1167,28,
-1166,31,
-1165,22,
-1164,25,
-1163,26,
-1162,41,
-1161,35,
-1160,30,
-1159,30,
-1158,27,
-1157,41,
-1156,42,
-1155,45,
-1154,32,
-1153,46,
-1152,48,
-1151,41,
-1150,41,
-1149,38,
-1148,36,
-1147,48,
-1146,55,
-1145,43,
-1144,52,
-1143,46,
-1142,52,
-1141,43,
-1140,55,
-1139,54,
-1138,51,
-1137,56,
-1136,62,
-1135,68,
-1134,56,
-1133,63,
-1132,67,
-1131,79,
-1130,75,
-1129,69,
-1128,67,
-1127,85,
-1126,79,
-1125,67,
-1124,88,
-1123,75,
-1122,79,
-1121,98,
-1120,73,
-1119,76,
-1118,81,
-1117,102,
-1116,92,
-1115,95,
-1114,108,
-1113,124,
-1112,87,
-1111,107,
-1110,122,
-1109,110,
-1108,123,
-1107,109,
-1106,113,
-1105,123,
-1104,132,
-1103,133,
-1102,128,
-1101,123,
-1100,152,
-1099,142,
-1098,139,
-1097,159,
-1096,171,
-1095,166,
-1094,151,
-1093,164,
-1092,181,
-1091,154,
-1090,180,
-1089,191,
-1088,189,
-1087,194,
-1086,201,
-1085,206,
-1084,189,
-1083,214,
-1082,229,
-1081,229,
-1080,251,
-1079,238,
-1078,247,
-1077,244,
-1076,266,
-1075,253,
-1074,301,
-1073,325,
-1072,244,
-1071,279,
-1070,307,
-1069,306,
-1068,307,
-1067,304,
-1066,314,
-1065,319,
-1064,349,
-1063,348,
-1062,339,
-1061,351,
-1060,405,
-1059,386,
-1058,411,
-1057,412,
-1056,410,
-1055,433,
-1054,456,
-1053,454,
-1052,463,
-1051,461,
-1050,506,
-1049,507,
-1048,532,
-1047,522,
-1046,568,
-1045,583,
-1044,514,
-1043,553,
-1042,592,
-1041,589,
-1040,647,
-1039,606,
-1038,658,
-1037,675,
-1036,708,
-1035,692,
-1034,675,
-1033,722,
-1032,728,
-1031,758,
-1030,755,
-1029,809,
-1028,819,
-1027,777,
-1026,806,
-1025,866,
-1024,911,
-1023,846,
-1022,946,
-1021,926,
-1020,975,
-1019,997,
-1018,1005,
-1017,1008,
-1016,1076,
-1015,1065,
-1014,1081,
-1013,1156,
-1012,1199,
-1011,1235,
-1010,1189,
-1009,1265,
-1008,1291,
-1007,1374,
-1006,1360,
-1005,1359,
-1004,1488,
-1003,1423,
-1002,1515,
-1001,1540,
-1000,1554,
-999,1554,
-998,1557,
-997,1719,
-996,1709,
-995,1732,
-994,1836,
-993,1796,
-992,1917,
-991,1928,
-990,1953,
-989,1958,
-988,2027,
-987,2039,
-986,2213,
-985,2118,
-984,2193,
-983,2276,
-982,2287,
-981,2330,
-980,2530,
-979,2521,
-978,2412,
-977,2574,
-976,2656,
-975,2733,
-974,2817,
-973,2806,
-972,2915,
-971,3000,
-970,3027,
-969,3111,
-968,3174,
-967,3153,
-966,3180,
-965,3415,
-964,3515,
-963,3520,
-962,3510,
-961,3716,
-960,3735,
-959,3964,
-958,3984,
-957,4030,
-956,4046,
-955,4329,
-954,4269,
-953,4495,
-952,4546,
-951,4556,
-950,4768,
-949,4701,
-948,4941,
-947,4979,
-946,5090,
-945,5119,
-944,5412,
-943,5316,
-942,5552,
-941,5651,
-940,5763,
-939,5940,
-938,6133,
-937,6274,
-936,6302,
-935,6500,
-934,6690,
-933,6752,
-932,6808,
-931,6998,
-930,7112,
-929,7236,
-928,7487,
-927,7573,
-926,8065,
-925,7851,
-924,8212,
-923,8415,
-922,8505,
-921,8510,
-920,8964,
-919,9145,
-918,9452,
-917,9466,
-916,9565,
-915,9889,
-914,9998,
-913,10188,
-912,10503,
-911,10818,
-910,10860,
-909,11115,
-908,11446,
-907,11598,
-906,11878,
-905,12148,
-904,12406,
-903,12303,
-902,12833,
-901,13271,
-900,13351,
-899,13365,
-898,13998,
-897,14325,
-896,14427,
-895,14861,
-894,15320,
-893,15428,
-892,16040,
-891,16091,
-890,16192,
-889,16798,
-888,17114,
-887,17369,
-886,17822,
-885,17968,
-884,18541,
-883,18971,
-882,19553,
-881,19441,
-880,20012,
-879,20627,
-878,20918,
-877,21305,
-876,21573,
-875,22454,
-874,22540,
-873,23009,
-872,23674,
-871,23708,
-870,24556,
-869,25197,
-868,25649,
-867,25967,
-866,26439,
-865,26724,
-864,27595,
-863,27996,
-862,28561,
-861,29433,
-860,29712,
-859,30519,
-858,30950,
-857,31695,
-856,32003,
-855,32654,
-854,33488,
-853,34071,
-852,34639,
-851,35242,
-850,36205,
-849,37033,
-848,37514,
-847,38314,
-846,39175,
-845,39855,
-844,40247,
-843,41808,
-842,42187,
-841,43125,
-840,43741,
-839,45177,
-838,45172,
-837,46574,
-836,47100,
-835,47617,
-834,49138,
-833,49932,
-832,50764,
-831,52130,
-830,52491,
-829,53802,
-828,54697,
-827,56075,
-826,56842,
-825,58101,
-824,58950,
-823,60042,
-822,62024,
-821,62975,
-820,63259,
-819,64922,
-818,66118,
-817,67477,
-816,68352,
-815,70176,
-814,71907,
-813,73043,
-812,73987,
-811,75044,
-810,76742,
-809,78338,
-808,79916,
-807,81427,
-806,82302,
-805,83714,
-804,85569,
-803,87503,
-802,88432,
-801,90849,
-800,92422,
-799,93526,
-798,95577,
-797,97238,
-796,98683,
-795,100966,
-794,102756,
-793,104486,
-792,106523,
-791,108752,
-790,110630,
-789,112342,
-788,113912,
-787,116719,
-786,118236,
-785,120221,
-784,122889,
-783,124212,
-782,127243,
-781,129561,
-780,131518,
-779,134144,
-778,136122,
-777,139326,
-776,141123,
-775,144089,
-774,146617,
-773,149291,
-772,152165,
-771,154051,
-770,156927,
-769,159897,
-768,162727,
-767,164854,
-766,168105,
-765,170963,
-764,174808,
-763,177438,
-762,180912,
-761,184566,
-760,187569,
-759,190344,
-758,194361,
-757,197580,
-756,200719,
-755,203739,
-754,207002,
-753,210438,
-752,213972,
-751,217814,
-750,222097,
-749,225649,
-748,229635,
-747,233897,
-746,237260,
-745,240586,
-744,245436,
-743,249929,
-742,253708,
-741,258353,
-740,263609,
-739,266713,
-738,272463,
-737,275833,
-736,281377,
-735,284912,
-734,290380,
-733,295540,
-732,300378,
-731,305250,
-730,310529,
-729,314263,
-728,321169,
-727,325884,
-726,331529,
-725,337724,
-724,341838,
-723,348073,
-722,353881,
-721,359280,
-720,366325,
-719,372613,
-718,377610,
-717,384844,
-716,390441,
-715,398348,
-714,401845,
-713,409804,
-712,417158,
-711,423949,
-710,430518,
-709,437068,
-708,445232,
-707,453304,
-706,457446,
-705,466313,
-704,473741,
-703,481801,
-702,489187,
-701,495398,
-700,505635,
-699,513217,
-698,520841,
-697,528129,
-696,537474,
-695,546903,
-694,553832,
-693,564537,
-692,572108,
-691,581399,
-690,590236,
-689,599416,
-688,608890,
-687,619435,
-686,629065,
-685,638165,
-684,649421,
-683,658133,
-682,668827,
-681,679655,
-680,690304,
-679,701181,
-678,712009,
-677,723169,
-676,732087,
-675,743096,
-674,755116,
-673,770728,
-672,779824,
-671,791731,
-670,804678,
-669,817296,
-668,829340,
-667,841616,
-666,855263,
-665,867199,
-664,881158,
-663,894873,
-662,906414,
-661,923143,
-660,935138,
-659,948119,
-658,963892,
-657,977552,
-656,994812,
-655,1007760,
-654,1022413,
-653,1039056,
-652,1054194,
-651,1067938,
-650,1086009,
-649,1100114,
-648,1117044,
-647,1131407,
-646,1149676,
-645,1169101,
-644,1186008,
-643,1203438,
-642,1219896,
-641,1238328,
-640,1256537,
-639,1275542,
-638,1292631,
-637,1311522,
-636,1330177,
-635,1350241,
-634,1369707,
-633,1387945,
-632,1408326,
-631,1430070,
-630,1450765,
-629,1470857,
-628,1493124,
-627,1512907,
-626,1534172,
-625,1556502,
-624,1578969,
-623,1602325,
-622,1624158,
-621,1648217,
-620,1672456,
-619,1695041,
-618,1718087,
-617,1742647,
-616,1767862,
-615,1792236,
-614,1816106,
-613,1841729,
-612,1869830,
-611,1892300,
-610,1921312,
-609,1945628,
-608,1975139,
-607,2003642,
-606,2031421,
-605,2057752,
-604,2084749,
-603,2116875,
-602,2142906,
-601,2173017,
-600,2201782,
-599,2231547,
-598,2264452,
-597,2291902,
-596,2323222,
-595,2358179,
-594,2389617,
-593,2420387,
-592,2456665,
-591,2490122,
-590,2519591,
-589,2554605,
-588,2591050,
-587,2624596,
-586,2663556,
-585,2695012,
-584,2733464,
-583,2766968,
-582,2802088,
-581,2842296,
-580,2877473,
-579,2921561,
-578,2957151,
-577,2993036,
-576,3036864,
-575,3073095,
-574,3113315,
-573,3152638,
-572,3199236,
-571,3235456,
-570,3280565,
-569,3325513,
-568,3367146,
-567,3411013,
-566,3457612,
-565,3500024,
-564,3547445,
-563,3586131,
-562,3639704,
-561,3681191,
-560,3727476,
-559,3776713,
-558,3826359,
-557,3875517,
-556,3921639,
-555,3975231,
-554,4018890,
-553,4069018,
-552,4123637,
-551,4178071,
-550,4230633,
-549,4282394,
-548,4336446,
-547,4390037,
-546,4445673,
-545,4499145,
-544,4556057,
-543,4616535,
-542,4670975,
-541,4727348,
-540,4782326,
-539,4845426,
-538,4899113,
-537,4966237,
-536,5021316,
-535,5092394,
-534,5150247,
-533,5208477,
-532,5274199,
-531,5338818,
-530,5403774,
-529,5466589,
-528,5530468,
-527,5602459,
-526,5666920,
-525,5735796,
-524,5806159,
-523,5873152,
-522,5943379,
-521,6015791,
-520,6085836,
-519,6156785,
-518,6233499,
-517,6307379,
-516,6377065,
-515,6451117,
-514,6531121,
-513,6605644,
-512,6683293,
-511,6759650,
-510,6839617,
-509,6916019,
-508,6998225,
-507,7082836,
-506,7159139,
-505,7245664,
-504,7328421,
-503,7413705,
-502,7497774,
-501,7588232,
-500,7665096,
-499,7755814,
-498,7846566,
-497,7933146,
-496,8028121,
-495,8113427,
-494,8207732,
-493,8299090,
-492,8392818,
-491,8486004,
-490,8581056,
-489,8678829,
-488,8772521,
-487,8876163,
-486,8967556,
-485,9068441,
-484,9164509,
-483,9272904,
-482,9371120,
-481,9472496,
-480,9577482,
-479,9685184,
-478,9790119,
-477,9897963,
-476,9996821,
-475,10113274,
-474,10226028,
-473,10331093,
-472,10446101,
-471,10550038,
-470,10667739,
-469,10779105,
-468,10899260,
-467,11009213,
-466,11127977,
-465,11245920,
-464,11360339,
-463,11493448,
-462,11612631,
-461,11731013,
-460,11854598,
-459,11976863,
-458,12099400,
-457,12232556,
-456,12358901,
-455,12488693,
-454,12610480,
-453,12740263,
-452,12874354,
-451,13006986,
-450,13141974,
-449,13276787,
-448,13410359,
-447,13551952,
-446,13684480,
-445,13826044,
-444,13975534,
-443,14102456,
-442,14249038,
-441,14394299,
-440,14532291,
-439,14686029,
-438,14831221,
-437,14975527,
-436,15124833,
-435,15273619,
-434,15432653,
-433,15582495,
-432,15737936,
-431,15890810,
-430,16039961,
-429,16195885,
-428,16359564,
-427,16518980,
-426,16688163,
-425,16839558,
-424,17006733,
-423,17167832,
-422,17339994,
-421,17502988,
-420,17672989,
-419,17840721,
-418,18007192,
-417,18174285,
-416,18345868,
-415,18525766,
-414,18703664,
-413,18875620,
-412,19053575,
-411,19233364,
-410,19409517,
-409,19592461,
-408,19772622,
-407,19959176,
-406,20145320,
-405,20327214,
-404,20511994,
-403,20706319,
-402,20889985,
-401,21078243,
-400,21277433,
-399,21467588,
-398,21661502,
-397,21862711,
-396,22062416,
-395,22261653,
-394,22459407,
-393,22667920,
-392,22863962,
-391,23061144,
-390,23268080,
-389,23469971,
-388,23681299,
-387,23900311,
-386,24096148,
-385,24311407,
-384,24536852,
-383,24749032,
-382,24949724,
-381,25179920,
-380,25396553,
-379,25614147,
-378,25837417,
-377,26044408,
-376,26282719,
-375,26509149,
-374,26731064,
-373,26952133,
-372,27184771,
-371,27414799,
-370,27647922,
-369,27881492,
-368,28114270,
-367,28345427,
-366,28590310,
-365,28814514,
-364,29065694,
-363,29309581,
-362,29544391,
-361,29787124,
-360,30036573,
-359,30290132,
-358,30531148,
-357,30777612,
-356,31020002,
-355,31288754,
-354,31532007,
-353,31786687,
-352,32036152,
-351,32294587,
-350,32561568,
-349,32806114,
-348,33076012,
-347,33327798,
-346,33595048,
-345,33862436,
-344,34130168,
-343,34392823,
-342,34666949,
-341,34932164,
-340,35196790,
-339,35469975,
-338,35753820,
-337,36025896,
-336,36290617,
-335,36578428,
-334,36850131,
-333,37140535,
-332,37404899,
-331,37695454,
-330,37980945,
-329,38264548,
-328,38543357,
-327,38835964,
-326,39128793,
-325,39412619,
-324,39710128,
-323,40005460,
-322,40296161,
-321,40580870,
-320,40883462,
-319,41195487,
-318,41467327,
-317,41776723,
-316,42085400,
-315,42383359,
-314,42689819,
-313,42983527,
-312,43293664,
-311,43598725,
-310,43908947,
-309,44223784,
-308,44536507,
-307,44842431,
-306,45157743,
-305,45471396,
-304,45782674,
-303,46103641,
-302,46420445,
-301,46735387,
-300,47057802,
-299,47370112,
-298,47700867,
-297,48024414,
-296,48345253,
-295,48673198,
-294,49003571,
-293,49311022,
-292,49644835,
-291,49978606,
-290,50302268,
-289,50646634,
-288,50970312,
-287,51307499,
-286,51645152,
-285,51985828,
-284,52309596,
-283,52660285,
-282,52982872,
-281,53336198,
-280,53663297,
-279,54001839,
-278,54343659,
-277,54696698,
-276,55037604,
-275,55373949,
-274,55719679,
-273,56084105,
-272,56430886,
-271,56773489,
-270,57102135,
-269,57486171,
-268,57823612,
-267,58180865,
-266,58518339,
-265,58871774,
-264,59252036,
-263,59592512,
-262,59942472,
-261,60312657,
-260,60661722,
-259,61028309,
-258,61382349,
-257,61734273,
-256,62102762,
-255,62443458,
-254,62822858,
-253,63197033,
-252,63542071,
-251,63910296,
-250,64258105,
-249,64641681,
-248,65011288,
-247,65373721,
-246,65723886,
-245,66098632,
-244,66465991,
-243,66834840,
-242,67209474,
-241,67577832,
-240,67941933,
-239,68324938,
-238,68672690,
-237,69057385,
-236,69431608,
-235,69779796,
-234,70162759,
-233,70548145,
-232,70921758,
-231,71269226,
-230,71660888,
-229,72030546,
-228,72397239,
-227,72783080,
-226,73171102,
-225,73537168,
-224,73912352,
-223,74274502,
-222,74644775,
-221,75042246,
-220,75423809,
-219,75782211,
-218,76170520,
-217,76542250,
-216,76922454,
-215,77281928,
-214,77692200,
-213,78053164,
-212,78452042,
-211,78814796,
-210,79176771,
-209,79562889,
-208,79927709,
-207,80317414,
-206,80687221,
-205,81059658,
-204,81450288,
-203,81833345,
-202,82195444,
-201,82572561,
-200,82943854,
-199,83329099,
-198,83710826,
-197,84075715,
-196,84464877,
-195,84815597,
-194,85202349,
-193,85575979,
-192,85947625,
-191,86330595,
-190,86693163,
-189,87066177,
-188,87446096,
-187,87826874,
-186,88187306,
-185,88575017,
-184,88925593,
-183,89316372,
-182,89667828,
-181,90054033,
-180,90421565,
-179,90803379,
-178,91154037,
-177,91522384,
-176,91880372,
-175,92240457,
-174,92620710,
-173,92968662,
-172,93339967,
-171,93713789,
-170,94076607,
-169,94446196,
-168,94791550,
-167,95169861,
-166,95521101,
-165,95866983,
-164,96245309,
-163,96578942,
-162,96932745,
-161,97301036,
-160,97651928,
-159,98006665,
-158,98363165,
-157,98718533,
-156,99097897,
-155,99421950,
-154,99771880,
-153,100120532,
-152,100459524,
-151,100784482,
-150,101129734,
-149,101498907,
-148,101845535,
-147,102169536,
-146,102511528,
-145,102856529,
-144,103197304,
-143,103535198,
-142,103893351,
-141,104189984,
-140,104530148,
-139,104875098,
-138,105192389,
-137,105527445,
-136,105842434,
-135,106172589,
-134,106502009,
-133,106818632,
-132,107133980,
-131,107462149,
-130,107788136,
-129,108108277,
-128,108407053,
-127,108739333,
-126,109047980,
-125,109346303,
-124,109670541,
-123,109980108,
-122,110270312,
-121,110579391,
-120,110877615,
-119,111182676,
-118,111485391,
-117,111799695,
-116,112081074,
-115,112369193,
-114,112653066,
-113,112955059,
-112,113238295,
-111,113530042,
-110,113809934,
-109,114103463,
-108,114384341,
-107,114660761,
-106,114931137,
-105,115190168,
-104,115484888,
-103,115747767,
-102,116032558,
-101,116284479,
-100,116540772,
-99,116826341,
-98,117081221,
-97,117358905,
-96,117598753,
-95,117874609,
-94,118092746,
-93,118354950,
-92,118593024,
-91,118847388,
-90,119076631,
-89,119343808,
-88,119575907,
-87,119819602,
-86,120033865,
-85,120299969,
-84,120495139,
-83,120741137,
-82,120962776,
-81,121193539,
-80,121404479,
-79,121629252,
-78,121839216,
-77,122071095,
-76,122282501,
-75,122484994,
-74,122704299,
-73,122908335,
-72,123079802,
-71,123296510,
-70,123488788,
-69,123689716,
-68,123880779,
-67,124053694,
-66,124273962,
-65,124447862,
-64,124611076,
-63,124793661,
-62,124994549,
-61,125131363,
-60,125299568,
-59,125503826,
-58,125662453,
-57,125820575,
-56,126001909,
-55,126143068,
-54,126311343,
-53,126453057,
-52,126610949,
-51,126744719,
-50,126905131,
-49,127021717,
-48,127189576,
-47,127329452,
-46,127433654,
-45,127576770,
-44,127704540,
-43,127839686,
-42,127964341,
-41,128119371,
-40,128205473,
-39,128317006,
-38,128413649,
-37,128536365,
-36,128658294,
-35,128753063,
-34,128859000,
-33,128963643,
-32,129032669,
-31,129138151,
-30,129216887,
-29,129320097,
-28,129396973,
-27,129469040,
-26,129540838,
-25,129643022,
-24,129710053,
-23,129773180,
-22,129837719,
-21,129877053,
-20,129950320,
-19,129990279,
-18,130055599,
-17,130105870,
-16,130177982,
-15,130203576,
-14,130279806,
-13,130286021,
-12,130350253,
-11,130378369,
-10,130403162,
-9,130453424,
-8,130446123,
-7,130468494,
-6,130491004,
-5,130509221,
-4,130494046,
-3,130530582,
-2,130537437,
-1,130544020,
0,130555534,
1,130547655,
2,130542906,
3,130535553,
4,130534185,
5,130521292,
6,130486827,
7,130466327,
8,130464051,
9,130418071,
10,130419125,
11,130349035,
12,130347084,
13,130303825,
14,130260120,
15,130214305,
16,130158933,
17,130106146,
18,130078741,
19,130020192,
20,129943738,
21,129892819,
22,129842441,
23,129787047,
24,129698394,
25,129620068,
26,129540895,
27,129501450,
28,129418264,
29,129309337,
30,129218209,
31,129133271,
32,129060325,
33,128935190,
34,128857861,
35,128756900,
36,128636249,
37,128555675,
38,128419660,
39,128323213,
40,128192921,
41,128082189,
42,127943466,
43,127833534,
44,127747433,
45,127588745,
46,127441883,
47,127321756,
48,127170334,
49,127027248,
50,126898918,
51,126764957,
52,126614729,
53,126458471,
54,126303748,
55,126128955,
56,125972125,
57,125837466,
58,125662123,
59,125494696,
60,125310506,
61,125149642,
62,124983514,
63,124794665,
64,124617636,
65,124436746,
66,124239963,
67,124056976,
68,123884508,
69,123686820,
70,123484044,
71,123291549,
72,123113389,
73,122895295,
74,122675716,
75,122477726,
76,122292482,
77,122048689,
78,121855269,
79,121641722,
80,121411449,
81,121184299,
82,120960480,
83,120755235,
84,120508632,
85,120299929,
86,120042398,
87,119809698,
88,119588567,
89,119360207,
90,119102247,
91,118833416,
92,118608056,
93,118327922,
94,118108598,
95,117851394,
96,117586898,
97,117337554,
98,117078602,
99,116840422,
100,116553856,
101,116274320,
102,116011763,
103,115733125,
104,115480007,
105,115220642,
106,114927837,
107,114654333,
108,114407402,
109,114102380,
110,113842571,
111,113525484,
112,113241886,
113,112960566,
114,112665378,
115,112377974,
116,112075175,
117,111777575,
118,111484886,
119,111187534,
120,110870988,
121,110587462,
122,110265268,
123,109980586,
124,109663843,
125,109341590,
126,109067096,
127,108739365,
128,108420754,
129,108106366,
130,107789384,
131,107458177,
132,107140921,
133,106822097,
134,106505110,
135,106166533,
136,105865618,
137,105522695,
138,105193048,
139,104878563,
140,104525640,
141,104188474,
142,103851610,
143,103520923,
144,103180962,
145,102850914,
146,102516905,
147,102171885,
148,101846930,
149,101485044,
150,101142192,
151,100814609,
152,100476767,
153,100112288,
154,99787245,
155,99419713,
156,99055560,
157,98732552,
158,98364335,
159,98001681,
160,97655023,
161,97314240,
162,96952930,
163,96579319,
164,96238957,
165,95879618,
166,95511418,
167,95158152,
168,94798057,
169,94442357,
170,94066343,
171,93706521,
172,93346534,
173,92992606,
174,92625463,
175,92267011,
176,91894936,
177,91510584,
178,91180837,
179,90778006,
180,90412675,
181,90058512,
182,89676735,
183,89286072,
184,88930767,
185,88552755,
186,88179450,
187,87822183,
188,87457447,
189,87089285,
190,86707395,
191,86340487,
192,85959165,
193,85578786,
194,85203534,
195,84827297,
196,84454365,
197,84063196,
198,83691724,
199,83315105,
200,82946891,
201,82558265,
202,82205875,
203,81827567,
204,81424842,
205,81064538,
206,80691904,
207,80307383,
208,79919069,
209,79560054,
210,79192333,
211,78808442,
212,78420826,
213,78053066,
214,77663193,
215,77306359,
216,76917715,
217,76548323,
218,76171118,
219,75788269,
220,75419125,
221,75041463,
222,74658155,
223,74284783,
224,73909266,
225,73534921,
226,73175018,
227,72782635,
228,72410295,
229,72055064,
230,71663760,
231,71276950,
232,70904948,
233,70542181,
234,70165123,
235,69788420,
236,69422728,
237,69048892,
238,68677815,
239,68312476,
240,67927947,
241,67585229,
242,67208452,
243,66829922,
244,66479391,
245,66098356,
246,65722454,
247,65359169,
248,65003286,
249,64635327,
250,64266264,
251,63906563,
252,63556518,
253,63170135,
254,62821926,
255,62469797,
256,62095126,
257,61745895,
258,61377916,
259,61013452,
260,60674173,
261,60304433,
262,59945129,
263,59582457,
264,59233011,
265,58872142,
266,58528011,
267,58178445,
268,57824923,
269,57476181,
270,57128097,
271,56767934,
272,56437558,
273,56079982,
274,55725286,
275,55385174,
276,55041993,
277,54697941,
278,54348315,
279,54011394,
280,53672365,
281,53321131,
282,52988644,
283,52657096,
284,52319008,
285,51988714,
286,51638147,
287,51312484,
288,50979220,
289,50646663,
290,50317715,
291,49981358,
292,49639718,
293,49315949,
294,48996271,
295,48666684,
296,48329513,
297,48012702,
298,47688419,
299,47381099,
300,47056031,
301,46747346,
302,46413265,
303,46111476,
304,45779900,
305,45462416,
306,45154222,
307,44843350,
308,44532013,
309,44223953,
310,43910093,
311,43602249,
312,43298152,
313,43003144,
314,42677331,
315,42388520,
316,42094093,
317,41781203,
318,41476776,
319,41183645,
320,40895686,
321,40575795,
322,40289305,
323,39989484,
324,39709598,
325,39415135,
326,39127794,
327,38836894,
328,38560354,
329,38273214,
330,37977345,
331,37697256,
332,37413504,
333,37143585,
334,36847554,
335,36568352,
336,36295228,
337,36028733,
338,35753168,
339,35489950,
340,35206349,
341,34930382,
342,34666325,
343,34395580,
344,34121714,
345,33864334,
346,33599136,
347,33338163,
348,33076081,
349,32806986,
350,32553661,
351,32296095,
352,32031406,
353,31779609,
354,31532709,
355,31273330,
356,31026181,
357,30767129,
358,30535073,
359,30277179,
360,30026456,
361,29787923,
362,29547859,
363,29297557,
364,29069110,
365,28819607,
366,28584845,
367,28355223,
368,28112680,
369,27882773,
370,27654388,
371,27417173,
372,27181538,
373,26965502,
374,26735361,
375,26507690,
376,26281165,
377,26058663,
378,25841894,
379,25619519,
380,25399590,
381,25174749,
382,24960415,
383,24745529,
384,24530352,
385,24321425,
386,24095186,
387,23897985,
388,23687356,
389,23481675,
390,23271371,
391,23073702,
392,22868980,
393,22656046,
394,22451522,
395,22259361,
396,22066094,
397,21867557,
398,21664997,
399,21472874,
400,21280587,
401,21083101,
402,20889119,
403,20708255,
404,20515774,
405,20327593,
406,20145677,
407,19956622,
408,19772517,
409,19588234,
410,19412054,
411,19234625,
412,19049216,
413,18872307,
414,18699590,
415,18519637,
416,18352004,
417,18177196,
418,18007135,
419,17833889,
420,17671781,
421,17496907,
422,17344707,
423,17169931,
424,17002382,
425,16844350,
426,16685195,
427,16513929,
428,16350439,
429,16208775,
430,16048492,
431,15892362,
432,15732899,
433,15583610,
434,15433258,
435,15275947,
436,15127659,
437,14976834,
438,14832727,
439,14678891,
440,14536200,
441,14391575,
442,14245496,
443,14110395,
444,13966137,
445,13830202,
446,13691267,
447,13550569,
448,13413211,
449,13275176,
450,13138480,
451,13008821,
452,12875525,
453,12746056,
454,12616255,
455,12486144,
456,12356194,
457,12228883,
458,12105686,
459,11973017,
460,11855194,
461,11733989,
462,11613160,
463,11491038,
464,11370117,
465,11245435,
466,11125710,
467,11018851,
468,10888578,
469,10781291,
470,10677036,
471,10551767,
472,10445652,
473,10334924,
474,10224091,
475,10111680,
476,9999357,
477,9889926,
478,9792249,
479,9679737,
480,9577714,
481,9476673,
482,9372425,
483,9269794,
484,9169315,
485,9074883,
486,8963379,
487,8875284,
488,8771272,
489,8675263,
490,8578226,
491,8487955,
492,8388905,
493,8298582,
494,8208759,
495,8118202,
496,8019056,
497,7937156,
498,7842454,
499,7758251,
500,7669998,
501,7583660,
502,7500278,
503,7413864,
504,7329831,
505,7241485,
506,7160833,
507,7078324,
508,6998268,
509,6917392,
510,6835599,
511,6759912,
512,6682894,
513,6607564,
514,6528359,
515,6456174,
516,6381228,
517,6304681,
518,6233415,
519,6159255,
520,6084940,
521,6018066,
522,5940877,
523,5876056,
524,5801560,
525,5736483,
526,5670088,
527,5600084,
528,5533382,
529,5470618,
530,5401570,
531,5339048,
532,5273634,
533,5212308,
534,5150232,
535,5084521,
536,5021647,
537,4961225,
538,4907723,
539,4843683,
540,4784483,
541,4725292,
542,4670901,
543,4613235,
544,4556841,
545,4494281,
546,4445299,
547,4389250,
548,4337864,
549,4281679,
550,4226711,
551,4175894,
552,4125721,
553,4071862,
554,4020599,
555,3971230,
556,3918210,
557,3874893,
558,3825949,
559,3773706,
560,3728642,
561,3680298,
562,3634341,
563,3589759,
564,3543545,
565,3499916,
566,3453729,
567,3407312,
568,3364901,
569,3322119,
570,3282660,
571,3237543,
572,3195696,
573,3155484,
574,3109795,
575,3075821,
576,3033206,
577,2993634,
578,2956230,
579,2916849,
580,2880558,
581,2845219,
582,2801826,
583,2767173,
584,2732249,
585,2695455,
586,2657821,
587,2626244,
588,2591551,
589,2555274,
590,2524174,
591,2487611,
592,2454452,
593,2424314,
594,2390842,
595,2357137,
596,2324531,
597,2294977,
598,2262496,
599,2233130,
600,2202314,
601,2175365,
602,2142077,
603,2118293,
604,2085118,
605,2060237,
606,2031066,
607,2003025,
608,1974943,
609,1949529,
610,1921901,
611,1895939,
612,1867858,
613,1843023,
614,1817139,
615,1792086,
616,1766048,
617,1743082,
618,1719849,
619,1692781,
620,1669752,
621,1646792,
622,1623576,
623,1599660,
624,1579596,
625,1558451,
626,1535456,
627,1513260,
628,1491557,
629,1470804,
630,1449291,
631,1430404,
632,1408769,
633,1388535,
634,1371746,
635,1349785,
636,1329669,
637,1312480,
638,1292298,
639,1275056,
640,1256583,
641,1237686,
642,1219447,
643,1205310,
644,1183360,
645,1167803,
646,1147391,
647,1132070,
648,1118399,
649,1099888,
650,1083839,
651,1068598,
652,1054267,
653,1038932,
654,1022186,
655,1006309,
656,990740,
657,977660,
658,962932,
659,951572,
660,936030,
661,921567,
662,907868,
663,893913,
664,879646,
665,866062,
666,855702,
667,841231,
668,829678,
669,816300,
670,804465,
671,793206,
672,780486,
673,766927,
674,757577,
675,745774,
676,735355,
677,722395,
678,711342,
679,700701,
680,690063,
681,679505,
682,668542,
683,658930,
684,649917,
685,637869,
686,628463,
687,618379,
688,609048,
689,600733,
690,591598,
691,581161,
692,572099,
693,563750,
694,554935,
695,546556,
696,537778,
697,527221,
698,520695,
699,511662,
700,506385,
701,496309,
702,489355,
703,481231,
704,473082,
705,466036,
706,457518,
707,451803,
708,443941,
709,437296,
710,431017,
711,422449,
712,416135,
713,410770,
714,403287,
715,397169,
716,390045,
717,384624,
718,377731,
719,372406,
720,365362,
721,360753,
722,353447,
723,347790,
724,341694,
725,337226,
726,332153,
727,325986,
728,320810,
729,315138,
730,310429,
731,305022,
732,299953,
733,296700,
734,289560,
735,285893,
736,281173,
737,276696,
738,272568,
739,267312,
740,263179,
741,257798,
742,253913,
743,249524,
744,245021,
745,241067,
746,237798,
747,233038,
748,228591,
749,225531,
750,221588,
751,218310,
752,214402,
753,211266,
754,206891,
755,203648,
756,200393,
757,196664,
758,193140,
759,190108,
760,186765,
761,183534,
762,180381,
763,177763,
764,174799,
765,171485,
766,168934,
767,166413,
768,162191,
769,159502,
770,157244,
771,154670,
772,151189,
773,149442,
774,146529,
775,144187,
776,141643,
777,138932,
778,136957,
779,134306,
780,131860,
781,129855,
782,127119,
783,125693,
784,122805,
785,120279,
786,118335,
787,116333,
788,114451,
789,111960,
790,110101,
791,107899,
792,106359,
793,104772,
794,102622,
795,100163,
796,98798,
797,97337,
798,95198,
799,93827,
800,91859,
801,90360,
802,88824,
803,87614,
804,85690,
805,83744,
806,82439,
807,80914,
808,79458,
809,78269,
810,76831,
811,75744,
812,73274,
813,72493,
814,71367,
815,70062,
816,68797,
817,67407,
818,65672,
819,65143,
820,63738,
821,62347,
822,61494,
823,60242,
824,59269,
825,57874,
826,56929,
827,55947,
828,54959,
829,53939,
830,52935,
831,51847,
832,51045,
833,50394,
834,49172,
835,47720,
836,47037,
837,46365,
838,45290,
839,44497,
840,43918,
841,42851,
842,42296,
843,41090,
844,40870,
845,39934,
846,39109,
847,38155,
848,37264,
849,36742,
850,36019,
851,35427,
852,34734,
853,34276,
854,33746,
855,32730,
856,31928,
857,31442,
858,30905,
859,30151,
860,29764,
861,29095,
862,28463,
863,27851,
864,27657,
865,26747,
866,26512,
867,25940,
868,25421,
869,25057,
870,24490,
871,24258,
872,23737,
873,23141,
874,22473,
875,22022,
876,21653,
877,21183,
878,20767,
879,20653,
880,20086,
881,19592,
882,19059,
883,18810,
884,18333,
885,18212,
886,17936,
887,17540,
888,17069,
889,16691,
890,16369,
891,16008,
892,15612,
893,15369,
894,15007,
895,14881,
896,14740,
897,14431,
898,14057,
899,13940,
900,13391,
901,13187,
902,12849,
903,12631,
904,12479,
905,12174,
906,11897,
907,11480,
908,11423,
909,11136,
910,10857,
911,10792,
912,10517,
913,10327,
914,10036,
915,9765,
916,9611,
917,9440,
918,9173,
919,9130,
920,9129,
921,8793,
922,8454,
923,8380,
924,8009,
925,7819,
926,7715,
927,7592,
928,7434,
929,7304,
930,7288,
931,7076,
932,6914,
933,6836,
934,6550,
935,6435,
936,6323,
937,6134,
938,5936,
939,5873,
940,5768,
941,5746,
942,5593,
943,5572,
944,5345,
945,5184,
946,5069,
947,5057,
948,4851,
949,4657,
950,4706,
951,4621,
952,4531,
953,4404,
954,4357,
955,4224,
956,4213,
957,4027,
958,4048,
959,3923,
960,3811,
961,3703,
962,3616,
963,3473,
964,3426,
965,3352,
966,3231,
967,3261,
968,3165,
969,2959,
970,3052,
971,3020,
972,3011,
973,2870,
974,2792,
975,2735,
976,2587,
977,2699,
978,2509,
979,2541,
980,2444,
981,2357,
982,2303,
983,2283,
984,2213,
985,2172,
986,2032,
987,2124,
988,2004,
989,2102,
990,1946,
991,1961,
992,1864,
993,1871,
994,1780,
995,1810,
996,1747,
997,1675,
998,1595,
999,1572,
1000,1578,
1001,1440,
1002,1444,
1003,1428,
1004,1497,
1005,1351,
1006,1367,
1007,1347,
1008,1367,
1009,1219,
1010,1194,
1011,1207,
1012,1214,
1013,1167,
1014,1115,
1015,1096,
1016,1060,
1017,1082,
1018,1038,
1019,1002,
1020,959,
1021,907,
1022,958,
1023,985,
1024,920,
1025,862,
1026,812,
1027,805,
1028,824,
1029,795,
1030,828,
1031,753,
1032,802,
1033,749,
1034,726,
1035,695,
1036,676,
1037,700,
1038,626,
1039,650,
1040,636,
1041,588,
1042,538,
1043,571,
1044,579,
1045,565,
1046,526,
1047,509,
1048,548,
1049,547,
1050,524,
1051,474,
1052,467,
1053,470,
1054,417,
1055,437,
1056,392,
1057,377,
1058,390,
1059,421,
1060,382,
1061,337,
1062,386,
1063,333,
1064,343,
1065,336,
1066,306,
1067,305,
1068,311,
1069,307,
1070,294,
1071,300,
1072,297,
1073,304,
1074,258,
1075,226,
1076,254,
1077,269,
1078,257,
1079,225,
1080,241,
1081,227,
1082,236,
1083,231,
1084,201,
1085,201,
1086,182,
1087,224,
1088,183,
1089,185,
1090,207,
1091,162,
1092,167,
1093,208,
1094,184,
1095,157,
1096,164,
1097,132,
1098,136,
1099,141,
1100,149,
1101,139,
1102,133,
1103,115,
1104,126,
1105,121,
1106,121,
1107,123,
1108,95,
1109,123,
1110,117,
1111,112,
1112,112,
1113,120,
1114,139,
1115,83,
1116,95,
1117,87,
1118,88,
1119,103,
1120,82,
1121,86,
1122,88,
1123,81,
1124,104,
1125,83,
1126,65,
1127,84,
1128,75,
1129,65,
1130,81,
1131,57,
1132,61,
1133,56,
1134,63,
1135,72,
1136,58,
1137,49,
1138,44,
1139,56,
1140,69,
1141,51,
1142,53,
1143,60,
1144,37,
1145,48,
1146,51,
1147,49,
1148,59,
1149,33,
1150,37,
1151,33,
1152,34,
1153,44,
1154,34,
1155,36,
1156,38,
1157,29,
1158,43,
1159,33,
1160,40,
1161,24,
1162,26,
1163,32,
1164,30,
1165,17,
1166,18,
1167,28,
1168,25,
1169,23,
1170,29,
1171,24,
1172,19,
1173,21,
1174,22,
1175,20,
1176,16,
1177,26,
1178,19,
1179,18,
1180,17,
1181,14,
1182,16,
1183,21,
1184,11,
1185,18,
1186,19,
1187,18,
1188,21,
1189,13,
1190,18,
1191,14,
1192,14,
1193,14,
1194,12,
1195,9,
1196,9,
1197,10,
1198,11,
1199,8,
1200,13,
1201,11,
1202,14,
1203,5,
1204,12,
1205,9,
1206,6,
1207,5,
1208,12,
1209,7,
1210,8,
1211,10,
1212,7,
1213,5,
1214,7,
1215,6,
1216,8,
1217,7,
1218,5,
1219,6,
1220,8,
1221,4,
1222,1,
1223,5,
1224,7,
1225,5,
1226,5,
1227,10,
1228,6,
1229,3,
1230,1,
1231,6,
1232,3,
1233,5,
1234,4,
1235,6,
1236,6,
1237,4,
1238,4,
1239,1,
1240,8,
1241,3,
1242,1,
1243,6,
1244,0,
1245,1,
1246,3,
1247,0,
1248,2,
1249,5,
1250,3,
1251,2,
1252,3,
1253,6,
1254,4,
1255,3,
1256,0,
1257,4,
1258,3,
1259,1,
1260,2,
1261,2,
1262,3,
1263,1,
1264,0,
1265,1,
1266,0,
1267,3,
1268,1,
1269,1,
1270,3,
1271,1,
1272,1,
1273,1,
1274,2,
1275,1,
1276,2,
1277,2,
1278,3,
1279,4,
1280,1,
1281,1,
1282,1,
1283,3,
1284,1,
1285,1,
1286,2,
1287,1,
1288,1,
1289,1,
1290,0,
1291,0,
1292,1,
1293,1,
1294,0,
1295,1,
1296,1,
1297,1,
1298,1,
1299,0,
1300,1,
1301,0,
1302,1,
1303,0,
1304,1,
1305,1,
1306,0,
1307,1,
1308,0,
1309,1,
1310,0,
1311,0,
1312,0,
1313,0,
1314,2,
1315,0,
1316,0,
1317,0,
1318,1,
1319,0,
1320,0,
1321,0,
1322,0,
1323,1,
1324,0,
1325,0,
1326,0,
1327,0,
1328,0,
1329,0,
1330,1,
1331,0,
1332,1,
1333,0,
1334,0,
1335,0,
1336,1,
1337,0,
1338,0,
1339,0,
1340,0,
1341,0,
1342,1,
1343,0,
1344,0,
1345,1,
1346,0,
1347,0,
1348,1,
1349,0,
1350,0,
1351,2,
1352,0,
1353,0,
1354,0,
1355,0,
1356,0,
1357,0,
1358,0,
1359,0,
1360,0,
1361,0,
1362,0,
1363,0,
1364,0,
1365,0,
1366,0,
1367,0,
1368,0,
1369,0,
1370,0,
1371,0,
1372,0,
1373,0,
1374,0,
1375,0,
1376,0,
1377,0,
1378,0,
1379,0,
1380,1,
1381,0,
1382,0,
1383,0,
1384,0,
1385,0,
1386,0,
1387,0,
1388,0,
1389,0,
1390,0,
1391,0,
1392,0,
1393,0,
1394,0,
1395,0,
1396,0,
1397,0,
1398,0,
1399,0,
1400,0,
1401,0,
1402,0,
1403,0,
1404,0,
1405,0,
1406,0,
1407,0,
1408,0,
1409,0,
1410,0,
1411,0,
1412,0,
1413,0,
1414,0,
1415,0,
1416,0,
1417,0,
1418,0,
1419,0,
1420,0,
1421,0,
1422,0,
1423,0,
1424,0,
1425,0,
1426,0,
1427,0,
1428,0,
1429,0,
1430,0,
1431,0,
1432,0,
1433,0,
1434,0,
1435,0,
1436,0,
1437,0,
1438,0,
1439,0,
1440,0,
1441,0,
1442,1,
1443,0,
1444,0,
1445,0,
1446,0,
1447,0,
1448,0,
1449,0,
1450,0,
1451,0,
1452,0,
1453,0,
1454,0,
1455,0,
1456,0,
1457,0,
1458,0,
1459,0,
1460,0,
1461,0,
1462,0,
1463,0,
1464,0,
1465,0,
1466,0,
1467,0,
1468,0,
1469,0,
1470,0,
1471,0,
1472,0,
1473,0,
1474,0,
1475,0,
1476,0,
1477,0,
1478,0,
1479,0,
1480,0,
1481,0,
1482,0,
1483,0,
1484,0,
1485,0,
1486,0,
1487,0,
1488,0,
1489,0,
1490,0,
1491,0,
1492,0,
1493,0,
1494,0,
1495,0,
1496,0,
1497,0,
1498,0,
1499,0,
1500,0,
1501,0,
1502,0,
1503,0,
1504,0,
1505,0,
1506,0,
1507,0,
1508,0,
1509,0,
1510,0,
1511,0,
1512,0,
1513,0,
1514,0,
1515,0,
1516,0,
1517,0,
1518,0,
1519,0,
1520,0,
1521,0,
1522,0,
1523,0,
1524,0,
1525,0,
1526,0,
1527,0,
1528,0,
1529,0,
1530,0,
1531,0,
1532,0,
1533,0,
1534,0,
1535,0,
1536,0,
1537,0,
1538,0,
1539,0,
1540,0,
1541,0,
1542,0,
1543,0,
1544,0,
1545,0,
1546,0,
1547,0,
1548,0,
1549,0,
1550,0,
1551,0,
1552,0,
1553,0,
1554,0,
1555,0,
1556,0,
1557,0,
1558,0,
1559,0,
1560,0,
1561,0,
1562,0,
1563,0,
1564,0,
1565,0,
1566,0,
1567,0,
1568,0,
1569,0,
1570,0,
1571,0,
1572,0,
1573,0,
1574,0,
1575,0,
1576,0,
1577,0,
1578,0,
1579,0,
1580,0,
1581,0,
1582,0,
1583,0,
1584,0,
1585,0,
1586,0,
1587,0,
1588,0,
1589,0,
1590,0,
1591,0,
1592,0,
1593,0,
1594,0,
1595,0,
1596,0,
1597,0,
1598,0,
1599,0,
1600,0,
1601,0,
1602,0,
1603,0,
1604,0,
1605,0,
1606,0,
1607,0,
1608,0,
1609,0,
1610,0,
1611,0,
1612,0,
1613,0,
1614,0,
1615,0,
1616,0,
1617,0,
1618,0,
1619,0,
1620,0,
1621,0,
1622,0,
1623,0,
1624,0,
1625,0,
1626,0,
1627,0,
1628,0,
1629,0,
1630,0,
1631,0,
1632,0,
1633,0,
1634,0,
1635,0,
1636,0,
1637,0,
1638,0,
1639,0,
1640,0,
1641,0,
1642,0,
1643,0,
1644,0,
1645,0,
1646,0,
1647,0,
1648,0,
1649,0,
1650,0,
1651,0,
1652,0,
1653,0,
1654,0,
1655,0,
1656,0,
1657,0,
1658,0,
1659,0,
1660,0,
1661,0,
1662,0,
1663,0,
1664,0,
1665,0,
1666,0,
1667,0,
1668,0,
1669,0,
1670,0,
1671,0,
1672,0,
1673,0,
1674,0,
1675,0,
1676,0,
1677,0,
1678,0,
1679,0,
1680,0,
1681,0,
1682,0,
1683,0,
1684,0,
1685,0,
1686,0,
1687,0,
1688,0,
1689,0,
1690,0,
1691,0,
1692,0,
1693,0,
1694,0,
1695,0,
1696,0,
1697,0,
1698,0,
1699,0,
1700,0,
1701,0,
1702,0,
1703,0,
1704,0,
1705,0,
1706,0,
1707,0,
1708,0,
1709,0,
1710,0,
1711,0,
1712,0,
1713,0,
1714,0,
1715,0,
1716,0,
1717,0,
1718,0,
1719,0,
1720,0,
1721,0,
1722,0,
1723,0,
1724,0,
1725,0,
1726,0,
1727,0,
1728,0,
1729,0,
1730,0,
1731,0,
1732,0,
1733,0,
1734,0,
1735,0,
1736,0,
1737,0,
1738,0,
1739,0,
1740,0,
1741,0,
1742,0,
1743,0,
1744,0,
1745,0,
1746,0,
1747,0,
1748,0,
1749,0,
1750,0,
1751,0,
1752,0,
1753,0,
1754,0,
1755,0,
1756,0,
1757,0,
1758,0,
1759,0,
1760,0,
1761,0,
1762,0,
1763,0,
1764,0,
1765,0,
1766,0,
1767,0,
1768,0,
1769,0,
1770,0,
1771,0,
1772,0,
1773,0,
1774,0,
1775,0,
1776,0,
1777,0,
1778,0,
1779,0,
1780,0,
1781,0,
1782,0,
1783,0,
1784,0,
1785,0,
1786,0,
1787,0,
1788,0,
1789,0,
1790,0,
1791,0,
1792,0,
1793,0,
1794,0,
1795,0,
1796,0,
1797,0,
1798,0,
1799,0,
1800,0,
1801,0,
1802,0,
1803,0,
1804,0,
1805,0,
1806,0,
1807,0,
1808,0,
1809,0,
1810,0,
1811,0,
1812,0,
1813,0,
1814,0,
1815,0,
1816,0,
1817,0,
1818,0,
1819,0,
1820,0,
1821,0,
1822,0,
1823,0,
1824,0,
1825,0,
1826,0,
1827,0,
1828,0,
1829,0,
1830,0,
1831,0,
1832,0,
1833,0,
1834,0,
1835,0,
1836,0,
1837,0,
1838,0,
1839,0,
1840,0,
1841,0,
1842,0,
1843,0,
1844,0,
1845,0,
1846,0,
1847,0,
1848,0,
1849,0,
1850,0,
1851,0,
1852,0,
1853,0,
1854,0,
1855,0,
1856,0,
1857,0,
1858,0,
1859,0,
1860,0,
1861,0,
1862,0,
1863,0,
1864,0,
1865,0,
1866,0,
1867,0,
1868,0,
1869,0,
1870,0,
1871,0,
1872,0,
1873,0,
1874,0,
1875,0,
1876,0,
1877,0,
1878,0,
1879,0,
1880,0,
1881,0,
1882,0,
1883,0,
1884,0,
1885,0,
1886,0,
1887,0,
1888,0,
1889,0,
1890,0,
1891,0,
1892,0,
1893,0,
1894,0,
1895,0,
1896,0,
1897,0,
1898,0,
1899,0,
1900,0,
1901,0,
1902,0,
1903,0,
1904,0,
1905,0,
1906,0,
1907,0,
1908,0,
1909,0,
1910,0,
1911,0,
1912,0,
1913,0,
1914,0,
1915,0,
1916,0,
1917,0,
1918,0,
1919,0,
1920,0,
1921,0,
1922,0,
1923,0,
1924,0,
1925,0,
1926,0,
1927,0,
1928,0,
1929,0,
1930,0,
1931,0,
1932,0,
1933,0,
1934,0,
1935,0,
1936,0,
1937,0,
1938,0,
1939,0,
1940,0,
1941,0,
1942,0,
1943,0,
1944,0,
1945,0,
1946,0,
1947,0,
1948,0,
1949,0,
1950,0,
1951,0,
1952,0,
1953,0,
1954,0,
1955,0,
1956,0,
1957,0,
1958,0,
1959,0,
1960,0,
1961,0,
1962,0,
1963,0,
1964,0,
1965,0,
1966,0,
1967,0,
1968,0,
1969,0,
1970,0,
1971,0,
1972,0,
1973,0,
1974,0,
1975,0,
1976,0,
1977,0,
1978,0,
1979,0,
1980,0,
1981,0,
1982,0,
1983,0,
1984,0,
1985,0,
1986,0,
1987,0,
1988,0,
1989,0,
1990,0,
1991,0,
1992,0,
1993,0,
1994,0,
1995,0,
1996,0,
1997,0,
1998,0,
1999,0,
2000,0,
2001,0,
2002,0,
2003,0,
2004,0,
2005,0,
2006,0,
2007,0,
2008,0,
2009,0,
2010,0,
2011,0,
2012,0,
2013,0,
2014,0,
2015,0,
2016,0,
2017,0,
2018,0,
2019,0,
2020,0,
2021,0,
2022,0,
2023,0,
2024,0,
2025,0,
2026,0,
2027,0,
2028,0,
2029,0,
2030,0,
2031,0,
2032,0,
2033,0,
2034,0,
2035,0,
2036,0,
2037,0,
2038,0,
2039,0,
2040,0,
2041,0,
2042,0,
2043,0,
2044,0,
2045,0,
2046,0,
2047,0,
2048,0,
2049,0,
2050,0,
2051,0,
2052,0,
2053,0,
2054,0,
2055,0,
2056,0,
2057,0,
2058,0,
2059,0,
2060,0,
2061,0,
2062,0,
2063,0,
2064,0,
2065,0,
2066,0,
2067,0,
2068,0,
2069,0,
2070,0,
2071,0,
2072,0,
2073,0,
2074,0,
2075,0,
2076,0,
2077,0,
2078,0,
2079,0,
2080,0,
2081,0,
2082,0,
2083,0,
2084,0,
2085,0,
2086,0,
2087,0,
2088,0,
2089,0,
2090,0,
2091,0,
2092,0,
2093,0,
2094,0,
2095,0,
2096,0,
2097,0,
2098,0,
2099,0,
2100,0,
2101,0,
2102,0,
2103,0,
2104,0,
2105,0,
2106,0,
2107,0,
2108,0,
2109,0,
2110,0,
2111,0,
2112,0,
2113,0,
2114,0,
2115,0,
2116,0,
2117,0,
2118,0,
2119,0,
2120,0,
2121,0,
2122,0,
2123,0,
2124,0,
2125,0,
2126,0,
2127,0,
2128,0,
2129,0,
2130,0,
2131,0,
2132,0,
2133,0,
2134,0,
2135,0,
2136,0,
2137,0,
2138,0,
2139,0,
2140,0,
2141,0,
2142,0,
2143,0,
2144,0,
2145,0,
2146,0,
2147,0,
2148,0,
2149,0,
2150,0,
2151,0,
2152,0,
2153,0,
2154,0,
2155,0,
2156,0,
2157,0,
2158,0,
2159,0,
2160,0,
2161,0,
2162,0,
2163,0,
2164,0,
2165,0,
2166,0,
2167,0,
2168,0,
2169,0,
2170,0,
2171,0,
2172,0,
2173,0,
2174,0,
2175,0,
2176,0,
2177,0,
2178,0,
2179,0,
2180,0,
2181,0,
2182,0,
2183,0,
2184,0,
2185,0,
2186,0,
2187,0,
2188,0,
2189,0,
2190,0,
2191,0,
2192,0,
2193,0,
2194,0,
2195,0,
2196,0,
2197,0,
2198,0,
2199,0,
2200,0,
2201,0,
2202,0,
2203,0,
2204,0,
2205,0,
2206,0,
2207,0,
2208,0,
2209,0,
2210,0,
2211,0,
2212,0,
2213,0,
2214,0,
2215,0,
2216,0,
2217,0,
2218,0,
2219,0,
2220,0,
2221,0,
2222,0,
2223,0,
2224,0,
2225,0,
2226,0,
2227,0,
2228,0,
2229,0,
2230,0,
2231,0,
2232,0,
2233,0,
2234,0,
2235,0,
2236,0,
2237,0,
2238,0,
2239,0,
2240,0,
2241,0,
2242,0,
2243,0,
2244,0,
2245,0,
2246,0,
2247,0,
2248,0,
2249,0,
2250,0,
2251,0,
2252,0,
2253,0,
2254,0,
2255,0,
2256,0,
2257,0,
2258,0,
2259,0,
2260,0,
2261,0,
2262,0,
2263,0,
2264,0,
2265,0,
2266,0,
2267,0,
2268,0,
2269,0,
2270,0,
2271,0,
2272,0,
2273,0,
2274,0,
2275,0,
2276,0,
2277,0,
2278,0,
2279,0,
2280,0,
2281,0,
2282,0,
2283,0,
2284,0,
2285,0,
2286,0,
2287,0,
2288,0,
2289,0,
2290,0,
2291,0,
2292,0,
2293,0,
2294,0,
2295,0,
2296,0,
2297,0,
2298,0,
2299,0,
2300,0,
2301,0,
2302,0,
2303,0,
2304,0,
2305,0,
2306,0,
2307,0,
2308,0,
2309,0,
2310,0,
2311,0,
2312,0,
2313,0,
2314,0,
2315,0,
2316,0,
2317,0,
2318,0,
2319,0,
2320,0,
2321,0,
2322,0,
2323,0,
2324,0,
2325,0,
2326,0,
2327,0,
2328,0,
2329,0,
2330,0,
2331,0,
2332,0,
2333,0,
2334,0,
2335,0,
2336,0,
2337,0,
2338,0,
2339,0,
2340,0,
2341,0,
2342,0,
2343,0,
2344,0,
2345,0,
2346,0,
2347,0,
2348,0,
2349,0,
2350,0,
2351,0,
2352,0,
2353,0,
2354,0,
2355,0,
2356,0,
2357,0,
2358,0,
2359,0,
2360,0,
2361,0,
2362,0,
2363,0,
2364,0,
2365,0,
2366,0,
2367,0,
2368,0,
2369,0,
2370,0,
2371,0,
2372,0,
2373,0,
2374,0,
2375,0,
2376,0,
2377,0,
2378,0,
2379,0,
2380,0,
2381,0,
2382,0,
2383,0,
2384,0,
2385,0,
2386,0,
2387,0,
2388,0,
2389,0,
2390,0,
2391,0,
2392,0,
2393,0,
2394,0,
2395,0,
2396,0,
2397,0,
2398,0,
2399,0,
2400,0,
2401,0,
2402,0,
2403,0,
2404,0,
2405,0,
2406,0,
2407,0,
2408,0,
2409,0,
2410,0,
2411,0,
2412,0,
2413,0,
2414,0,
2415,0,
2416,0,
2417,0,
2418,0,
2419,0,
2420,0,
2421,0,
2422,0,
2423,0,
2424,0,
2425,0,
2426,0,
2427,0,
2428,0,
2429,0,
2430,0,
2431,0,
2432,0,
2433,0,
2434,0,
2435,0,
2436,0,
2437,0,
2438,0,
2439,0,
2440,0,
2441,0,
2442,0,
2443,0,
2444,0,
2445,0,
2446,0,
2447,0,
2448,0,
2449,0,
2450,0,
2451,0,
2452,0,
2453,0,
2454,0,
2455,0,
2456,0,
2457,0,
2458,0,
2459,0,
2460,0,
2461,0,
2462,0,
2463,0,
2464,0,
2465,0,
2466,0,
2467,0,
2468,0,
2469,0,
2470,0,
2471,0,
2472,0,
2473,0,
2474,0,
2475,0,
2476,0,
2477,0,
2478,0,
2479,0,
2480,0,
2481,0,
2482,0,
2483,0,
2484,0,
2485,0,
2486,0,
2487,0,
2488,0,
2489,0,
2490,0,
2491,0,
2492,0,
2493,0,
2494,0,
2495,0,
2496,0,
2497,0,
2498,0,
2499,0,
2500,0,
2501,0,
2502,0,
2503,0,
2504,0,
2505,0,
2506,0,
2507,0,
2508,0,
2509,0,
2510,0,
2511,0,
2512,0,
2513,0,
2514,0,
2515,0,
2516,0,
2517,0,
2518,0,
2519,0,
2520,0,
2521,0,
2522,0,
2523,0,
2524,0,
2525,0,
2526,0,
2527,0,
2528,0,
2529,0,
2530,0,
2531,0,
2532,0,
2533,0,
2534,0,
2535,0,
2536,0,
2537,0,
2538,0,
2539,0,
2540,0,
2541,0,
2542,0,
2543,0,
2544,0,
2545,0,
2546,0,
2547,0,
2548,0,
2549,0,
2550,0,
2551,0,
2552,0,
2553,0,
2554,0,
2555,0,
2556,0,
2557,0,
2558,0,
2559,0,
2560,0,
2561,0,
2562,0,
2563,0,
2564,0,
2565,0,
2566,0,
2567,0,
2568,0,
2569,0,
2570,0,
2571,0,
2572,0,
2573,0,
2574,0,
2575,0,
2576,0,
2577,0,
2578,0,
2579,0,
2580,0,
2581,0,
2582,0,
2583,0,
2584,0,
2585,0,
2586,0,
2587,0,
2588,0,
2589,0,
2590,0,
2591,0,
2592,0,
2593,0,
2594,0,
2595,0,
2596,0,
2597,0,
2598,0,
2599,0,
2600,0,
2601,0,
2602,0,
2603,0,
2604,0,
2605,0,
2606,0,
2607,0,
2608,0,
2609,0,
2610,0,
2611,0,
2612,0,
2613,0,
2614,0,
2615,0,
2616,0,
2617,0,
2618,0,
2619,0,
2620,0,
2621,0,
2622,0,
2623,0,
2624,0,
2625,0,
2626,0,
2627,0,
2628,0,
2629,0,
2630,0,
2631,0,
2632,0,
2633,0,
2634,0,
2635,0,
2636,0,
2637,0,
2638,0,
2639,0,
2640,0,
2641,0,
2642,0,
2643,0,
2644,0,
2645,0,
2646,0,
2647,0,
2648,0,
2649,0,
2650,0,
2651,0,
2652,0,
2653,0,
2654,0,
2655,0,
2656,0,
2657,0,
2658,0,
2659,0,
2660,0,
2661,0,
2662,0,
2663,0,
2664,0,
2665,0,
2666,0,
2667,0,
2668,0,
2669,0,
2670,0,
2671,0,
2672,0,
2673,0,
2674,0,
2675,0,
2676,0,
2677,0,
2678,0,
2679,0,
2680,0,
2681,0,
2682,0,
2683,0,
2684,0,
2685,0,
2686,0,
2687,0,
2688,0,
2689,0,
2690,0,
2691,0,
2692,0,
2693,0,
2694,0,
2695,0,
2696,0,
2697,0,
2698,0,
2699,0,
2700,0,
2701,0,
2702,0,
2703,0,
2704,0,
2705,0,
2706,0,
2707,0,
2708,0,
2709,0,
2710,0,
2711,0,
2712,0,
2713,0,
2714,0,
2715,0,
2716,0,
2717,0,
2718,0,
2719,0,
2720,0,
2721,0,
2722,0,
2723,0,
2724,0,
2725,0,
2726,0,
2727,0,
2728,0,
2729,0,
