-2805, 0, 
-2804, 0, 
-2803, 0, 
-2802, 0, 
-2801, 0, 
-2800, 0, 
-2799, 0, 
-2798, 0, 
-2797, 0, 
-2796, 0, 
-2795, 0, 
-2794, 0, 
-2793, 0, 
-2792, 0, 
-2791, 0, 
-2790, 0, 
-2789, 0, 
-2788, 0, 
-2787, 0, 
-2786, 0, 
-2785, 0, 
-2784, 0, 
-2783, 0, 
-2782, 0, 
-2781, 0, 
-2780, 0, 
-2779, 0, 
-2778, 0, 
-2777, 0, 
-2776, 0, 
-2775, 0, 
-2774, 0, 
-2773, 0, 
-2772, 0, 
-2771, 0, 
-2770, 0, 
-2769, 0, 
-2768, 0, 
-2767, 0, 
-2766, 0, 
-2765, 0, 
-2764, 0, 
-2763, 0, 
-2762, 0, 
-2761, 0, 
-2760, 0, 
-2759, 0, 
-2758, 0, 
-2757, 0, 
-2756, 0, 
-2755, 0, 
-2754, 0, 
-2753, 0, 
-2752, 0, 
-2751, 0, 
-2750, 0, 
-2749, 0, 
-2748, 0, 
-2747, 0, 
-2746, 0, 
-2745, 0, 
-2744, 0, 
-2743, 0, 
-2742, 0, 
-2741, 0, 
-2740, 0, 
-2739, 0, 
-2738, 0, 
-2737, 0, 
-2736, 0, 
-2735, 0, 
-2734, 0, 
-2733, 0, 
-2732, 0, 
-2731, 0, 
-2730, 0, 
-2729, 0, 
-2728, 0, 
-2727, 0, 
-2726, 0, 
-2725, 0, 
-2724, 0, 
-2723, 0, 
-2722, 0, 
-2721, 0, 
-2720, 0, 
-2719, 0, 
-2718, 0, 
-2717, 0, 
-2716, 0, 
-2715, 0, 
-2714, 0, 
-2713, 0, 
-2712, 0, 
-2711, 0, 
-2710, 0, 
-2709, 0, 
-2708, 0, 
-2707, 0, 
-2706, 0, 
-2705, 0, 
-2704, 0, 
-2703, 0, 
-2702, 0, 
-2701, 0, 
-2700, 0, 
-2699, 0, 
-2698, 0, 
-2697, 0, 
-2696, 0, 
-2695, 0, 
-2694, 0, 
-2693, 0, 
-2692, 0, 
-2691, 0, 
-2690, 0, 
-2689, 0, 
-2688, 0, 
-2687, 0, 
-2686, 0, 
-2685, 0, 
-2684, 0, 
-2683, 0, 
-2682, 0, 
-2681, 0, 
-2680, 0, 
-2679, 0, 
-2678, 0, 
-2677, 0, 
-2676, 0, 
-2675, 0, 
-2674, 0, 
-2673, 0, 
-2672, 0, 
-2671, 0, 
-2670, 0, 
-2669, 0, 
-2668, 0, 
-2667, 0, 
-2666, 0, 
-2665, 0, 
-2664, 0, 
-2663, 0, 
-2662, 0, 
-2661, 0, 
-2660, 0, 
-2659, 0, 
-2658, 0, 
-2657, 0, 
-2656, 0, 
-2655, 0, 
-2654, 0, 
-2653, 0, 
-2652, 0, 
-2651, 0, 
-2650, 0, 
-2649, 0, 
-2648, 0, 
-2647, 0, 
-2646, 0, 
-2645, 0, 
-2644, 0, 
-2643, 0, 
-2642, 0, 
-2641, 0, 
-2640, 0, 
-2639, 0, 
-2638, 0, 
-2637, 0, 
-2636, 0, 
-2635, 0, 
-2634, 0, 
-2633, 0, 
-2632, 0, 
-2631, 0, 
-2630, 0, 
-2629, 0, 
-2628, 0, 
-2627, 0, 
-2626, 0, 
-2625, 0, 
-2624, 0, 
-2623, 0, 
-2622, 0, 
-2621, 0, 
-2620, 0, 
-2619, 0, 
-2618, 0, 
-2617, 0, 
-2616, 0, 
-2615, 0, 
-2614, 0, 
-2613, 0, 
-2612, 0, 
-2611, 0, 
-2610, 0, 
-2609, 0, 
-2608, 0, 
-2607, 0, 
-2606, 0, 
-2605, 0, 
-2604, 0, 
-2603, 0, 
-2602, 0, 
-2601, 0, 
-2600, 0, 
-2599, 0, 
-2598, 0, 
-2597, 0, 
-2596, 0, 
-2595, 0, 
-2594, 0, 
-2593, 0, 
-2592, 0, 
-2591, 0, 
-2590, 0, 
-2589, 0, 
-2588, 0, 
-2587, 0, 
-2586, 0, 
-2585, 0, 
-2584, 0, 
-2583, 0, 
-2582, 0, 
-2581, 0, 
-2580, 0, 
-2579, 0, 
-2578, 0, 
-2577, 0, 
-2576, 0, 
-2575, 0, 
-2574, 0, 
-2573, 0, 
-2572, 0, 
-2571, 0, 
-2570, 0, 
-2569, 0, 
-2568, 0, 
-2567, 0, 
-2566, 0, 
-2565, 0, 
-2564, 0, 
-2563, 0, 
-2562, 0, 
-2561, 0, 
-2560, 0, 
-2559, 0, 
-2558, 0, 
-2557, 0, 
-2556, 0, 
-2555, 0, 
-2554, 0, 
-2553, 0, 
-2552, 0, 
-2551, 0, 
-2550, 0, 
-2549, 0, 
-2548, 0, 
-2547, 0, 
-2546, 0, 
-2545, 0, 
-2544, 0, 
-2543, 0, 
-2542, 0, 
-2541, 0, 
-2540, 0, 
-2539, 0, 
-2538, 0, 
-2537, 0, 
-2536, 0, 
-2535, 0, 
-2534, 0, 
-2533, 0, 
-2532, 0, 
-2531, 0, 
-2530, 0, 
-2529, 0, 
-2528, 0, 
-2527, 0, 
-2526, 0, 
-2525, 0, 
-2524, 0, 
-2523, 0, 
-2522, 0, 
-2521, 0, 
-2520, 0, 
-2519, 0, 
-2518, 0, 
-2517, 0, 
-2516, 0, 
-2515, 0, 
-2514, 0, 
-2513, 0, 
-2512, 0, 
-2511, 0, 
-2510, 0, 
-2509, 0, 
-2508, 0, 
-2507, 0, 
-2506, 0, 
-2505, 0, 
-2504, 0, 
-2503, 0, 
-2502, 0, 
-2501, 0, 
-2500, 0, 
-2499, 0, 
-2498, 0, 
-2497, 0, 
-2496, 0, 
-2495, 0, 
-2494, 0, 
-2493, 0, 
-2492, 0, 
-2491, 0, 
-2490, 0, 
-2489, 0, 
-2488, 0, 
-2487, 0, 
-2486, 0, 
-2485, 0, 
-2484, 0, 
-2483, 0, 
-2482, 0, 
-2481, 0, 
-2480, 0, 
-2479, 0, 
-2478, 0, 
-2477, 0, 
-2476, 0, 
-2475, 0, 
-2474, 0, 
-2473, 0, 
-2472, 0, 
-2471, 0, 
-2470, 0, 
-2469, 0, 
-2468, 0, 
-2467, 0, 
-2466, 0, 
-2465, 0, 
-2464, 0, 
-2463, 0, 
-2462, 0, 
-2461, 0, 
-2460, 0, 
-2459, 0, 
-2458, 0, 
-2457, 0, 
-2456, 0, 
-2455, 0, 
-2454, 0, 
-2453, 0, 
-2452, 0, 
-2451, 0, 
-2450, 0, 
-2449, 0, 
-2448, 0, 
-2447, 0, 
-2446, 0, 
-2445, 0, 
-2444, 0, 
-2443, 0, 
-2442, 0, 
-2441, 0, 
-2440, 0, 
-2439, 0, 
-2438, 0, 
-2437, 0, 
-2436, 0, 
-2435, 0, 
-2434, 0, 
-2433, 0, 
-2432, 0, 
-2431, 0, 
-2430, 0, 
-2429, 0, 
-2428, 0, 
-2427, 0, 
-2426, 0, 
-2425, 0, 
-2424, 0, 
-2423, 0, 
-2422, 0, 
-2421, 0, 
-2420, 0, 
-2419, 0, 
-2418, 0, 
-2417, 0, 
-2416, 0, 
-2415, 0, 
-2414, 0, 
-2413, 0, 
-2412, 0, 
-2411, 0, 
-2410, 0, 
-2409, 0, 
-2408, 0, 
-2407, 0, 
-2406, 0, 
-2405, 0, 
-2404, 0, 
-2403, 0, 
-2402, 0, 
-2401, 0, 
-2400, 0, 
-2399, 0, 
-2398, 0, 
-2397, 0, 
-2396, 0, 
-2395, 0, 
-2394, 0, 
-2393, 0, 
-2392, 0, 
-2391, 0, 
-2390, 0, 
-2389, 0, 
-2388, 0, 
-2387, 0, 
-2386, 0, 
-2385, 0, 
-2384, 0, 
-2383, 0, 
-2382, 0, 
-2381, 0, 
-2380, 0, 
-2379, 0, 
-2378, 0, 
-2377, 0, 
-2376, 0, 
-2375, 0, 
-2374, 0, 
-2373, 0, 
-2372, 0, 
-2371, 0, 
-2370, 0, 
-2369, 0, 
-2368, 0, 
-2367, 0, 
-2366, 0, 
-2365, 0, 
-2364, 0, 
-2363, 0, 
-2362, 0, 
-2361, 0, 
-2360, 0, 
-2359, 0, 
-2358, 0, 
-2357, 0, 
-2356, 0, 
-2355, 0, 
-2354, 0, 
-2353, 0, 
-2352, 0, 
-2351, 0, 
-2350, 0, 
-2349, 0, 
-2348, 0, 
-2347, 0, 
-2346, 0, 
-2345, 0, 
-2344, 0, 
-2343, 1, 
-2342, 0, 
-2341, 0, 
-2340, 1, 
-2339, 0, 
-2338, 1, 
-2337, 0, 
-2336, 0, 
-2335, 0, 
-2334, 0, 
-2333, 0, 
-2332, 0, 
-2331, 0, 
-2330, 1, 
-2329, 2, 
-2328, 0, 
-2327, 1, 
-2326, 1, 
-2325, 0, 
-2324, 1, 
-2323, 0, 
-2322, 1, 
-2321, 0, 
-2320, 1, 
-2319, 0, 
-2318, 0, 
-2317, 0, 
-2316, 1, 
-2315, 0, 
-2314, 0, 
-2313, 0, 
-2312, 2, 
-2311, 0, 
-2310, 0, 
-2309, 0, 
-2308, 1, 
-2307, 0, 
-2306, 0, 
-2305, 0, 
-2304, 1, 
-2303, 2, 
-2302, 1, 
-2301, 0, 
-2300, 0, 
-2299, 0, 
-2298, 0, 
-2297, 2, 
-2296, 0, 
-2295, 1, 
-2294, 1, 
-2293, 1, 
-2292, 1, 
-2291, 3, 
-2290, 0, 
-2289, 3, 
-2288, 1, 
-2287, 1, 
-2286, 0, 
-2285, 0, 
-2284, 0, 
-2283, 0, 
-2282, 0, 
-2281, 0, 
-2280, 0, 
-2279, 0, 
-2278, 0, 
-2277, 0, 
-2276, 0, 
-2275, 0, 
-2274, 0, 
-2273, 0, 
-2272, 0, 
-2271, 0, 
-2270, 0, 
-2269, 0, 
-2268, 0, 
-2267, 0, 
-2266, 0, 
-2265, 0, 
-2264, 0, 
-2263, 0, 
-2262, 0, 
-2261, 0, 
-2260, 0, 
-2259, 0, 
-2258, 0, 
-2257, 0, 
-2256, 0, 
-2255, 0, 
-2254, 0, 
-2253, 0, 
-2252, 0, 
-2251, 0, 
-2250, 0, 
-2249, 0, 
-2248, 0, 
-2247, 0, 
-2246, 0, 
-2245, 0, 
-2244, 0, 
-2243, 0, 
-2242, 0, 
-2241, 0, 
-2240, 0, 
-2239, 0, 
-2238, 0, 
-2237, 0, 
-2236, 0, 
-2235, 0, 
-2234, 0, 
-2233, 0, 
-2232, 0, 
-2231, 0, 
-2230, 0, 
-2229, 0, 
-2228, 0, 
-2227, 0, 
-2226, 0, 
-2225, 0, 
-2224, 0, 
-2223, 0, 
-2222, 0, 
-2221, 0, 
-2220, 0, 
-2219, 0, 
-2218, 0, 
-2217, 0, 
-2216, 0, 
-2215, 0, 
-2214, 0, 
-2213, 0, 
-2212, 0, 
-2211, 0, 
-2210, 0, 
-2209, 0, 
-2208, 0, 
-2207, 0, 
-2206, 0, 
-2205, 0, 
-2204, 0, 
-2203, 0, 
-2202, 0, 
-2201, 0, 
-2200, 0, 
-2199, 0, 
-2198, 0, 
-2197, 0, 
-2196, 0, 
-2195, 0, 
-2194, 0, 
-2193, 0, 
-2192, 0, 
-2191, 0, 
-2190, 0, 
-2189, 0, 
-2188, 0, 
-2187, 0, 
-2186, 0, 
-2185, 0, 
-2184, 0, 
-2183, 0, 
-2182, 0, 
-2181, 0, 
-2180, 0, 
-2179, 0, 
-2178, 0, 
-2177, 0, 
-2176, 0, 
-2175, 0, 
-2174, 0, 
-2173, 0, 
-2172, 0, 
-2171, 0, 
-2170, 0, 
-2169, 0, 
-2168, 0, 
-2167, 0, 
-2166, 0, 
-2165, 0, 
-2164, 0, 
-2163, 0, 
-2162, 0, 
-2161, 0, 
-2160, 0, 
-2159, 0, 
-2158, 0, 
-2157, 0, 
-2156, 0, 
-2155, 0, 
-2154, 0, 
-2153, 0, 
-2152, 0, 
-2151, 0, 
-2150, 0, 
-2149, 0, 
-2148, 0, 
-2147, 0, 
-2146, 0, 
-2145, 0, 
-2144, 0, 
-2143, 0, 
-2142, 0, 
-2141, 0, 
-2140, 0, 
-2139, 0, 
-2138, 0, 
-2137, 0, 
-2136, 0, 
-2135, 0, 
-2134, 0, 
-2133, 0, 
-2132, 0, 
-2131, 0, 
-2130, 0, 
-2129, 0, 
-2128, 0, 
-2127, 0, 
-2126, 0, 
-2125, 0, 
-2124, 0, 
-2123, 0, 
-2122, 0, 
-2121, 0, 
-2120, 0, 
-2119, 0, 
-2118, 0, 
-2117, 0, 
-2116, 0, 
-2115, 0, 
-2114, 0, 
-2113, 0, 
-2112, 0, 
-2111, 0, 
-2110, 0, 
-2109, 0, 
-2108, 0, 
-2107, 0, 
-2106, 0, 
-2105, 0, 
-2104, 0, 
-2103, 0, 
-2102, 0, 
-2101, 0, 
-2100, 0, 
-2099, 0, 
-2098, 0, 
-2097, 0, 
-2096, 0, 
-2095, 0, 
-2094, 0, 
-2093, 0, 
-2092, 0, 
-2091, 0, 
-2090, 0, 
-2089, 0, 
-2088, 0, 
-2087, 0, 
-2086, 0, 
-2085, 0, 
-2084, 0, 
-2083, 0, 
-2082, 0, 
-2081, 0, 
-2080, 0, 
-2079, 0, 
-2078, 0, 
-2077, 0, 
-2076, 0, 
-2075, 0, 
-2074, 0, 
-2073, 0, 
-2072, 0, 
-2071, 0, 
-2070, 0, 
-2069, 0, 
-2068, 0, 
-2067, 0, 
-2066, 0, 
-2065, 0, 
-2064, 0, 
-2063, 0, 
-2062, 0, 
-2061, 0, 
-2060, 0, 
-2059, 0, 
-2058, 0, 
-2057, 0, 
-2056, 0, 
-2055, 0, 
-2054, 0, 
-2053, 0, 
-2052, 0, 
-2051, 0, 
-2050, 0, 
-2049, 0, 
-2048, 0, 
-2047, 0, 
-2046, 0, 
-2045, 0, 
-2044, 0, 
-2043, 0, 
-2042, 0, 
-2041, 0, 
-2040, 0, 
-2039, 0, 
-2038, 0, 
-2037, 0, 
-2036, 0, 
-2035, 0, 
-2034, 0, 
-2033, 0, 
-2032, 0, 
-2031, 0, 
-2030, 0, 
-2029, 0, 
-2028, 0, 
-2027, 0, 
-2026, 0, 
-2025, 0, 
-2024, 0, 
-2023, 0, 
-2022, 0, 
-2021, 0, 
-2020, 0, 
-2019, 0, 
-2018, 0, 
-2017, 0, 
-2016, 0, 
-2015, 0, 
-2014, 0, 
-2013, 0, 
-2012, 0, 
-2011, 0, 
-2010, 0, 
-2009, 0, 
-2008, 0, 
-2007, 0, 
-2006, 0, 
-2005, 0, 
-2004, 0, 
-2003, 0, 
-2002, 0, 
-2001, 0, 
-2000, 0, 
-1999, 0, 
-1998, 0, 
-1997, 0, 
-1996, 0, 
-1995, 0, 
-1994, 0, 
-1993, 0, 
-1992, 0, 
-1991, 0, 
-1990, 0, 
-1989, 0, 
-1988, 0, 
-1987, 0, 
-1986, 0, 
-1985, 0, 
-1984, 0, 
-1983, 0, 
-1982, 0, 
-1981, 0, 
-1980, 0, 
-1979, 0, 
-1978, 0, 
-1977, 0, 
-1976, 0, 
-1975, 0, 
-1974, 0, 
-1973, 0, 
-1972, 0, 
-1971, 0, 
-1970, 0, 
-1969, 0, 
-1968, 0, 
-1967, 0, 
-1966, 0, 
-1965, 0, 
-1964, 0, 
-1963, 0, 
-1962, 0, 
-1961, 0, 
-1960, 0, 
-1959, 0, 
-1958, 0, 
-1957, 0, 
-1956, 0, 
-1955, 0, 
-1954, 0, 
-1953, 0, 
-1952, 0, 
-1951, 0, 
-1950, 0, 
-1949, 0, 
-1948, 0, 
-1947, 0, 
-1946, 0, 
-1945, 0, 
-1944, 0, 
-1943, 0, 
-1942, 0, 
-1941, 0, 
-1940, 0, 
-1939, 0, 
-1938, 0, 
-1937, 0, 
-1936, 0, 
-1935, 0, 
-1934, 0, 
-1933, 0, 
-1932, 0, 
-1931, 0, 
-1930, 0, 
-1929, 0, 
-1928, 0, 
-1927, 0, 
-1926, 0, 
-1925, 0, 
-1924, 0, 
-1923, 0, 
-1922, 0, 
-1921, 0, 
-1920, 0, 
-1919, 0, 
-1918, 0, 
-1917, 0, 
-1916, 0, 
-1915, 0, 
-1914, 0, 
-1913, 0, 
-1912, 0, 
-1911, 0, 
-1910, 0, 
-1909, 0, 
-1908, 0, 
-1907, 0, 
-1906, 0, 
-1905, 0, 
-1904, 0, 
-1903, 0, 
-1902, 0, 
-1901, 0, 
-1900, 0, 
-1899, 0, 
-1898, 0, 
-1897, 0, 
-1896, 0, 
-1895, 0, 
-1894, 0, 
-1893, 0, 
-1892, 0, 
-1891, 0, 
-1890, 0, 
-1889, 0, 
-1888, 0, 
-1887, 0, 
-1886, 0, 
-1885, 0, 
-1884, 0, 
-1883, 0, 
-1882, 0, 
-1881, 0, 
-1880, 0, 
-1879, 0, 
-1878, 0, 
-1877, 0, 
-1876, 0, 
-1875, 0, 
-1874, 0, 
-1873, 0, 
-1872, 0, 
-1871, 0, 
-1870, 0, 
-1869, 0, 
-1868, 0, 
-1867, 0, 
-1866, 0, 
-1865, 0, 
-1864, 0, 
-1863, 0, 
-1862, 0, 
-1861, 0, 
-1860, 0, 
-1859, 0, 
-1858, 0, 
-1857, 0, 
-1856, 0, 
-1855, 0, 
-1854, 0, 
-1853, 0, 
-1852, 0, 
-1851, 0, 
-1850, 0, 
-1849, 0, 
-1848, 0, 
-1847, 0, 
-1846, 0, 
-1845, 0, 
-1844, 0, 
-1843, 0, 
-1842, 0, 
-1841, 0, 
-1840, 0, 
-1839, 0, 
-1838, 0, 
-1837, 0, 
-1836, 0, 
-1835, 0, 
-1834, 0, 
-1833, 0, 
-1832, 0, 
-1831, 0, 
-1830, 0, 
-1829, 0, 
-1828, 0, 
-1827, 0, 
-1826, 0, 
-1825, 0, 
-1824, 0, 
-1823, 0, 
-1822, 0, 
-1821, 0, 
-1820, 0, 
-1819, 0, 
-1818, 0, 
-1817, 0, 
-1816, 0, 
-1815, 0, 
-1814, 0, 
-1813, 0, 
-1812, 0, 
-1811, 0, 
-1810, 0, 
-1809, 0, 
-1808, 0, 
-1807, 0, 
-1806, 0, 
-1805, 0, 
-1804, 0, 
-1803, 0, 
-1802, 0, 
-1801, 0, 
-1800, 0, 
-1799, 0, 
-1798, 0, 
-1797, 0, 
-1796, 0, 
-1795, 0, 
-1794, 0, 
-1793, 0, 
-1792, 0, 
-1791, 0, 
-1790, 0, 
-1789, 0, 
-1788, 0, 
-1787, 0, 
-1786, 0, 
-1785, 0, 
-1784, 0, 
-1783, 0, 
-1782, 0, 
-1781, 0, 
-1780, 0, 
-1779, 0, 
-1778, 0, 
-1777, 0, 
-1776, 0, 
-1775, 0, 
-1774, 0, 
-1773, 0, 
-1772, 0, 
-1771, 0, 
-1770, 0, 
-1769, 0, 
-1768, 0, 
-1767, 0, 
-1766, 0, 
-1765, 0, 
-1764, 0, 
-1763, 0, 
-1762, 0, 
-1761, 0, 
-1760, 0, 
-1759, 0, 
-1758, 0, 
-1757, 0, 
-1756, 0, 
-1755, 0, 
-1754, 0, 
-1753, 0, 
-1752, 0, 
-1751, 0, 
-1750, 0, 
-1749, 0, 
-1748, 0, 
-1747, 0, 
-1746, 0, 
-1745, 0, 
-1744, 0, 
-1743, 0, 
-1742, 0, 
-1741, 0, 
-1740, 0, 
-1739, 0, 
-1738, 0, 
-1737, 0, 
-1736, 0, 
-1735, 0, 
-1734, 0, 
-1733, 0, 
-1732, 0, 
-1731, 0, 
-1730, 0, 
-1729, 0, 
-1728, 0, 
-1727, 0, 
-1726, 0, 
-1725, 0, 
-1724, 0, 
-1723, 0, 
-1722, 0, 
-1721, 0, 
-1720, 0, 
-1719, 0, 
-1718, 0, 
-1717, 0, 
-1716, 0, 
-1715, 0, 
-1714, 0, 
-1713, 0, 
-1712, 0, 
-1711, 0, 
-1710, 0, 
-1709, 0, 
-1708, 0, 
-1707, 0, 
-1706, 0, 
-1705, 0, 
-1704, 0, 
-1703, 0, 
-1702, 0, 
-1701, 0, 
-1700, 0, 
-1699, 0, 
-1698, 0, 
-1697, 0, 
-1696, 0, 
-1695, 0, 
-1694, 0, 
-1693, 0, 
-1692, 0, 
-1691, 0, 
-1690, 0, 
-1689, 0, 
-1688, 0, 
-1687, 0, 
-1686, 0, 
-1685, 0, 
-1684, 0, 
-1683, 0, 
-1682, 0, 
-1681, 0, 
-1680, 0, 
-1679, 0, 
-1678, 0, 
-1677, 0, 
-1676, 0, 
-1675, 0, 
-1674, 0, 
-1673, 0, 
-1672, 0, 
-1671, 0, 
-1670, 0, 
-1669, 0, 
-1668, 0, 
-1667, 0, 
-1666, 0, 
-1665, 0, 
-1664, 0, 
-1663, 0, 
-1662, 0, 
-1661, 0, 
-1660, 0, 
-1659, 0, 
-1658, 0, 
-1657, 0, 
-1656, 0, 
-1655, 0, 
-1654, 0, 
-1653, 0, 
-1652, 0, 
-1651, 0, 
-1650, 0, 
-1649, 0, 
-1648, 0, 
-1647, 0, 
-1646, 0, 
-1645, 0, 
-1644, 0, 
-1643, 0, 
-1642, 0, 
-1641, 0, 
-1640, 0, 
-1639, 0, 
-1638, 0, 
-1637, 0, 
-1636, 0, 
-1635, 0, 
-1634, 0, 
-1633, 0, 
-1632, 0, 
-1631, 0, 
-1630, 0, 
-1629, 0, 
-1628, 0, 
-1627, 0, 
-1626, 0, 
-1625, 0, 
-1624, 0, 
-1623, 0, 
-1622, 0, 
-1621, 0, 
-1620, 0, 
-1619, 0, 
-1618, 0, 
-1617, 0, 
-1616, 0, 
-1615, 0, 
-1614, 0, 
-1613, 0, 
-1612, 0, 
-1611, 0, 
-1610, 0, 
-1609, 0, 
-1608, 0, 
-1607, 0, 
-1606, 0, 
-1605, 0, 
-1604, 0, 
-1603, 0, 
-1602, 0, 
-1601, 0, 
-1600, 0, 
-1599, 0, 
-1598, 0, 
-1597, 0, 
-1596, 0, 
-1595, 0, 
-1594, 0, 
-1593, 0, 
-1592, 0, 
-1591, 0, 
-1590, 0, 
-1589, 0, 
-1588, 0, 
-1587, 0, 
-1586, 0, 
-1585, 0, 
-1584, 0, 
-1583, 0, 
-1582, 0, 
-1581, 0, 
-1580, 0, 
-1579, 0, 
-1578, 0, 
-1577, 0, 
-1576, 0, 
-1575, 0, 
-1574, 0, 
-1573, 0, 
-1572, 0, 
-1571, 0, 
-1570, 0, 
-1569, 0, 
-1568, 0, 
-1567, 0, 
-1566, 0, 
-1565, 0, 
-1564, 0, 
-1563, 0, 
-1562, 0, 
-1561, 0, 
-1560, 0, 
-1559, 0, 
-1558, 0, 
-1557, 0, 
-1556, 0, 
-1555, 0, 
-1554, 0, 
-1553, 0, 
-1552, 0, 
-1551, 0, 
-1550, 0, 
-1549, 0, 
-1548, 0, 
-1547, 0, 
-1546, 0, 
-1545, 0, 
-1544, 0, 
-1543, 0, 
-1542, 0, 
-1541, 0, 
-1540, 0, 
-1539, 0, 
-1538, 0, 
-1537, 0, 
-1536, 0, 
-1535, 0, 
-1534, 0, 
-1533, 0, 
-1532, 0, 
-1531, 0, 
-1530, 0, 
-1529, 0, 
-1528, 0, 
-1527, 0, 
-1526, 0, 
-1525, 0, 
-1524, 0, 
-1523, 0, 
-1522, 0, 
-1521, 0, 
-1520, 0, 
-1519, 0, 
-1518, 0, 
-1517, 0, 
-1516, 0, 
-1515, 0, 
-1514, 0, 
-1513, 0, 
-1512, 0, 
-1511, 0, 
-1510, 0, 
-1509, 0, 
-1508, 0, 
-1507, 0, 
-1506, 0, 
-1505, 0, 
-1504, 0, 
-1503, 0, 
-1502, 0, 
-1501, 0, 
-1500, 0, 
-1499, 0, 
-1498, 0, 
-1497, 0, 
-1496, 0, 
-1495, 0, 
-1494, 0, 
-1493, 0, 
-1492, 0, 
-1491, 0, 
-1490, 0, 
-1489, 0, 
-1488, 0, 
-1487, 0, 
-1486, 0, 
-1485, 0, 
-1484, 0, 
-1483, 0, 
-1482, 0, 
-1481, 0, 
-1480, 0, 
-1479, 0, 
-1478, 0, 
-1477, 0, 
-1476, 0, 
-1475, 0, 
-1474, 0, 
-1473, 0, 
-1472, 0, 
-1471, 0, 
-1470, 0, 
-1469, 0, 
-1468, 0, 
-1467, 0, 
-1466, 0, 
-1465, 0, 
-1464, 0, 
-1463, 0, 
-1462, 0, 
-1461, 0, 
-1460, 0, 
-1459, 0, 
-1458, 0, 
-1457, 0, 
-1456, 0, 
-1455, 0, 
-1454, 0, 
-1453, 0, 
-1452, 0, 
-1451, 0, 
-1450, 0, 
-1449, 0, 
-1448, 0, 
-1447, 0, 
-1446, 0, 
-1445, 0, 
-1444, 0, 
-1443, 0, 
-1442, 0, 
-1441, 0, 
-1440, 0, 
-1439, 0, 
-1438, 0, 
-1437, 0, 
-1436, 0, 
-1435, 0, 
-1434, 0, 
-1433, 0, 
-1432, 0, 
-1431, 0, 
-1430, 0, 
-1429, 1, 
-1428, 0, 
-1427, 0, 
-1426, 0, 
-1425, 0, 
-1424, 0, 
-1423, 0, 
-1422, 0, 
-1421, 0, 
-1420, 0, 
-1419, 1, 
-1418, 0, 
-1417, 0, 
-1416, 1, 
-1415, 0, 
-1414, 0, 
-1413, 0, 
-1412, 0, 
-1411, 0, 
-1410, 0, 
-1409, 0, 
-1408, 0, 
-1407, 1, 
-1406, 0, 
-1405, 0, 
-1404, 0, 
-1403, 0, 
-1402, 0, 
-1401, 0, 
-1400, 0, 
-1399, 0, 
-1398, 0, 
-1397, 0, 
-1396, 0, 
-1395, 0, 
-1394, 0, 
-1393, 0, 
-1392, 1, 
-1391, 0, 
-1390, 1, 
-1389, 0, 
-1388, 1, 
-1387, 0, 
-1386, 0, 
-1385, 1, 
-1384, 0, 
-1383, 0, 
-1382, 0, 
-1381, 0, 
-1380, 0, 
-1379, 0, 
-1378, 0, 
-1377, 0, 
-1376, 0, 
-1375, 0, 
-1374, 0, 
-1373, 0, 
-1372, 0, 
-1371, 0, 
-1370, 0, 
-1369, 0, 
-1368, 0, 
-1367, 0, 
-1366, 0, 
-1365, 0, 
-1364, 1, 
-1363, 0, 
-1362, 0, 
-1361, 0, 
-1360, 0, 
-1359, 0, 
-1358, 0, 
-1357, 0, 
-1356, 0, 
-1355, 0, 
-1354, 1, 
-1353, 0, 
-1352, 1, 
-1351, 0, 
-1350, 0, 
-1349, 0, 
-1348, 0, 
-1347, 0, 
-1346, 1, 
-1345, 0, 
-1344, 1, 
-1343, 0, 
-1342, 1, 
-1341, 0, 
-1340, 0, 
-1339, 1, 
-1338, 0, 
-1337, 0, 
-1336, 2, 
-1335, 0, 
-1334, 0, 
-1333, 0, 
-1332, 1, 
-1331, 0, 
-1330, 2, 
-1329, 1, 
-1328, 1, 
-1327, 0, 
-1326, 1, 
-1325, 1, 
-1324, 0, 
-1323, 1, 
-1322, 1, 
-1321, 2, 
-1320, 1, 
-1319, 1, 
-1318, 1, 
-1317, 2, 
-1316, 0, 
-1315, 5, 
-1314, 3, 
-1313, 0, 
-1312, 1, 
-1311, 0, 
-1310, 0, 
-1309, 1, 
-1308, 1, 
-1307, 1, 
-1306, 1, 
-1305, 0, 
-1304, 1, 
-1303, 2, 
-1302, 1, 
-1301, 0, 
-1300, 3, 
-1299, 0, 
-1298, 2, 
-1297, 4, 
-1296, 0, 
-1295, 3, 
-1294, 1, 
-1293, 0, 
-1292, 0, 
-1291, 2, 
-1290, 2, 
-1289, 1, 
-1288, 2, 
-1287, 0, 
-1286, 0, 
-1285, 2, 
-1284, 0, 
-1283, 1, 
-1282, 2, 
-1281, 1, 
-1280, 3, 
-1279, 2, 
-1278, 5, 
-1277, 1, 
-1276, 3, 
-1275, 3, 
-1274, 2, 
-1273, 0, 
-1272, 2, 
-1271, 1, 
-1270, 4, 
-1269, 1, 
-1268, 5, 
-1267, 4, 
-1266, 7, 
-1265, 2, 
-1264, 3, 
-1263, 3, 
-1262, 8, 
-1261, 6, 
-1260, 4, 
-1259, 4, 
-1258, 6, 
-1257, 2, 
-1256, 5, 
-1255, 6, 
-1254, 7, 
-1253, 5, 
-1252, 3, 
-1251, 9, 
-1250, 6, 
-1249, 10, 
-1248, 9, 
-1247, 3, 
-1246, 8, 
-1245, 10, 
-1244, 5, 
-1243, 7, 
-1242, 5, 
-1241, 7, 
-1240, 7, 
-1239, 8, 
-1238, 9, 
-1237, 10, 
-1236, 11, 
-1235, 10, 
-1234, 8, 
-1233, 12, 
-1232, 7, 
-1231, 4, 
-1230, 13, 
-1229, 17, 
-1228, 11, 
-1227, 16, 
-1226, 13, 
-1225, 10, 
-1224, 14, 
-1223, 12, 
-1222, 13, 
-1221, 13, 
-1220, 19, 
-1219, 13, 
-1218, 15, 
-1217, 20, 
-1216, 16, 
-1215, 21, 
-1214, 19, 
-1213, 20, 
-1212, 13, 
-1211, 26, 
-1210, 16, 
-1209, 20, 
-1208, 20, 
-1207, 22, 
-1206, 20, 
-1205, 25, 
-1204, 20, 
-1203, 25, 
-1202, 31, 
-1201, 33, 
-1200, 35, 
-1199, 23, 
-1198, 31, 
-1197, 16, 
-1196, 30, 
-1195, 34, 
-1194, 21, 
-1193, 32, 
-1192, 20, 
-1191, 33, 
-1190, 29, 
-1189, 34, 
-1188, 42, 
-1187, 29, 
-1186, 36, 
-1185, 34, 
-1184, 44, 
-1183, 39, 
-1182, 38, 
-1181, 38, 
-1180, 39, 
-1179, 41, 
-1178, 45, 
-1177, 44, 
-1176, 36, 
-1175, 38, 
-1174, 34, 
-1173, 65, 
-1172, 61, 
-1171, 60, 
-1170, 51, 
-1169, 54, 
-1168, 60, 
-1167, 56, 
-1166, 56, 
-1165, 48, 
-1164, 52, 
-1163, 74, 
-1162, 69, 
-1161, 64, 
-1160, 63, 
-1159, 71, 
-1158, 66, 
-1157, 75, 
-1156, 84, 
-1155, 75, 
-1154, 74, 
-1153, 77, 
-1152, 85, 
-1151, 84, 
-1150, 90, 
-1149, 88, 
-1148, 97, 
-1147, 83, 
-1146, 96, 
-1145, 103, 
-1144, 73, 
-1143, 107, 
-1142, 119, 
-1141, 122, 
-1140, 130, 
-1139, 114, 
-1138, 108, 
-1137, 123, 
-1136, 142, 
-1135, 102, 
-1134, 128, 
-1133, 126, 
-1132, 125, 
-1131, 125, 
-1130, 144, 
-1129, 138, 
-1128, 142, 
-1127, 167, 
-1126, 148, 
-1125, 170, 
-1124, 157, 
-1123, 183, 
-1122, 176, 
-1121, 167, 
-1120, 166, 
-1119, 189, 
-1118, 171, 
-1117, 192, 
-1116, 218, 
-1115, 195, 
-1114, 200, 
-1113, 188, 
-1112, 210, 
-1111, 231, 
-1110, 227, 
-1109, 240, 
-1108, 254, 
-1107, 254, 
-1106, 233, 
-1105, 230, 
-1104, 232, 
-1103, 240, 
-1102, 284, 
-1101, 287, 
-1100, 310, 
-1099, 294, 
-1098, 296, 
-1097, 328, 
-1096, 291, 
-1095, 330, 
-1094, 310, 
-1093, 338, 
-1092, 356, 
-1091, 335, 
-1090, 383, 
-1089, 390, 
-1088, 372, 
-1087, 385, 
-1086, 412, 
-1085, 429, 
-1084, 416, 
-1083, 428, 
-1082, 444, 
-1081, 472, 
-1080, 462, 
-1079, 443, 
-1078, 467, 
-1077, 529, 
-1076, 525, 
-1075, 539, 
-1074, 559, 
-1073, 532, 
-1072, 578, 
-1071, 596, 
-1070, 563, 
-1069, 585, 
-1068, 609, 
-1067, 554, 
-1066, 673, 
-1065, 665, 
-1064, 629, 
-1063, 676, 
-1062, 688, 
-1061, 733, 
-1060, 711, 
-1059, 762, 
-1058, 704, 
-1057, 806, 
-1056, 773, 
-1055, 821, 
-1054, 825, 
-1053, 811, 
-1052, 885, 
-1051, 904, 
-1050, 958, 
-1049, 911, 
-1048, 916, 
-1047, 975, 
-1046, 996, 
-1045, 991, 
-1044, 1046, 
-1043, 1054, 
-1042, 1100, 
-1041, 1150, 
-1040, 1114, 
-1039, 1216, 
-1038, 1173, 
-1037, 1251, 
-1036, 1230, 
-1035, 1293, 
-1034, 1354, 
-1033, 1335, 
-1032, 1350, 
-1031, 1346, 
-1030, 1472, 
-1029, 1432, 
-1028, 1595, 
-1027, 1535, 
-1026, 1547, 
-1025, 1586, 
-1024, 1551, 
-1023, 1693, 
-1022, 1664, 
-1021, 1729, 
-1020, 1809, 
-1019, 1835, 
-1018, 1815, 
-1017, 1929, 
-1016, 1915, 
-1015, 1933, 
-1014, 2008, 
-1013, 2097, 
-1012, 2064, 
-1011, 2149, 
-1010, 2271, 
-1009, 2181, 
-1008, 2213, 
-1007, 2410, 
-1006, 2468, 
-1005, 2448, 
-1004, 2539, 
-1003, 2535, 
-1002, 2637, 
-1001, 2679, 
-1000, 2765, 
-999, 2824, 
-998, 2870, 
-997, 2948, 
-996, 2965, 
-995, 3069, 
-994, 3053, 
-993, 3183, 
-992, 3236, 
-991, 3158, 
-990, 3463, 
-989, 3530, 
-988, 3516, 
-987, 3658, 
-986, 3776, 
-985, 3804, 
-984, 3775, 
-983, 3905, 
-982, 3871, 
-981, 4199, 
-980, 4171, 
-979, 4217, 
-978, 4443, 
-977, 4424, 
-976, 4386, 
-975, 4687, 
-974, 4734, 
-973, 4863, 
-972, 4929, 
-971, 5075, 
-970, 5223, 
-969, 5323, 
-968, 5395, 
-967, 5456, 
-966, 5469, 
-965, 5772, 
-964, 5761, 
-963, 5904, 
-962, 6139, 
-961, 6136, 
-960, 6290, 
-959, 6448, 
-958, 6632, 
-957, 6835, 
-956, 6921, 
-955, 7109, 
-954, 7004, 
-953, 7353, 
-952, 7471, 
-951, 7664, 
-950, 7798, 
-949, 7936, 
-948, 8321, 
-947, 8411, 
-946, 8533, 
-945, 8651, 
-944, 9019, 
-943, 9051, 
-942, 9372, 
-941, 9418, 
-940, 9533, 
-939, 9810, 
-938, 10049, 
-937, 10159, 
-936, 10254, 
-935, 10710, 
-934, 10875, 
-933, 11108, 
-932, 10997, 
-931, 11513, 
-930, 11835, 
-929, 11955, 
-928, 12109, 
-927, 12365, 
-926, 12544, 
-925, 12914, 
-924, 13172, 
-923, 13340, 
-922, 13716, 
-921, 14118, 
-920, 14284, 
-919, 14540, 
-918, 14995, 
-917, 15098, 
-916, 15530, 
-915, 15613, 
-914, 16130, 
-913, 16294, 
-912, 16737, 
-911, 17180, 
-910, 17298, 
-909, 17793, 
-908, 18370, 
-907, 18541, 
-906, 18875, 
-905, 19205, 
-904, 19549, 
-903, 19865, 
-902, 20495, 
-901, 20963, 
-900, 21073, 
-899, 21679, 
-898, 21972, 
-897, 22406, 
-896, 22806, 
-895, 23306, 
-894, 23608, 
-893, 24296, 
-892, 24617, 
-891, 24951, 
-890, 25788, 
-889, 26026, 
-888, 26448, 
-887, 27035, 
-886, 28098, 
-885, 27922, 
-884, 28721, 
-883, 29465, 
-882, 29339, 
-881, 30427, 
-880, 30769, 
-879, 31539, 
-878, 32079, 
-877, 32819, 
-876, 33189, 
-875, 34033, 
-874, 34552, 
-873, 35349, 
-872, 35895, 
-871, 36913, 
-870, 37188, 
-869, 37989, 
-868, 38658, 
-867, 39285, 
-866, 40296, 
-865, 41210, 
-864, 42081, 
-863, 42766, 
-862, 43096, 
-861, 43980, 
-860, 44926, 
-859, 46301, 
-858, 46355, 
-857, 47446, 
-856, 48158, 
-855, 49233, 
-854, 50245, 
-853, 51293, 
-852, 52318, 
-851, 53145, 
-850, 54264, 
-849, 54602, 
-848, 56206, 
-847, 57529, 
-846, 58102, 
-845, 59579, 
-844, 59774, 
-843, 61290, 
-842, 62371, 
-841, 63640, 
-840, 64910, 
-839, 65554, 
-838, 67078, 
-837, 68422, 
-836, 69896, 
-835, 71229, 
-834, 72339, 
-833, 73559, 
-832, 74819, 
-831, 75995, 
-830, 76978, 
-829, 78724, 
-828, 80039, 
-827, 81734, 
-826, 83283, 
-825, 84692, 
-824, 86106, 
-823, 87873, 
-822, 89382, 
-821, 90447, 
-820, 92312, 
-819, 94422, 
-818, 95435, 
-817, 97966, 
-816, 99539, 
-815, 101043, 
-814, 103021, 
-813, 105076, 
-812, 106634, 
-811, 108484, 
-810, 110541, 
-809, 111746, 
-808, 114290, 
-807, 116152, 
-806, 118133, 
-805, 120680, 
-804, 122944, 
-803, 124552, 
-802, 126171, 
-801, 128806, 
-800, 130833, 
-799, 133672, 
-798, 136054, 
-797, 138135, 
-796, 140857, 
-795, 142983, 
-794, 145334, 
-793, 147744, 
-792, 150732, 
-791, 153560, 
-790, 154918, 
-789, 158817, 
-788, 161347, 
-787, 163361, 
-786, 166155, 
-785, 168915, 
-784, 171709, 
-783, 174641, 
-782, 178078, 
-781, 180357, 
-780, 184177, 
-779, 187796, 
-778, 190518, 
-777, 193757, 
-776, 196467, 
-775, 200420, 
-774, 203634, 
-773, 206804, 
-772, 210482, 
-771, 214882, 
-770, 217794, 
-769, 221386, 
-768, 225153, 
-767, 228602, 
-766, 232292, 
-765, 235956, 
-764, 240976, 
-763, 244170, 
-762, 247570, 
-761, 252774, 
-760, 256419, 
-759, 260383, 
-758, 265466, 
-757, 269710, 
-756, 272970, 
-755, 278497, 
-754, 282424, 
-753, 287410, 
-752, 292851, 
-751, 297656, 
-750, 301355, 
-749, 306600, 
-748, 311791, 
-747, 316680, 
-746, 322059, 
-745, 326960, 
-744, 332598, 
-743, 336807, 
-742, 342936, 
-741, 348690, 
-740, 353282, 
-739, 360356, 
-738, 365863, 
-737, 371519, 
-736, 377094, 
-735, 383169, 
-734, 389160, 
-733, 394937, 
-732, 402267, 
-731, 408120, 
-730, 414288, 
-729, 422778, 
-728, 428957, 
-727, 433737, 
-726, 442403, 
-725, 448390, 
-724, 456124, 
-723, 463319, 
-722, 469159, 
-721, 477602, 
-720, 484955, 
-719, 491518, 
-718, 500613, 
-717, 508695, 
-716, 515699, 
-715, 523284, 
-714, 531384, 
-713, 539825, 
-712, 548853, 
-711, 555521, 
-710, 566308, 
-709, 574231, 
-708, 582309, 
-707, 592795, 
-706, 599573, 
-705, 610027, 
-704, 618815, 
-703, 628580, 
-702, 638509, 
-701, 648339, 
-700, 657686, 
-699, 667876, 
-698, 677085, 
-697, 687235, 
-696, 698408, 
-695, 710107, 
-694, 719021, 
-693, 729532, 
-692, 741259, 
-691, 752133, 
-690, 764025, 
-689, 775737, 
-688, 786674, 
-687, 795710, 
-686, 809922, 
-685, 822735, 
-684, 833473, 
-683, 845302, 
-682, 858944, 
-681, 871187, 
-680, 882956, 
-679, 897586, 
-678, 910330, 
-677, 921462, 
-676, 937306, 
-675, 951343, 
-674, 962550, 
-673, 978181, 
-672, 993804, 
-671, 1009675, 
-670, 1021970, 
-669, 1037437, 
-668, 1052367, 
-667, 1066887, 
-666, 1083342, 
-665, 1098101, 
-664, 1113382, 
-663, 1130051, 
-662, 1148499, 
-661, 1164020, 
-660, 1178630, 
-659, 1197613, 
-658, 1211510, 
-657, 1228047, 
-656, 1247678, 
-655, 1265420, 
-654, 1282131, 
-653, 1301497, 
-652, 1320763, 
-651, 1340344, 
-650, 1357874, 
-649, 1375995, 
-648, 1395483, 
-647, 1414495, 
-646, 1434680, 
-645, 1454243, 
-644, 1475080, 
-643, 1497059, 
-642, 1516580, 
-641, 1537903, 
-640, 1558788, 
-639, 1581206, 
-638, 1602010, 
-637, 1622691, 
-636, 1648414, 
-635, 1668218, 
-634, 1689682, 
-633, 1714336, 
-632, 1740827, 
-631, 1762746, 
-630, 1786800, 
-629, 1811049, 
-628, 1835198, 
-627, 1859280, 
-626, 1885893, 
-625, 1914520, 
-624, 1935952, 
-623, 1964044, 
-622, 1988908, 
-621, 2017699, 
-620, 2045120, 
-619, 2072399, 
-618, 2098435, 
-617, 2128317, 
-616, 2155291, 
-615, 2183727, 
-614, 2214811, 
-613, 2242739, 
-612, 2271525, 
-611, 2304309, 
-610, 2331433, 
-609, 2364754, 
-608, 2392697, 
-607, 2424029, 
-606, 2458640, 
-605, 2490336, 
-604, 2521667, 
-603, 2553089, 
-602, 2588060, 
-601, 2622012, 
-600, 2654705, 
-599, 2693780, 
-598, 2723756, 
-597, 2761447, 
-596, 2798117, 
-595, 2831472, 
-594, 2868711, 
-593, 2906326, 
-592, 2941853, 
-591, 2979332, 
-590, 3020046, 
-589, 3058942, 
-588, 3097151, 
-587, 3138056, 
-586, 3178343, 
-585, 3216717, 
-584, 3257082, 
-583, 3299756, 
-582, 3339627, 
-581, 3382051, 
-580, 3424304, 
-579, 3463430, 
-578, 3509492, 
-577, 3552604, 
-576, 3595480, 
-575, 3644159, 
-574, 3688803, 
-573, 3731709, 
-572, 3780105, 
-571, 3828314, 
-570, 3875913, 
-569, 3921315, 
-568, 3966132, 
-567, 4017455, 
-566, 4066892, 
-565, 4115292, 
-564, 4165496, 
-563, 4215891, 
-562, 4270327, 
-561, 4319632, 
-560, 4371651, 
-559, 4429912, 
-558, 4479325, 
-557, 4534921, 
-556, 4589714, 
-555, 4643838, 
-554, 4700454, 
-553, 4756979, 
-552, 4810685, 
-551, 4866014, 
-550, 4925114, 
-549, 4988405, 
-548, 5046198, 
-547, 5103163, 
-546, 5169226, 
-545, 5232744, 
-544, 5284401, 
-543, 5349428, 
-542, 5412800, 
-541, 5477704, 
-540, 5543167, 
-539, 5604682, 
-538, 5673479, 
-537, 5733687, 
-536, 5799964, 
-535, 5870935, 
-534, 5937066, 
-533, 6005769, 
-532, 6072147, 
-531, 6143481, 
-530, 6213559, 
-529, 6282578, 
-528, 6358557, 
-527, 6432481, 
-526, 6505088, 
-525, 6575606, 
-524, 6654450, 
-523, 6728396, 
-522, 6803351, 
-521, 6881523, 
-520, 6956428, 
-519, 7036151, 
-518, 7114723, 
-517, 7192582, 
-516, 7270426, 
-515, 7353752, 
-514, 7434995, 
-513, 7517169, 
-512, 7597527, 
-511, 7682133, 
-510, 7771491, 
-509, 7857438, 
-508, 7941569, 
-507, 8028655, 
-506, 8116170, 
-505, 8204764, 
-504, 8301413, 
-503, 8380641, 
-502, 8473944, 
-501, 8571556, 
-500, 8663695, 
-499, 8755336, 
-498, 8848673, 
-497, 8942690, 
-496, 9042430, 
-495, 9138398, 
-494, 9234017, 
-493, 9331911, 
-492, 9431413, 
-491, 9536763, 
-490, 9633104, 
-489, 9733424, 
-488, 9841628, 
-487, 9942615, 
-486, 10046151, 
-485, 10151500, 
-484, 10259086, 
-483, 10366803, 
-482, 10474831, 
-481, 10588941, 
-480, 10690364, 
-479, 10799528, 
-478, 10911853, 
-477, 11027344, 
-476, 11140589, 
-475, 11251723, 
-474, 11368431, 
-473, 11486428, 
-472, 11607923, 
-471, 11720422, 
-470, 11840280, 
-469, 11956048, 
-468, 12079141, 
-467, 12204988, 
-466, 12323408, 
-465, 12443762, 
-464, 12574034, 
-463, 12696611, 
-462, 12827014, 
-461, 12960016, 
-460, 13081047, 
-459, 13217316, 
-458, 13342593, 
-457, 13473907, 
-456, 13612445, 
-455, 13747902, 
-454, 13875757, 
-453, 14018434, 
-452, 14144528, 
-451, 14288995, 
-450, 14431451, 
-449, 14570671, 
-448, 14713650, 
-447, 14850946, 
-446, 14999745, 
-445, 15142581, 
-444, 15288599, 
-443, 15429392, 
-442, 15572656, 
-441, 15727429, 
-440, 15873907, 
-439, 16031043, 
-438, 16178910, 
-437, 16327733, 
-436, 16487943, 
-435, 16635568, 
-434, 16791276, 
-433, 16955273, 
-432, 17106912, 
-431, 17264858, 
-430, 17430374, 
-429, 17595587, 
-428, 17755304, 
-427, 17926229, 
-426, 18086632, 
-425, 18259932, 
-424, 18420178, 
-423, 18595949, 
-422, 18758838, 
-421, 18924861, 
-420, 19102612, 
-419, 19266880, 
-418, 19443973, 
-417, 19624555, 
-416, 19794253, 
-415, 19981364, 
-414, 20152781, 
-413, 20332437, 
-412, 20513775, 
-411, 20693722, 
-410, 20875183, 
-409, 21074354, 
-408, 21247264, 
-407, 21433277, 
-406, 21619543, 
-405, 21823397, 
-404, 22003022, 
-403, 22200550, 
-402, 22386099, 
-401, 22591124, 
-400, 22777999, 
-399, 22970291, 
-398, 23170685, 
-397, 23371424, 
-396, 23572076, 
-395, 23777614, 
-394, 23979076, 
-393, 24180866, 
-392, 24382304, 
-391, 24585903, 
-390, 24798622, 
-389, 25010254, 
-388, 25212927, 
-387, 25422749, 
-386, 25634357, 
-385, 25852377, 
-384, 26067618, 
-383, 26289126, 
-382, 26500495, 
-381, 26723537, 
-380, 26927966, 
-379, 27153644, 
-378, 27383260, 
-377, 27588228, 
-376, 27826373, 
-375, 28056623, 
-374, 28273903, 
-373, 28504357, 
-372, 28736279, 
-371, 28967347, 
-370, 29189949, 
-369, 29431309, 
-368, 29669195, 
-367, 29905009, 
-366, 30125140, 
-365, 30370160, 
-364, 30616732, 
-363, 30844007, 
-362, 31089110, 
-361, 31330794, 
-360, 31570201, 
-359, 31827128, 
-358, 32070590, 
-357, 32309641, 
-356, 32555612, 
-355, 32817099, 
-354, 33063709, 
-353, 33315938, 
-352, 33567493, 
-351, 33827864, 
-350, 34080473, 
-349, 34327211, 
-348, 34588809, 
-347, 34859698, 
-346, 35117337, 
-345, 35382379, 
-344, 35630676, 
-343, 35906096, 
-342, 36158364, 
-341, 36441552, 
-340, 36703308, 
-339, 36973188, 
-338, 37244903, 
-337, 37510654, 
-336, 37779688, 
-335, 38052594, 
-334, 38338984, 
-333, 38613632, 
-332, 38880642, 
-331, 39172379, 
-330, 39451390, 
-329, 39717554, 
-328, 40008562, 
-327, 40296889, 
-326, 40568115, 
-325, 40851155, 
-324, 41153581, 
-323, 41430061, 
-322, 41707144, 
-321, 42001861, 
-320, 42302472, 
-319, 42597445, 
-318, 42881716, 
-317, 43176692, 
-316, 43468946, 
-315, 43762597, 
-314, 44056103, 
-313, 44355705, 
-312, 44658501, 
-311, 44960549, 
-310, 45254867, 
-309, 45556556, 
-308, 45868464, 
-307, 46161895, 
-306, 46472192, 
-305, 46775806, 
-304, 47077519, 
-303, 47393552, 
-302, 47706181, 
-301, 48008957, 
-300, 48331048, 
-299, 48632072, 
-298, 48950077, 
-297, 49265390, 
-296, 49579725, 
-295, 49899467, 
-294, 50188561, 
-293, 50524834, 
-292, 50832368, 
-291, 51157265, 
-290, 51469743, 
-289, 51798558, 
-288, 52129086, 
-287, 52444746, 
-286, 52772553, 
-285, 53106733, 
-284, 53428715, 
-283, 53747317, 
-282, 54070028, 
-281, 54417871, 
-280, 54740571, 
-279, 55062423, 
-278, 55402387, 
-277, 55725860, 
-276, 56048386, 
-275, 56385902, 
-274, 56733284, 
-273, 57061753, 
-272, 57404114, 
-271, 57727125, 
-270, 58082746, 
-269, 58394751, 
-268, 58732253, 
-267, 59077619, 
-266, 59406916, 
-265, 59744857, 
-264, 60100026, 
-263, 60434440, 
-262, 60777223, 
-261, 61126989, 
-260, 61460093, 
-259, 61817721, 
-258, 62157250, 
-257, 62497088, 
-256, 62853477, 
-255, 63199436, 
-254, 63557177, 
-253, 63890193, 
-252, 64238456, 
-251, 64583744, 
-250, 64925630, 
-249, 65291746, 
-248, 65632161, 
-247, 65978751, 
-246, 66321426, 
-245, 66693908, 
-244, 67028853, 
-243, 67371949, 
-242, 67739662, 
-241, 68090516, 
-240, 68435497, 
-239, 68803036, 
-238, 69144017, 
-237, 69502745, 
-236, 69857651, 
-235, 70205455, 
-234, 70568464, 
-233, 70908777, 
-232, 71293381, 
-231, 71627732, 
-230, 71996309, 
-229, 72351737, 
-228, 72700428, 
-227, 73055777, 
-226, 73415388, 
-225, 73773640, 
-224, 74114296, 
-223, 74482622, 
-222, 74837936, 
-221, 75204452, 
-220, 75557835, 
-219, 75908650, 
-218, 76268921, 
-217, 76630040, 
-216, 76972913, 
-215, 77324312, 
-214, 77691767, 
-213, 78048802, 
-212, 78413863, 
-211, 78760992, 
-210, 79119753, 
-209, 79481882, 
-208, 79835720, 
-207, 80197646, 
-206, 80552829, 
-205, 80893236, 
-204, 81269110, 
-203, 81635401, 
-202, 81988446, 
-201, 82340873, 
-200, 82702858, 
-199, 83043023, 
-198, 83387540, 
-197, 83763469, 
-196, 84096214, 
-195, 84458894, 
-194, 84804856, 
-193, 85176725, 
-192, 85522736, 
-191, 85878445, 
-190, 86218616, 
-189, 86573949, 
-188, 86920799, 
-187, 87276632, 
-186, 87623411, 
-185, 87981152, 
-184, 88319905, 
-183, 88666264, 
-182, 89008926, 
-181, 89365468, 
-180, 89729504, 
-179, 90081601, 
-178, 90412015, 
-177, 90754423, 
-176, 91103106, 
-175, 91438071, 
-174, 91797038, 
-173, 92138367, 
-172, 92486405, 
-171, 92808970, 
-170, 93166760, 
-169, 93494612, 
-168, 93842798, 
-167, 94173108, 
-166, 94499765, 
-165, 94856436, 
-164, 95208254, 
-163, 95522416, 
-162, 95866268, 
-161, 96199033, 
-160, 96530253, 
-159, 96871011, 
-158, 97182775, 
-157, 97503201, 
-156, 97841357, 
-155, 98168509, 
-154, 98496445, 
-153, 98817638, 
-152, 99149472, 
-151, 99474347, 
-150, 99794352, 
-149, 100120831, 
-148, 100454439, 
-147, 100742211, 
-146, 101071272, 
-145, 101375800, 
-144, 101698461, 
-143, 102012044, 
-142, 102333391, 
-141, 102652238, 
-140, 102943224, 
-139, 103265722, 
-138, 103568017, 
-137, 103874423, 
-136, 104177458, 
-135, 104498087, 
-134, 104772167, 
-133, 105096060, 
-132, 105379486, 
-131, 105675447, 
-130, 105992622, 
-129, 106272493, 
-128, 106573567, 
-127, 106870285, 
-126, 107142988, 
-125, 107448103, 
-124, 107730608, 
-123, 108009861, 
-122, 108321868, 
-121, 108579512, 
-120, 108860778, 
-119, 109148571, 
-118, 109412695, 
-117, 109702238, 
-116, 109964806, 
-115, 110254166, 
-114, 110531448, 
-113, 110806308, 
-112, 111044707, 
-111, 111311412, 
-110, 111600504, 
-109, 111882539, 
-108, 112107899, 
-107, 112371658, 
-106, 112631194, 
-105, 112887814, 
-104, 113138990, 
-103, 113411470, 
-102, 113634089, 
-101, 113889471, 
-100, 114140198, 
-99, 114395035, 
-98, 114620682, 
-97, 114870869, 
-96, 115107620, 
-95, 115338162, 
-94, 115554352, 
-93, 115817724, 
-92, 116047038, 
-91, 116267241, 
-90, 116504277, 
-89, 116691109, 
-88, 116922548, 
-87, 117161554, 
-86, 117352520, 
-85, 117598682, 
-84, 117789152, 
-83, 118014108, 
-82, 118217293, 
-81, 118435703, 
-80, 118640653, 
-79, 118831475, 
-78, 119051174, 
-77, 119237929, 
-76, 119441761, 
-75, 119620387, 
-74, 119804092, 
-73, 120023228, 
-72, 120207730, 
-71, 120378023, 
-70, 120561984, 
-69, 120734869, 
-68, 120919775, 
-67, 121086197, 
-66, 121287092, 
-65, 121458567, 
-64, 121599899, 
-63, 121764109, 
-62, 121962822, 
-61, 122105141, 
-60, 122249569, 
-59, 122413601, 
-58, 122584092, 
-57, 122737068, 
-56, 122876799, 
-55, 122999337, 
-54, 123152593, 
-53, 123293713, 
-52, 123434510, 
-51, 123572613, 
-50, 123716287, 
-49, 123825349, 
-48, 123976359, 
-47, 124081522, 
-46, 124252590, 
-45, 124355955, 
-44, 124449404, 
-43, 124566703, 
-42, 124702778, 
-41, 124817557, 
-40, 124940714, 
-39, 125025530, 
-38, 125118184, 
-37, 125229876, 
-36, 125301655, 
-35, 125408510, 
-34, 125508710, 
-33, 125601084, 
-32, 125698873, 
-31, 125754392, 
-30, 125851632, 
-29, 125950906, 
-28, 126026022, 
-27, 126110148, 
-26, 126142006, 
-25, 126239508, 
-24, 126295286, 
-23, 126390294, 
-22, 126420473, 
-21, 126483476, 
-20, 126523898, 
-19, 126582930, 
-18, 126636898, 
-17, 126681925, 
-16, 126746778, 
-15, 126775134, 
-14, 126809295, 
-13, 126864107, 
-12, 126874436, 
-11, 126914044, 
-10, 126948111, 
-9, 126957756, 
-8, 126978009, 
-7, 127023036, 
-6, 127030604, 
-5, 127036147, 
-4, 127069090, 
-3, 127046721, 
-2, 127082837, 
-1, 127080893, 
0, 127077832, 
1, 127089684, 
2, 127071487, 
3, 127078769, 
4, 127045584, 
5, 127070860, 
6, 127034910, 
7, 127012522, 
8, 126989251, 
9, 126980130, 
10, 126964015, 
11, 126918024, 
12, 126881826, 
13, 126832460, 
14, 126822228, 
15, 126759254, 
16, 126740664, 
17, 126676991, 
18, 126652916, 
19, 126583070, 
20, 126540014, 
21, 126471619, 
22, 126419308, 
23, 126377449, 
24, 126304275, 
25, 126255384, 
26, 126168018, 
27, 126104069, 
28, 126005465, 
29, 125932804, 
30, 125842362, 
31, 125784919, 
32, 125688903, 
33, 125587422, 
34, 125514858, 
35, 125415402, 
36, 125316679, 
37, 125220559, 
38, 125107569, 
39, 125013999, 
40, 124909157, 
41, 124799530, 
42, 124704806, 
43, 124573682, 
44, 124455728, 
45, 124336434, 
46, 124221245, 
47, 124097306, 
48, 123987415, 
49, 123843657, 
50, 123714168, 
51, 123586404, 
52, 123435798, 
53, 123319748, 
54, 123153212, 
55, 123007117, 
56, 122852955, 
57, 122731183, 
58, 122562585, 
59, 122418961, 
60, 122268532, 
61, 122104745, 
62, 121943598, 
63, 121751995, 
64, 121603985, 
65, 121449563, 
66, 121251867, 
67, 121101095, 
68, 120919156, 
69, 120749137, 
70, 120563278, 
71, 120387687, 
72, 120198759, 
73, 119997848, 
74, 119829653, 
75, 119636751, 
76, 119431806, 
77, 119220923, 
78, 119036218, 
79, 118838448, 
80, 118643025, 
81, 118435498, 
82, 118211694, 
83, 118021794, 
84, 117821856, 
85, 117564378, 
86, 117383379, 
87, 117158691, 
88, 116932740, 
89, 116730314, 
90, 116486962, 
91, 116263201, 
92, 116025715, 
93, 115797339, 
94, 115582316, 
95, 115323134, 
96, 115115267, 
97, 114844091, 
98, 114629352, 
99, 114382650, 
100, 114156641, 
101, 113913308, 
102, 113632567, 
103, 113393544, 
104, 113150204, 
105, 112888850, 
106, 112613532, 
107, 112355069, 
108, 112133238, 
109, 111880449, 
110, 111612952, 
111, 111312976, 
112, 111066509, 
113, 110783051, 
114, 110526327, 
115, 110261221, 
116, 109988606, 
117, 109697621, 
118, 109425721, 
119, 109131097, 
120, 108871418, 
121, 108588924, 
122, 108303207, 
123, 107985997, 
124, 107732802, 
125, 107425001, 
126, 107148516, 
127, 106866754, 
128, 106545604, 
129, 106291594, 
130, 105978517, 
131, 105679253, 
132, 105401623, 
133, 105105305, 
134, 104793159, 
135, 104474022, 
136, 104191021, 
137, 103866217, 
138, 103580677, 
139, 103250104, 
140, 102970036, 
141, 102632621, 
142, 102321700, 
143, 102002582, 
144, 101697714, 
145, 101391530, 
146, 101071938, 
147, 100768006, 
148, 100444482, 
149, 100124807, 
150, 99785966, 
151, 99465704, 
152, 99171241, 
153, 98824735, 
154, 98506485, 
155, 98175607, 
156, 97839040, 
157, 97503845, 
158, 97185723, 
159, 96864665, 
160, 96520831, 
161, 96198768, 
162, 95872867, 
163, 95520780, 
164, 95186442, 
165, 94860261, 
166, 94529265, 
167, 94164816, 
168, 93856284, 
169, 93499521, 
170, 93157324, 
171, 92822796, 
172, 92485039, 
173, 92133244, 
174, 91790584, 
175, 91458445, 
176, 91121917, 
177, 90753386, 
178, 90423619, 
179, 90077417, 
180, 89715806, 
181, 89383792, 
182, 89037083, 
183, 88667574, 
184, 88329805, 
185, 87993023, 
186, 87620559, 
187, 87277937, 
188, 86931789, 
189, 86573116, 
190, 86218077, 
191, 85875510, 
192, 85516980, 
193, 85170736, 
194, 84820708, 
195, 84464144, 
196, 84122022, 
197, 83764182, 
198, 83400367, 
199, 83047394, 
200, 82694982, 
201, 82325554, 
202, 81976038, 
203, 81635666, 
204, 81276744, 
205, 80897626, 
206, 80545807, 
207, 80194930, 
208, 79835429, 
209, 79485337, 
210, 79131939, 
211, 78768375, 
212, 78413595, 
213, 78071267, 
214, 77699065, 
215, 77331346, 
216, 76979336, 
217, 76614122, 
218, 76276159, 
219, 75895607, 
220, 75564814, 
221, 75191190, 
222, 74841597, 
223, 74489532, 
224, 74119301, 
225, 73761627, 
226, 73409257, 
227, 73063000, 
228, 72696897, 
229, 72341105, 
230, 71989453, 
231, 71630211, 
232, 71277592, 
233, 70932411, 
234, 70562802, 
235, 70209226, 
236, 69853950, 
237, 69500329, 
238, 69142892, 
239, 68798939, 
240, 68450160, 
241, 68088155, 
242, 67746442, 
243, 67392621, 
244, 67042311, 
245, 66688132, 
246, 66319783, 
247, 65983558, 
248, 65625693, 
249, 65283948, 
250, 64937063, 
251, 64585523, 
252, 64231712, 
253, 63890213, 
254, 63534215, 
255, 63187478, 
256, 62847974, 
257, 62508276, 
258, 62158133, 
259, 61793495, 
260, 61472890, 
261, 61136198, 
262, 60786302, 
263, 60445030, 
264, 60101772, 
265, 59775897, 
266, 59418204, 
267, 59095573, 
268, 58737600, 
269, 58399121, 
270, 58067317, 
271, 57733390, 
272, 57388369, 
273, 57058500, 
274, 56728724, 
275, 56382984, 
276, 56047955, 
277, 55718223, 
278, 55412008, 
279, 55066684, 
280, 54730705, 
281, 54402947, 
282, 54078672, 
283, 53746445, 
284, 53419258, 
285, 53107954, 
286, 52785479, 
287, 52451850, 
288, 52131454, 
289, 51794950, 
290, 51481593, 
291, 51160661, 
292, 50845481, 
293, 50530618, 
294, 50211732, 
295, 49884747, 
296, 49576545, 
297, 49267771, 
298, 48953903, 
299, 48633616, 
300, 48306699, 
301, 48026395, 
302, 47697064, 
303, 47387367, 
304, 47095075, 
305, 46790572, 
306, 46461378, 
307, 46165506, 
308, 45852896, 
309, 45557196, 
310, 45240830, 
311, 44958329, 
312, 44646801, 
313, 44356042, 
314, 44053510, 
315, 43773934, 
316, 43462873, 
317, 43169624, 
318, 42882336, 
319, 42583813, 
320, 42299858, 
321, 42002116, 
322, 41717176, 
323, 41425777, 
324, 41147231, 
325, 40852679, 
326, 40566471, 
327, 40281175, 
328, 40002813, 
329, 39729038, 
330, 39441613, 
331, 39162179, 
332, 38880520, 
333, 38604881, 
334, 38335143, 
335, 38070589, 
336, 37778914, 
337, 37512502, 
338, 37236629, 
339, 36979555, 
340, 36701301, 
341, 36451065, 
342, 36177891, 
343, 35899668, 
344, 35639211, 
345, 35379954, 
346, 35116104, 
347, 34850285, 
348, 34601503, 
349, 34336663, 
350, 34078592, 
351, 33823716, 
352, 33577480, 
353, 33329383, 
354, 33064148, 
355, 32810100, 
356, 32566506, 
357, 32312417, 
358, 32065004, 
359, 31830754, 
360, 31571548, 
361, 31331029, 
362, 31095207, 
363, 30846753, 
364, 30615999, 
365, 30368030, 
366, 30137869, 
367, 29898818, 
368, 29655833, 
369, 29425261, 
370, 29190013, 
371, 28965641, 
372, 28735132, 
373, 28510234, 
374, 28285838, 
375, 28051923, 
376, 27826531, 
377, 27592014, 
378, 27378470, 
379, 27139598, 
380, 26928224, 
381, 26718965, 
382, 26486939, 
383, 26275609, 
384, 26062955, 
385, 25865098, 
386, 25635643, 
387, 25419326, 
388, 25216819, 
389, 25001058, 
390, 24796901, 
391, 24585728, 
392, 24386796, 
393, 24183612, 
394, 23968736, 
395, 23774417, 
396, 23574403, 
397, 23369757, 
398, 23178494, 
399, 22976926, 
400, 22782551, 
401, 22580407, 
402, 22385856, 
403, 22195580, 
404, 22004320, 
405, 21823079, 
406, 21624491, 
407, 21443708, 
408, 21253455, 
409, 21070454, 
410, 20882569, 
411, 20696416, 
412, 20512393, 
413, 20343114, 
414, 20154338, 
415, 19978947, 
416, 19795554, 
417, 19617524, 
418, 19441784, 
419, 19271521, 
420, 19096698, 
421, 18920003, 
422, 18753774, 
423, 18594588, 
424, 18413591, 
425, 18253341, 
426, 18085772, 
427, 17921656, 
428, 17753132, 
429, 17595216, 
430, 17431524, 
431, 17266577, 
432, 17108733, 
433, 16955803, 
434, 16802129, 
435, 16644680, 
436, 16490351, 
437, 16328562, 
438, 16182200, 
439, 16029154, 
440, 15872917, 
441, 15725098, 
442, 15578453, 
443, 15424581, 
444, 15287789, 
445, 15142588, 
446, 14993465, 
447, 14850220, 
448, 14706241, 
449, 14563824, 
450, 14428116, 
451, 14292426, 
452, 14150867, 
453, 14006596, 
454, 13881850, 
455, 13752982, 
456, 13603487, 
457, 13476113, 
458, 13347169, 
459, 13209909, 
460, 13082552, 
461, 12962469, 
462, 12822042, 
463, 12707185, 
464, 12573889, 
465, 12452804, 
466, 12330233, 
467, 12197592, 
468, 12078032, 
469, 11962301, 
470, 11839865, 
471, 11725788, 
472, 11599919, 
473, 11485149, 
474, 11375509, 
475, 11258172, 
476, 11143711, 
477, 11033269, 
478, 10919077, 
479, 10801696, 
480, 10690964, 
481, 10585860, 
482, 10472442, 
483, 10367136, 
484, 10261933, 
485, 10151478, 
486, 10050025, 
487, 9943897, 
488, 9835195, 
489, 9739050, 
490, 9633112, 
491, 9534111, 
492, 9436744, 
493, 9336327, 
494, 9234655, 
495, 9137682, 
496, 9044019, 
497, 8941728, 
498, 8849825, 
499, 8754453, 
500, 8660965, 
501, 8571430, 
502, 8480329, 
503, 8383988, 
504, 8294755, 
505, 8210503, 
506, 8116899, 
507, 8028151, 
508, 7938938, 
509, 7856971, 
510, 7769286, 
511, 7690463, 
512, 7605312, 
513, 7517144, 
514, 7434594, 
515, 7353596, 
516, 7270376, 
517, 7193177, 
518, 7109066, 
519, 7029017, 
520, 6961969, 
521, 6883391, 
522, 6802272, 
523, 6726410, 
524, 6648161, 
525, 6579720, 
526, 6496048, 
527, 6431806, 
528, 6358104, 
529, 6283808, 
530, 6213181, 
531, 6140685, 
532, 6077254, 
533, 6002415, 
534, 5938091, 
535, 5864411, 
536, 5801613, 
537, 5732941, 
538, 5666320, 
539, 5606912, 
540, 5537964, 
541, 5471031, 
542, 5409775, 
543, 5348258, 
544, 5290450, 
545, 5229525, 
546, 5166693, 
547, 5100872, 
548, 5046492, 
549, 4987244, 
550, 4923730, 
551, 4871589, 
552, 4811561, 
553, 4753388, 
554, 4703589, 
555, 4645263, 
556, 4588351, 
557, 4535137, 
558, 4479312, 
559, 4425550, 
560, 4371623, 
561, 4320256, 
562, 4271839, 
563, 4217249, 
564, 4167748, 
565, 4120612, 
566, 4067025, 
567, 4017019, 
568, 3971773, 
569, 3919587, 
570, 3875388, 
571, 3825082, 
572, 3779904, 
573, 3731370, 
574, 3685737, 
575, 3639334, 
576, 3599024, 
577, 3552119, 
578, 3513736, 
579, 3466010, 
580, 3425498, 
581, 3379652, 
582, 3340064, 
583, 3298146, 
584, 3257515, 
585, 3214846, 
586, 3176792, 
587, 3136912, 
588, 3096763, 
589, 3058157, 
590, 3018533, 
591, 2980933, 
592, 2941413, 
593, 2906778, 
594, 2874893, 
595, 2831798, 
596, 2796418, 
597, 2764234, 
598, 2723958, 
599, 2689212, 
600, 2657863, 
601, 2621774, 
602, 2589365, 
603, 2556261, 
604, 2521846, 
605, 2490555, 
606, 2457416, 
607, 2425093, 
608, 2395232, 
609, 2362407, 
610, 2333291, 
611, 2300366, 
612, 2272196, 
613, 2245074, 
614, 2214666, 
615, 2185618, 
616, 2153842, 
617, 2126772, 
618, 2097865, 
619, 2069833, 
620, 2043151, 
621, 2020184, 
622, 1990498, 
623, 1964083, 
624, 1935591, 
625, 1912931, 
626, 1885368, 
627, 1861062, 
628, 1836048, 
629, 1811065, 
630, 1785565, 
631, 1761291, 
632, 1739744, 
633, 1715675, 
634, 1690691, 
635, 1668820, 
636, 1642840, 
637, 1624362, 
638, 1604722, 
639, 1581005, 
640, 1556759, 
641, 1539627, 
642, 1517420, 
643, 1497596, 
644, 1476640, 
645, 1455404, 
646, 1434991, 
647, 1416124, 
648, 1397056, 
649, 1375562, 
650, 1356353, 
651, 1338023, 
652, 1320482, 
653, 1302639, 
654, 1282415, 
655, 1265114, 
656, 1247855, 
657, 1229182, 
658, 1214780, 
659, 1194484, 
660, 1177373, 
661, 1162725, 
662, 1146870, 
663, 1131015, 
664, 1114145, 
665, 1097905, 
666, 1082713, 
667, 1068084, 
668, 1052457, 
669, 1037445, 
670, 1023557, 
671, 1005665, 
672, 993328, 
673, 978717, 
674, 965227, 
675, 952033, 
676, 935514, 
677, 923040, 
678, 909918, 
679, 897747, 
680, 884732, 
681, 869567, 
682, 858297, 
683, 846100, 
684, 833174, 
685, 821395, 
686, 810376, 
687, 797965, 
688, 785751, 
689, 774498, 
690, 763317, 
691, 751356, 
692, 740022, 
693, 729193, 
694, 718832, 
695, 710101, 
696, 698241, 
697, 687239, 
698, 677541, 
699, 668273, 
700, 658000, 
701, 647584, 
702, 638596, 
703, 628281, 
704, 617744, 
705, 609884, 
706, 600337, 
707, 590715, 
708, 582469, 
709, 573170, 
710, 564690, 
711, 555746, 
712, 546394, 
713, 541614, 
714, 530970, 
715, 523162, 
716, 515224, 
717, 507002, 
718, 500808, 
719, 492398, 
720, 485498, 
721, 475729, 
722, 470195, 
723, 462342, 
724, 455415, 
725, 448772, 
726, 441355, 
727, 434095, 
728, 428104, 
729, 420515, 
730, 414285, 
731, 408712, 
732, 401186, 
733, 394490, 
734, 388966, 
735, 383243, 
736, 378164, 
737, 372042, 
738, 365569, 
739, 358056, 
740, 354608, 
741, 349116, 
742, 343811, 
743, 337746, 
744, 331950, 
745, 326128, 
746, 321519, 
747, 315597, 
748, 312244, 
749, 306206, 
750, 301660, 
751, 297080, 
752, 292534, 
753, 287836, 
754, 282662, 
755, 278398, 
756, 273740, 
757, 269077, 
758, 264885, 
759, 260555, 
760, 255894, 
761, 253074, 
762, 247435, 
763, 244647, 
764, 239942, 
765, 236305, 
766, 231952, 
767, 228278, 
768, 225036, 
769, 221418, 
770, 216881, 
771, 213891, 
772, 210845, 
773, 206233, 
774, 203217, 
775, 200490, 
776, 196696, 
777, 193676, 
778, 190852, 
779, 187031, 
780, 183786, 
781, 182023, 
782, 178280, 
783, 175380, 
784, 171764, 
785, 169075, 
786, 166574, 
787, 163759, 
788, 160787, 
789, 158326, 
790, 155938, 
791, 153586, 
792, 149464, 
793, 148316, 
794, 145131, 
795, 142496, 
796, 140347, 
797, 137408, 
798, 135955, 
799, 133609, 
800, 130941, 
801, 129520, 
802, 126178, 
803, 124893, 
804, 122560, 
805, 120748, 
806, 118431, 
807, 116371, 
808, 114233, 
809, 112404, 
810, 110900, 
811, 107999, 
812, 106988, 
813, 103955, 
814, 103492, 
815, 100691, 
816, 99781, 
817, 98057, 
818, 95992, 
819, 94401, 
820, 92680, 
821, 91199, 
822, 88649, 
823, 87611, 
824, 86340, 
825, 84765, 
826, 83329, 
827, 82206, 
828, 80044, 
829, 78861, 
830, 77593, 
831, 76017, 
832, 75002, 
833, 73839, 
834, 72455, 
835, 70500, 
836, 69663, 
837, 67957, 
838, 67168, 
839, 66508, 
840, 64633, 
841, 63264, 
842, 62589, 
843, 60953, 
844, 60329, 
845, 59416, 
846, 57816, 
847, 57366, 
848, 55761, 
849, 55215, 
850, 54137, 
851, 53114, 
852, 52197, 
853, 51260, 
854, 49873, 
855, 49231, 
856, 48503, 
857, 47188, 
858, 46429, 
859, 45582, 
860, 45049, 
861, 44165, 
862, 43156, 
863, 42583, 
864, 41957, 
865, 40877, 
866, 39994, 
867, 39538, 
868, 38768, 
869, 37959, 
870, 37319, 
871, 36469, 
872, 35951, 
873, 35007, 
874, 34165, 
875, 33937, 
876, 33654, 
877, 32825, 
878, 32079, 
879, 31937, 
880, 30890, 
881, 30326, 
882, 29789, 
883, 29368, 
884, 28672, 
885, 28062, 
886, 27758, 
887, 26927, 
888, 26539, 
889, 26059, 
890, 25303, 
891, 25169, 
892, 24698, 
893, 24019, 
894, 23559, 
895, 22960, 
896, 23023, 
897, 22133, 
898, 21928, 
899, 21627, 
900, 21051, 
901, 20794, 
902, 20666, 
903, 19999, 
904, 19333, 
905, 19204, 
906, 18856, 
907, 18491, 
908, 17777, 
909, 17580, 
910, 17483, 
911, 16897, 
912, 16649, 
913, 16164, 
914, 16009, 
915, 15748, 
916, 15299, 
917, 15109, 
918, 14834, 
919, 14532, 
920, 14358, 
921, 13887, 
922, 13517, 
923, 13379, 
924, 13017, 
925, 12981, 
926, 12553, 
927, 12428, 
928, 12156, 
929, 11810, 
930, 11521, 
931, 11530, 
932, 11209, 
933, 11216, 
934, 10865, 
935, 10688, 
936, 10216, 
937, 10168, 
938, 10036, 
939, 9669, 
940, 9661, 
941, 9420, 
942, 9272, 
943, 9091, 
944, 8890, 
945, 8517, 
946, 8520, 
947, 8383, 
948, 8098, 
949, 7921, 
950, 7730, 
951, 7775, 
952, 7542, 
953, 7314, 
954, 7241, 
955, 7007, 
956, 6828, 
957, 6777, 
958, 6631, 
959, 6480, 
960, 6180, 
961, 6179, 
962, 6075, 
963, 6032, 
964, 5929, 
965, 5775, 
966, 5625, 
967, 5577, 
968, 5349, 
969, 5206, 
970, 5203, 
971, 5080, 
972, 5044, 
973, 4911, 
974, 4725, 
975, 4650, 
976, 4614, 
977, 4372, 
978, 4489, 
979, 4342, 
980, 4174, 
981, 4092, 
982, 3994, 
983, 3964, 
984, 3775, 
985, 3806, 
986, 3675, 
987, 3633, 
988, 3549, 
989, 3399, 
990, 3379, 
991, 3254, 
992, 3289, 
993, 3176, 
994, 3060, 
995, 3092, 
996, 3072, 
997, 2959, 
998, 2927, 
999, 2819, 
1000, 2781, 
1001, 2672, 
1002, 2588, 
1003, 2540, 
1004, 2507, 
1005, 2468, 
1006, 2362, 
1007, 2409, 
1008, 2370, 
1009, 2271, 
1010, 2184, 
1011, 2093, 
1012, 2099, 
1013, 2029, 
1014, 2006, 
1015, 2042, 
1016, 2033, 
1017, 1871, 
1018, 1803, 
1019, 1799, 
1020, 1741, 
1021, 1729, 
1022, 1675, 
1023, 1710, 
1024, 1639, 
1025, 1515, 
1026, 1481, 
1027, 1568, 
1028, 1500, 
1029, 1416, 
1030, 1380, 
1031, 1349, 
1032, 1350, 
1033, 1329, 
1034, 1250, 
1035, 1284, 
1036, 1267, 
1037, 1203, 
1038, 1288, 
1039, 1071, 
1040, 1108, 
1041, 1121, 
1042, 1129, 
1043, 1050, 
1044, 1064, 
1045, 992, 
1046, 999, 
1047, 961, 
1048, 1020, 
1049, 929, 
1050, 883, 
1051, 896, 
1052, 881, 
1053, 861, 
1054, 818, 
1055, 787, 
1056, 878, 
1057, 783, 
1058, 750, 
1059, 776, 
1060, 683, 
1061, 680, 
1062, 676, 
1063, 713, 
1064, 683, 
1065, 669, 
1066, 583, 
1067, 597, 
1068, 626, 
1069, 582, 
1070, 566, 
1071, 518, 
1072, 557, 
1073, 539, 
1074, 543, 
1075, 493, 
1076, 513, 
1077, 469, 
1078, 514, 
1079, 483, 
1080, 420, 
1081, 443, 
1082, 452, 
1083, 421, 
1084, 416, 
1085, 400, 
1086, 435, 
1087, 419, 
1088, 340, 
1089, 334, 
1090, 377, 
1091, 346, 
1092, 369, 
1093, 352, 
1094, 356, 
1095, 312, 
1096, 342, 
1097, 330, 
1098, 328, 
1099, 281, 
1100, 274, 
1101, 280, 
1102, 257, 
1103, 292, 
1104, 288, 
1105, 251, 
1106, 282, 
1107, 253, 
1108, 263, 
1109, 237, 
1110, 207, 
1111, 208, 
1112, 221, 
1113, 194, 
1114, 192, 
1115, 183, 
1116, 183, 
1117, 189, 
1118, 184, 
1119, 182, 
1120, 183, 
1121, 163, 
1122, 164, 
1123, 147, 
1124, 150, 
1125, 151, 
1126, 174, 
1127, 156, 
1128, 140, 
1129, 131, 
1130, 129, 
1131, 132, 
1132, 130, 
1133, 130, 
1134, 127, 
1135, 129, 
1136, 107, 
1137, 103, 
1138, 105, 
1139, 125, 
1140, 116, 
1141, 103, 
1142, 103, 
1143, 87, 
1144, 111, 
1145, 75, 
1146, 97, 
1147, 94, 
1148, 100, 
1149, 74, 
1150, 77, 
1151, 79, 
1152, 77, 
1153, 90, 
1154, 88, 
1155, 61, 
1156, 79, 
1157, 66, 
1158, 66, 
1159, 51, 
1160, 66, 
1161, 60, 
1162, 62, 
1163, 61, 
1164, 61, 
1165, 80, 
1166, 78, 
1167, 67, 
1168, 56, 
1169, 47, 
1170, 57, 
1171, 53, 
1172, 47, 
1173, 34, 
1174, 49, 
1175, 44, 
1176, 44, 
1177, 51, 
1178, 41, 
1179, 34, 
1180, 40, 
1181, 47, 
1182, 37, 
1183, 39, 
1184, 36, 
1185, 35, 
1186, 36, 
1187, 41, 
1188, 31, 
1189, 29, 
1190, 35, 
1191, 37, 
1192, 28, 
1193, 35, 
1194, 22, 
1195, 36, 
1196, 34, 
1197, 23, 
1198, 34, 
1199, 27, 
1200, 14, 
1201, 26, 
1202, 19, 
1203, 29, 
1204, 23, 
1205, 21, 
1206, 15, 
1207, 21, 
1208, 18, 
1209, 18, 
1210, 24, 
1211, 21, 
1212, 18, 
1213, 15, 
1214, 24, 
1215, 15, 
1216, 10, 
1217, 19, 
1218, 23, 
1219, 7, 
1220, 17, 
1221, 14, 
1222, 14, 
1223, 12, 
1224, 21, 
1225, 16, 
1226, 8, 
1227, 11, 
1228, 11, 
1229, 10, 
1230, 15, 
1231, 14, 
1232, 9, 
1233, 11, 
1234, 13, 
1235, 8, 
1236, 12, 
1237, 5, 
1238, 10, 
1239, 8, 
1240, 6, 
1241, 3, 
1242, 10, 
1243, 7, 
1244, 9, 
1245, 6, 
1246, 3, 
1247, 5, 
1248, 9, 
1249, 5, 
1250, 9, 
1251, 5, 
1252, 3, 
1253, 7, 
1254, 11, 
1255, 8, 
1256, 8, 
1257, 5, 
1258, 4, 
1259, 6, 
1260, 7, 
1261, 3, 
1262, 5, 
1263, 6, 
1264, 8, 
1265, 2, 
1266, 3, 
1267, 2, 
1268, 4, 
1269, 3, 
1270, 6, 
1271, 2, 
1272, 2, 
1273, 2, 
1274, 1, 
1275, 1, 
1276, 2, 
1277, 1, 
1278, 1, 
1279, 1, 
1280, 2, 
1281, 4, 
1282, 1, 
1283, 2, 
1284, 1, 
1285, 1, 
1286, 4, 
1287, 4, 
1288, 4, 
1289, 3, 
1290, 3, 
1291, 1, 
1292, 1, 
1293, 0, 
1294, 2, 
1295, 1, 
1296, 4, 
1297, 2, 
1298, 0, 
1299, 3, 
1300, 0, 
1301, 3, 
1302, 3, 
1303, 3, 
1304, 1, 
1305, 1, 
1306, 2, 
1307, 2, 
1308, 2, 
1309, 1, 
1310, 0, 
1311, 1, 
1312, 0, 
1313, 1, 
1314, 0, 
1315, 0, 
1316, 1, 
1317, 0, 
1318, 0, 
1319, 0, 
1320, 0, 
1321, 0, 
1322, 0, 
1323, 0, 
1324, 0, 
1325, 1, 
1326, 0, 
1327, 0, 
1328, 2, 
1329, 2, 
1330, 0, 
1331, 0, 
1332, 1, 
1333, 1, 
1334, 0, 
1335, 0, 
1336, 0, 
1337, 0, 
1338, 0, 
1339, 1, 
1340, 0, 
1341, 0, 
1342, 0, 
1343, 1, 
1344, 0, 
1345, 0, 
1346, 0, 
1347, 0, 
1348, 0, 
1349, 0, 
1350, 0, 
1351, 0, 
1352, 0, 
1353, 2, 
1354, 1, 
1355, 0, 
1356, 0, 
1357, 1, 
1358, 0, 
1359, 0, 
1360, 0, 
1361, 1, 
1362, 0, 
1363, 1, 
1364, 0, 
1365, 0, 
1366, 0, 
1367, 0, 
1368, 0, 
1369, 0, 
1370, 0, 
1371, 0, 
1372, 0, 
1373, 0, 
1374, 0, 
1375, 0, 
1376, 0, 
1377, 0, 
1378, 0, 
1379, 0, 
1380, 0, 
1381, 0, 
1382, 0, 
1383, 0, 
1384, 0, 
1385, 0, 
1386, 0, 
1387, 0, 
1388, 0, 
1389, 0, 
1390, 0, 
1391, 0, 
1392, 0, 
1393, 0, 
1394, 0, 
1395, 0, 
1396, 1, 
1397, 1, 
1398, 0, 
1399, 0, 
1400, 0, 
1401, 1, 
1402, 0, 
1403, 1, 
1404, 0, 
1405, 0, 
1406, 0, 
1407, 0, 
1408, 0, 
1409, 0, 
1410, 0, 
1411, 0, 
1412, 0, 
1413, 0, 
1414, 0, 
1415, 0, 
1416, 0, 
1417, 0, 
1418, 0, 
1419, 0, 
1420, 0, 
1421, 0, 
1422, 0, 
1423, 0, 
1424, 0, 
1425, 0, 
1426, 0, 
1427, 0, 
1428, 0, 
1429, 0, 
1430, 0, 
1431, 0, 
1432, 0, 
1433, 0, 
1434, 0, 
1435, 0, 
1436, 0, 
1437, 0, 
1438, 0, 
1439, 0, 
1440, 0, 
1441, 0, 
1442, 0, 
1443, 0, 
1444, 0, 
1445, 0, 
1446, 0, 
1447, 0, 
1448, 0, 
1449, 1, 
1450, 0, 
1451, 0, 
1452, 0, 
1453, 0, 
1454, 0, 
1455, 0, 
1456, 0, 
1457, 0, 
1458, 0, 
1459, 0, 
1460, 0, 
1461, 0, 
1462, 0, 
1463, 0, 
1464, 0, 
1465, 0, 
1466, 0, 
1467, 0, 
1468, 0, 
1469, 0, 
1470, 0, 
1471, 0, 
1472, 0, 
1473, 0, 
1474, 0, 
1475, 0, 
1476, 0, 
1477, 0, 
1478, 0, 
1479, 0, 
1480, 0, 
1481, 0, 
1482, 0, 
1483, 0, 
1484, 0, 
1485, 0, 
1486, 0, 
1487, 0, 
1488, 0, 
1489, 0, 
1490, 0, 
1491, 0, 
1492, 0, 
1493, 0, 
1494, 0, 
1495, 0, 
1496, 0, 
1497, 0, 
1498, 0, 
1499, 0, 
1500, 0, 
1501, 0, 
1502, 0, 
1503, 0, 
1504, 0, 
1505, 0, 
1506, 0, 
1507, 0, 
1508, 0, 
1509, 0, 
1510, 0, 
1511, 0, 
1512, 0, 
1513, 0, 
1514, 0, 
1515, 0, 
1516, 0, 
1517, 0, 
1518, 0, 
1519, 0, 
1520, 0, 
1521, 0, 
1522, 0, 
1523, 0, 
1524, 0, 
1525, 0, 
1526, 0, 
1527, 0, 
1528, 0, 
1529, 0, 
1530, 0, 
1531, 0, 
1532, 0, 
1533, 0, 
1534, 0, 
1535, 0, 
1536, 0, 
1537, 0, 
1538, 0, 
1539, 0, 
1540, 0, 
1541, 0, 
1542, 0, 
1543, 0, 
1544, 0, 
1545, 0, 
1546, 0, 
1547, 0, 
1548, 0, 
1549, 0, 
1550, 0, 
1551, 0, 
1552, 0, 
1553, 0, 
1554, 0, 
1555, 0, 
1556, 0, 
1557, 0, 
1558, 0, 
1559, 0, 
1560, 0, 
1561, 0, 
1562, 0, 
1563, 0, 
1564, 0, 
1565, 0, 
1566, 0, 
1567, 0, 
1568, 0, 
1569, 0, 
1570, 0, 
1571, 0, 
1572, 0, 
1573, 0, 
1574, 0, 
1575, 0, 
1576, 0, 
1577, 0, 
1578, 0, 
1579, 0, 
1580, 0, 
1581, 0, 
1582, 0, 
1583, 0, 
1584, 0, 
1585, 0, 
1586, 0, 
1587, 0, 
1588, 0, 
1589, 0, 
1590, 0, 
1591, 0, 
1592, 0, 
1593, 0, 
1594, 0, 
1595, 0, 
1596, 0, 
1597, 0, 
1598, 0, 
1599, 0, 
1600, 0, 
1601, 0, 
1602, 0, 
1603, 0, 
1604, 0, 
1605, 0, 
1606, 0, 
1607, 0, 
1608, 0, 
1609, 0, 
1610, 0, 
1611, 0, 
1612, 0, 
1613, 0, 
1614, 0, 
1615, 0, 
1616, 0, 
1617, 0, 
1618, 0, 
1619, 0, 
1620, 0, 
1621, 0, 
1622, 0, 
1623, 0, 
1624, 0, 
1625, 0, 
1626, 0, 
1627, 0, 
1628, 0, 
1629, 0, 
1630, 0, 
1631, 0, 
1632, 0, 
1633, 0, 
1634, 0, 
1635, 0, 
1636, 0, 
1637, 0, 
1638, 0, 
1639, 0, 
1640, 0, 
1641, 0, 
1642, 0, 
1643, 0, 
1644, 0, 
1645, 0, 
1646, 0, 
1647, 0, 
1648, 0, 
1649, 0, 
1650, 0, 
1651, 0, 
1652, 0, 
1653, 0, 
1654, 0, 
1655, 0, 
1656, 0, 
1657, 0, 
1658, 0, 
1659, 0, 
1660, 0, 
1661, 0, 
1662, 0, 
1663, 0, 
1664, 0, 
1665, 0, 
1666, 0, 
1667, 0, 
1668, 0, 
1669, 0, 
1670, 0, 
1671, 0, 
1672, 0, 
1673, 0, 
1674, 0, 
1675, 0, 
1676, 0, 
1677, 0, 
1678, 0, 
1679, 0, 
1680, 0, 
1681, 0, 
1682, 0, 
1683, 0, 
1684, 0, 
1685, 0, 
1686, 0, 
1687, 0, 
1688, 0, 
1689, 0, 
1690, 0, 
1691, 0, 
1692, 0, 
1693, 0, 
1694, 0, 
1695, 0, 
1696, 0, 
1697, 0, 
1698, 0, 
1699, 0, 
1700, 0, 
1701, 0, 
1702, 0, 
1703, 0, 
1704, 0, 
1705, 0, 
1706, 0, 
1707, 0, 
1708, 0, 
1709, 0, 
1710, 0, 
1711, 0, 
1712, 0, 
1713, 0, 
1714, 0, 
1715, 0, 
1716, 0, 
1717, 0, 
1718, 0, 
1719, 0, 
1720, 0, 
1721, 0, 
1722, 0, 
1723, 0, 
1724, 0, 
1725, 0, 
1726, 0, 
1727, 0, 
1728, 0, 
1729, 0, 
1730, 0, 
1731, 0, 
1732, 0, 
1733, 0, 
1734, 0, 
1735, 0, 
1736, 0, 
1737, 0, 
1738, 0, 
1739, 0, 
1740, 0, 
1741, 0, 
1742, 0, 
1743, 0, 
1744, 0, 
1745, 0, 
1746, 0, 
1747, 0, 
1748, 0, 
1749, 0, 
1750, 0, 
1751, 0, 
1752, 0, 
1753, 0, 
1754, 0, 
1755, 0, 
1756, 0, 
1757, 0, 
1758, 0, 
1759, 0, 
1760, 0, 
1761, 0, 
1762, 0, 
1763, 0, 
1764, 0, 
1765, 0, 
1766, 0, 
1767, 0, 
1768, 0, 
1769, 0, 
1770, 0, 
1771, 0, 
1772, 0, 
1773, 0, 
1774, 0, 
1775, 0, 
1776, 0, 
1777, 0, 
1778, 0, 
1779, 0, 
1780, 0, 
1781, 0, 
1782, 0, 
1783, 0, 
1784, 0, 
1785, 0, 
1786, 0, 
1787, 0, 
1788, 0, 
1789, 0, 
1790, 0, 
1791, 0, 
1792, 0, 
1793, 0, 
1794, 0, 
1795, 0, 
1796, 0, 
1797, 0, 
1798, 0, 
1799, 0, 
1800, 0, 
1801, 0, 
1802, 0, 
1803, 0, 
1804, 0, 
1805, 0, 
1806, 0, 
1807, 0, 
1808, 0, 
1809, 0, 
1810, 0, 
1811, 0, 
1812, 0, 
1813, 0, 
1814, 0, 
1815, 0, 
1816, 0, 
1817, 0, 
1818, 0, 
1819, 0, 
1820, 0, 
1821, 0, 
1822, 0, 
1823, 0, 
1824, 0, 
1825, 0, 
1826, 0, 
1827, 0, 
1828, 0, 
1829, 0, 
1830, 0, 
1831, 0, 
1832, 0, 
1833, 0, 
1834, 0, 
1835, 0, 
1836, 0, 
1837, 0, 
1838, 0, 
1839, 0, 
1840, 0, 
1841, 0, 
1842, 0, 
1843, 0, 
1844, 0, 
1845, 0, 
1846, 0, 
1847, 0, 
1848, 0, 
1849, 0, 
1850, 0, 
1851, 0, 
1852, 0, 
1853, 0, 
1854, 0, 
1855, 0, 
1856, 0, 
1857, 0, 
1858, 0, 
1859, 0, 
1860, 0, 
1861, 0, 
1862, 0, 
1863, 0, 
1864, 0, 
1865, 0, 
1866, 0, 
1867, 0, 
1868, 0, 
1869, 0, 
1870, 0, 
1871, 0, 
1872, 0, 
1873, 0, 
1874, 0, 
1875, 0, 
1876, 0, 
1877, 0, 
1878, 0, 
1879, 0, 
1880, 0, 
1881, 0, 
1882, 0, 
1883, 0, 
1884, 0, 
1885, 0, 
1886, 0, 
1887, 0, 
1888, 0, 
1889, 0, 
1890, 0, 
1891, 0, 
1892, 0, 
1893, 0, 
1894, 0, 
1895, 0, 
1896, 0, 
1897, 0, 
1898, 0, 
1899, 0, 
1900, 0, 
1901, 0, 
1902, 0, 
1903, 0, 
1904, 0, 
1905, 0, 
1906, 0, 
1907, 0, 
1908, 0, 
1909, 0, 
1910, 0, 
1911, 0, 
1912, 0, 
1913, 0, 
1914, 0, 
1915, 0, 
1916, 0, 
1917, 0, 
1918, 0, 
1919, 0, 
1920, 0, 
1921, 0, 
1922, 0, 
1923, 0, 
1924, 0, 
1925, 0, 
1926, 0, 
1927, 0, 
1928, 0, 
1929, 0, 
1930, 0, 
1931, 0, 
1932, 0, 
1933, 0, 
1934, 0, 
1935, 0, 
1936, 0, 
1937, 0, 
1938, 0, 
1939, 0, 
1940, 0, 
1941, 0, 
1942, 0, 
1943, 0, 
1944, 0, 
1945, 0, 
1946, 0, 
1947, 0, 
1948, 0, 
1949, 0, 
1950, 0, 
1951, 0, 
1952, 0, 
1953, 0, 
1954, 0, 
1955, 0, 
1956, 0, 
1957, 0, 
1958, 0, 
1959, 0, 
1960, 0, 
1961, 0, 
1962, 0, 
1963, 0, 
1964, 0, 
1965, 0, 
1966, 0, 
1967, 0, 
1968, 0, 
1969, 0, 
1970, 0, 
1971, 0, 
1972, 0, 
1973, 0, 
1974, 0, 
1975, 0, 
1976, 0, 
1977, 0, 
1978, 0, 
1979, 0, 
1980, 0, 
1981, 0, 
1982, 0, 
1983, 0, 
1984, 0, 
1985, 0, 
1986, 0, 
1987, 0, 
1988, 0, 
1989, 0, 
1990, 0, 
1991, 0, 
1992, 0, 
1993, 0, 
1994, 0, 
1995, 0, 
1996, 0, 
1997, 0, 
1998, 0, 
1999, 0, 
2000, 0, 
2001, 0, 
2002, 0, 
2003, 0, 
2004, 0, 
2005, 0, 
2006, 0, 
2007, 0, 
2008, 0, 
2009, 0, 
2010, 0, 
2011, 0, 
2012, 0, 
2013, 0, 
2014, 0, 
2015, 0, 
2016, 0, 
2017, 0, 
2018, 0, 
2019, 0, 
2020, 0, 
2021, 0, 
2022, 0, 
2023, 0, 
2024, 0, 
2025, 0, 
2026, 0, 
2027, 0, 
2028, 0, 
2029, 0, 
2030, 0, 
2031, 0, 
2032, 0, 
2033, 0, 
2034, 0, 
2035, 0, 
2036, 0, 
2037, 0, 
2038, 0, 
2039, 0, 
2040, 0, 
2041, 0, 
2042, 0, 
2043, 0, 
2044, 0, 
2045, 0, 
2046, 0, 
2047, 0, 
2048, 0, 
2049, 0, 
2050, 0, 
2051, 0, 
2052, 0, 
2053, 0, 
2054, 0, 
2055, 0, 
2056, 0, 
2057, 0, 
2058, 0, 
2059, 0, 
2060, 0, 
2061, 0, 
2062, 0, 
2063, 0, 
2064, 0, 
2065, 0, 
2066, 0, 
2067, 0, 
2068, 0, 
2069, 0, 
2070, 0, 
2071, 0, 
2072, 0, 
2073, 0, 
2074, 0, 
2075, 0, 
2076, 0, 
2077, 0, 
2078, 0, 
2079, 0, 
2080, 0, 
2081, 0, 
2082, 0, 
2083, 0, 
2084, 0, 
2085, 0, 
2086, 0, 
2087, 0, 
2088, 0, 
2089, 0, 
2090, 0, 
2091, 0, 
2092, 0, 
2093, 0, 
2094, 0, 
2095, 0, 
2096, 0, 
2097, 0, 
2098, 0, 
2099, 0, 
2100, 0, 
2101, 0, 
2102, 0, 
2103, 0, 
2104, 0, 
2105, 0, 
2106, 0, 
2107, 0, 
2108, 0, 
2109, 0, 
2110, 0, 
2111, 0, 
2112, 0, 
2113, 0, 
2114, 0, 
2115, 0, 
2116, 0, 
2117, 0, 
2118, 0, 
2119, 0, 
2120, 0, 
2121, 0, 
2122, 0, 
2123, 0, 
2124, 0, 
2125, 0, 
2126, 0, 
2127, 0, 
2128, 0, 
2129, 0, 
2130, 0, 
2131, 0, 
2132, 0, 
2133, 0, 
2134, 0, 
2135, 0, 
2136, 0, 
2137, 0, 
2138, 0, 
2139, 0, 
2140, 0, 
2141, 0, 
2142, 0, 
2143, 0, 
2144, 0, 
2145, 0, 
2146, 0, 
2147, 0, 
2148, 0, 
2149, 0, 
2150, 0, 
2151, 0, 
2152, 0, 
2153, 0, 
2154, 0, 
2155, 0, 
2156, 0, 
2157, 0, 
2158, 0, 
2159, 0, 
2160, 0, 
2161, 0, 
2162, 0, 
2163, 0, 
2164, 0, 
2165, 0, 
2166, 0, 
2167, 0, 
2168, 0, 
2169, 0, 
2170, 0, 
2171, 0, 
2172, 0, 
2173, 0, 
2174, 0, 
2175, 0, 
2176, 0, 
2177, 0, 
2178, 0, 
2179, 0, 
2180, 0, 
2181, 0, 
2182, 0, 
2183, 0, 
2184, 0, 
2185, 0, 
2186, 0, 
2187, 0, 
2188, 0, 
2189, 0, 
2190, 0, 
2191, 0, 
2192, 0, 
2193, 0, 
2194, 0, 
2195, 0, 
2196, 0, 
2197, 0, 
2198, 0, 
2199, 0, 
2200, 0, 
2201, 0, 
2202, 0, 
2203, 0, 
2204, 0, 
2205, 0, 
2206, 0, 
2207, 0, 
2208, 0, 
2209, 0, 
2210, 0, 
2211, 0, 
2212, 0, 
2213, 0, 
2214, 0, 
2215, 0, 
2216, 0, 
2217, 0, 
2218, 0, 
2219, 0, 
2220, 0, 
2221, 0, 
2222, 0, 
2223, 0, 
2224, 0, 
2225, 0, 
2226, 0, 
2227, 0, 
2228, 0, 
2229, 0, 
2230, 0, 
2231, 0, 
2232, 0, 
2233, 0, 
2234, 0, 
2235, 0, 
2236, 0, 
2237, 0, 
2238, 0, 
2239, 0, 
2240, 0, 
2241, 0, 
2242, 0, 
2243, 0, 
2244, 0, 
2245, 0, 
2246, 0, 
2247, 0, 
2248, 0, 
2249, 0, 
2250, 0, 
2251, 0, 
2252, 0, 
2253, 0, 
2254, 0, 
2255, 0, 
2256, 0, 
2257, 0, 
2258, 0, 
2259, 0, 
2260, 0, 
2261, 0, 
2262, 0, 
2263, 0, 
2264, 0, 
2265, 0, 
2266, 0, 
2267, 0, 
2268, 0, 
2269, 0, 
2270, 0, 
2271, 0, 
2272, 0, 
2273, 0, 
2274, 0, 
2275, 0, 
2276, 0, 
2277, 0, 
2278, 0, 
2279, 0, 
2280, 0, 
2281, 0, 
2282, 0, 
2283, 0, 
2284, 0, 
2285, 0, 
2286, 1, 
2287, 0, 
2288, 3, 
2289, 4, 
2290, 0, 
2291, 2, 
2292, 2, 
2293, 1, 
2294, 1, 
2295, 0, 
2296, 2, 
2297, 0, 
2298, 1, 
2299, 0, 
2300, 3, 
2301, 2, 
2302, 0, 
2303, 2, 
2304, 1, 
2305, 0, 
2306, 0, 
2307, 1, 
2308, 0, 
2309, 1, 
2310, 0, 
2311, 1, 
2312, 0, 
2313, 0, 
2314, 1, 
2315, 0, 
2316, 1, 
2317, 0, 
2318, 0, 
2319, 1, 
2320, 1, 
2321, 0, 
2322, 0, 
2323, 1, 
2324, 0, 
2325, 0, 
2326, 0, 
2327, 0, 
2328, 0, 
2329, 0, 
2330, 0, 
2331, 0, 
2332, 0, 
2333, 1, 
2334, 0, 
2335, 0, 
2336, 0, 
2337, 2, 
2338, 0, 
2339, 0, 
2340, 0, 
2341, 0, 
2342, 0, 
2343, 0, 
2344, 0, 
2345, 0, 
2346, 0, 
2347, 1, 
2348, 0, 
2349, 1, 
2350, 0, 
2351, 0, 
2352, 0, 
2353, 0, 
2354, 0, 
2355, 0, 
2356, 0, 
2357, 0, 
2358, 0, 
2359, 0, 
2360, 0, 
2361, 0, 
2362, 0, 
2363, 0, 
2364, 0, 
2365, 0, 
2366, 0, 
2367, 0, 
2368, 0, 
2369, 0, 
2370, 0, 
2371, 0, 
2372, 0, 
2373, 0, 
2374, 0, 
2375, 0, 
2376, 0, 
2377, 0, 
2378, 0, 
2379, 0, 
2380, 0, 
2381, 0, 
2382, 0, 
2383, 0, 
2384, 0, 
2385, 0, 
2386, 0, 
2387, 0, 
2388, 0, 
2389, 0, 
2390, 0, 
2391, 0, 
2392, 0, 
2393, 0, 
2394, 0, 
2395, 0, 
2396, 0, 
2397, 0, 
2398, 0, 
2399, 0, 
2400, 0, 
2401, 0, 
2402, 0, 
2403, 0, 
2404, 0, 
2405, 0, 
2406, 0, 
2407, 0, 
2408, 0, 
2409, 0, 
2410, 0, 
2411, 0, 
2412, 0, 
2413, 0, 
2414, 0, 
2415, 0, 
2416, 0, 
2417, 0, 
2418, 0, 
2419, 0, 
2420, 0, 
2421, 0, 
2422, 0, 
2423, 0, 
2424, 0, 
2425, 0, 
2426, 0, 
2427, 0, 
2428, 0, 
2429, 0, 
2430, 0, 
2431, 0, 
2432, 0, 
2433, 0, 
2434, 0, 
2435, 0, 
2436, 0, 
2437, 0, 
2438, 0, 
2439, 0, 
2440, 0, 
2441, 0, 
2442, 0, 
2443, 0, 
2444, 0, 
2445, 0, 
2446, 0, 
2447, 0, 
2448, 0, 
2449, 0, 
2450, 0, 
2451, 0, 
2452, 0, 
2453, 0, 
2454, 0, 
2455, 0, 
2456, 0, 
2457, 0, 
2458, 0, 
2459, 0, 
2460, 0, 
2461, 0, 
2462, 0, 
2463, 0, 
2464, 0, 
2465, 0, 
2466, 0, 
2467, 0, 
2468, 0, 
2469, 0, 
2470, 0, 
2471, 0, 
2472, 0, 
2473, 0, 
2474, 0, 
2475, 0, 
2476, 0, 
2477, 0, 
2478, 0, 
2479, 0, 
2480, 0, 
2481, 0, 
2482, 0, 
2483, 0, 
2484, 0, 
2485, 0, 
2486, 0, 
2487, 0, 
2488, 0, 
2489, 0, 
2490, 0, 
2491, 0, 
2492, 0, 
2493, 0, 
2494, 0, 
2495, 0, 
2496, 0, 
2497, 0, 
2498, 0, 
2499, 0, 
2500, 0, 
2501, 0, 
2502, 0, 
2503, 0, 
2504, 0, 
2505, 0, 
2506, 0, 
2507, 0, 
2508, 0, 
2509, 0, 
2510, 0, 
2511, 0, 
2512, 0, 
2513, 0, 
2514, 0, 
2515, 0, 
2516, 0, 
2517, 0, 
2518, 0, 
2519, 0, 
2520, 0, 
2521, 0, 
2522, 0, 
2523, 0, 
2524, 0, 
2525, 0, 
2526, 0, 
2527, 0, 
2528, 0, 
2529, 0, 
2530, 0, 
2531, 0, 
2532, 0, 
2533, 0, 
2534, 0, 
2535, 0, 
2536, 0, 
2537, 0, 
2538, 0, 
2539, 0, 
2540, 0, 
2541, 0, 
2542, 0, 
2543, 0, 
2544, 0, 
2545, 0, 
2546, 0, 
2547, 0, 
2548, 0, 
2549, 0, 
2550, 0, 
2551, 0, 
2552, 0, 
2553, 0, 
2554, 0, 
2555, 0, 
2556, 0, 
2557, 0, 
2558, 0, 
2559, 0, 
2560, 0, 
2561, 0, 
2562, 0, 
2563, 0, 
2564, 0, 
2565, 0, 
2566, 0, 
2567, 0, 
2568, 0, 
2569, 0, 
2570, 0, 
2571, 0, 
2572, 0, 
2573, 0, 
2574, 0, 
2575, 0, 
2576, 0, 
2577, 0, 
2578, 0, 
2579, 0, 
2580, 0, 
2581, 0, 
2582, 0, 
2583, 0, 
2584, 0, 
2585, 0, 
2586, 0, 
2587, 0, 
2588, 0, 
2589, 0, 
2590, 0, 
2591, 0, 
2592, 0, 
2593, 0, 
2594, 0, 
2595, 0, 
2596, 0, 
2597, 0, 
2598, 0, 
2599, 0, 
2600, 0, 
2601, 0, 
2602, 0, 
2603, 0, 
2604, 0, 
2605, 0, 
2606, 0, 
2607, 0, 
2608, 0, 
2609, 0, 
2610, 0, 
2611, 0, 
2612, 0, 
2613, 0, 
2614, 0, 
2615, 0, 
2616, 0, 
2617, 0, 
2618, 0, 
2619, 0, 
2620, 0, 
2621, 0, 
2622, 0, 
2623, 0, 
2624, 0, 
2625, 0, 
2626, 0, 
2627, 0, 
2628, 0, 
2629, 0, 
2630, 0, 
2631, 0, 
2632, 0, 
2633, 0, 
2634, 0, 
2635, 0, 
2636, 0, 
2637, 0, 
2638, 0, 
2639, 0, 
2640, 0, 
2641, 0, 
2642, 0, 
2643, 0, 
2644, 0, 
2645, 0, 
2646, 0, 
2647, 0, 
2648, 0, 
2649, 0, 
2650, 0, 
2651, 0, 
2652, 0, 
2653, 0, 
2654, 0, 
2655, 0, 
2656, 0, 
2657, 0, 
2658, 0, 
2659, 0, 
2660, 0, 
2661, 0, 
2662, 0, 
2663, 0, 
2664, 0, 
2665, 0, 
2666, 0, 
2667, 0, 
2668, 0, 
2669, 0, 
2670, 0, 
2671, 0, 
2672, 0, 
2673, 0, 
2674, 0, 
2675, 0, 
2676, 0, 
2677, 0, 
2678, 0, 
2679, 0, 
2680, 0, 
2681, 0, 
2682, 0, 
2683, 0, 
2684, 0, 
2685, 0, 
2686, 0, 
2687, 0, 
2688, 0, 
2689, 0, 
2690, 0, 
2691, 0, 
2692, 0, 
2693, 0, 
2694, 0, 
2695, 0, 
2696, 0, 
2697, 0, 
2698, 0, 
2699, 0, 
2700, 0, 
2701, 0, 
2702, 0, 
2703, 0, 
2704, 0, 
2705, 0, 
2706, 0, 
2707, 0, 
2708, 0, 
2709, 0, 
2710, 0, 
2711, 0, 
2712, 0, 
2713, 0, 
2714, 0, 
2715, 0, 
2716, 0, 
2717, 0, 
2718, 0, 
2719, 0, 
2720, 0, 
2721, 0, 
2722, 0, 
2723, 0, 
2724, 0, 
2725, 0, 
2726, 0, 
2727, 0, 
2728, 0, 
2729, 0, 
2730, 0, 
2731, 0, 
2732, 0, 
2733, 0, 
2734, 0, 
2735, 0, 
2736, 0, 
2737, 0, 
2738, 0, 
2739, 0, 
2740, 0, 
2741, 0, 
2742, 0, 
2743, 0, 
2744, 0, 
2745, 0, 
2746, 0, 
2747, 0, 
2748, 0, 
2749, 0, 
2750, 0, 
2751, 0, 
2752, 0, 
2753, 0, 
2754, 0, 
2755, 0, 
2756, 0, 
2757, 0, 
2758, 0, 
2759, 0, 
2760, 0, 
2761, 0, 
2762, 0, 
2763, 0, 
2764, 0, 
2765, 0, 
2766, 0, 
2767, 0, 
2768, 0, 
2769, 0, 
2770, 0, 
2771, 0, 
2772, 0, 
2773, 0, 
2774, 0, 
2775, 0, 
2776, 0, 
2777, 0, 
2778, 0, 
2779, 0, 
2780, 0, 
2781, 0, 
2782, 0, 
2783, 0, 
2784, 0, 
2785, 0, 
2786, 0, 
2787, 0, 
2788, 0, 
2789, 0, 
2790, 0, 
2791, 0, 
2792, 0, 
2793, 0, 
2794, 0, 
2795, 0, 
2796, 0, 
2797, 0, 
2798, 0, 
2799, 0, 
2800, 0, 
2801, 0, 
2802, 0, 
2803, 0, 
2804, 0, 
