-2805, 0,
-2804, 0,
-2803, 0,
-2802, 0,
-2801, 0,
-2800, 0,
-2799, 0,
-2798, 0,
-2797, 0,
-2796, 0,
-2795, 0,
-2794, 0,
-2793, 0,
-2792, 0,
-2791, 0,
-2790, 0,
-2789, 0,
-2788, 0,
-2787, 0,
-2786, 0,
-2785, 0,
-2784, 0,
-2783, 0,
-2782, 0,
-2781, 0,
-2780, 0,
-2779, 0,
-2778, 0,
-2777, 0,
-2776, 0,
-2775, 0,
-2774, 0,
-2773, 0,
-2772, 0,
-2771, 0,
-2770, 0,
-2769, 0,
-2768, 0,
-2767, 0,
-2766, 0,
-2765, 0,
-2764, 0,
-2763, 0,
-2762, 0,
-2761, 0,
-2760, 0,
-2759, 0,
-2758, 0,
-2757, 0,
-2756, 0,
-2755, 0,
-2754, 0,
-2753, 0,
-2752, 0,
-2751, 0,
-2750, 0,
-2749, 0,
-2748, 0,
-2747, 0,
-2746, 0,
-2745, 0,
-2744, 0,
-2743, 0,
-2742, 0,
-2741, 0,
-2740, 0,
-2739, 0,
-2738, 0,
-2737, 0,
-2736, 0,
-2735, 0,
-2734, 0,
-2733, 0,
-2732, 0,
-2731, 0,
-2730, 0,
-2729, 0,
-2728, 0,
-2727, 0,
-2726, 0,
-2725, 0,
-2724, 0,
-2723, 0,
-2722, 0,
-2721, 0,
-2720, 0,
-2719, 0,
-2718, 0,
-2717, 0,
-2716, 0,
-2715, 0,
-2714, 0,
-2713, 0,
-2712, 0,
-2711, 0,
-2710, 0,
-2709, 0,
-2708, 0,
-2707, 0,
-2706, 0,
-2705, 0,
-2704, 0,
-2703, 0,
-2702, 0,
-2701, 0,
-2700, 0,
-2699, 0,
-2698, 0,
-2697, 0,
-2696, 0,
-2695, 0,
-2694, 0,
-2693, 0,
-2692, 0,
-2691, 0,
-2690, 0,
-2689, 0,
-2688, 0,
-2687, 0,
-2686, 0,
-2685, 0,
-2684, 0,
-2683, 0,
-2682, 0,
-2681, 0,
-2680, 0,
-2679, 0,
-2678, 0,
-2677, 0,
-2676, 0,
-2675, 0,
-2674, 0,
-2673, 0,
-2672, 0,
-2671, 0,
-2670, 0,
-2669, 0,
-2668, 0,
-2667, 0,
-2666, 0,
-2665, 0,
-2664, 0,
-2663, 0,
-2662, 0,
-2661, 0,
-2660, 0,
-2659, 0,
-2658, 0,
-2657, 0,
-2656, 0,
-2655, 0,
-2654, 0,
-2653, 0,
-2652, 0,
-2651, 0,
-2650, 0,
-2649, 0,
-2648, 0,
-2647, 0,
-2646, 0,
-2645, 0,
-2644, 0,
-2643, 0,
-2642, 0,
-2641, 0,
-2640, 0,
-2639, 0,
-2638, 0,
-2637, 0,
-2636, 0,
-2635, 0,
-2634, 0,
-2633, 0,
-2632, 0,
-2631, 0,
-2630, 0,
-2629, 0,
-2628, 0,
-2627, 0,
-2626, 0,
-2625, 0,
-2624, 0,
-2623, 0,
-2622, 0,
-2621, 0,
-2620, 0,
-2619, 0,
-2618, 0,
-2617, 0,
-2616, 0,
-2615, 0,
-2614, 0,
-2613, 0,
-2612, 0,
-2611, 0,
-2610, 0,
-2609, 0,
-2608, 0,
-2607, 0,
-2606, 0,
-2605, 0,
-2604, 0,
-2603, 0,
-2602, 0,
-2601, 0,
-2600, 0,
-2599, 0,
-2598, 0,
-2597, 0,
-2596, 0,
-2595, 0,
-2594, 0,
-2593, 0,
-2592, 0,
-2591, 0,
-2590, 0,
-2589, 0,
-2588, 0,
-2587, 0,
-2586, 0,
-2585, 0,
-2584, 0,
-2583, 0,
-2582, 0,
-2581, 0,
-2580, 0,
-2579, 0,
-2578, 0,
-2577, 0,
-2576, 0,
-2575, 0,
-2574, 0,
-2573, 0,
-2572, 0,
-2571, 0,
-2570, 0,
-2569, 0,
-2568, 0,
-2567, 0,
-2566, 0,
-2565, 0,
-2564, 0,
-2563, 0,
-2562, 0,
-2561, 0,
-2560, 0,
-2559, 0,
-2558, 0,
-2557, 0,
-2556, 0,
-2555, 0,
-2554, 0,
-2553, 0,
-2552, 0,
-2551, 0,
-2550, 0,
-2549, 0,
-2548, 0,
-2547, 0,
-2546, 0,
-2545, 0,
-2544, 0,
-2543, 0,
-2542, 0,
-2541, 0,
-2540, 0,
-2539, 0,
-2538, 0,
-2537, 0,
-2536, 0,
-2535, 0,
-2534, 0,
-2533, 0,
-2532, 0,
-2531, 0,
-2530, 0,
-2529, 0,
-2528, 0,
-2527, 0,
-2526, 0,
-2525, 0,
-2524, 0,
-2523, 0,
-2522, 0,
-2521, 0,
-2520, 0,
-2519, 0,
-2518, 0,
-2517, 0,
-2516, 0,
-2515, 0,
-2514, 0,
-2513, 0,
-2512, 0,
-2511, 0,
-2510, 0,
-2509, 0,
-2508, 0,
-2507, 0,
-2506, 0,
-2505, 0,
-2504, 0,
-2503, 0,
-2502, 0,
-2501, 0,
-2500, 0,
-2499, 0,
-2498, 0,
-2497, 0,
-2496, 0,
-2495, 0,
-2494, 0,
-2493, 0,
-2492, 0,
-2491, 0,
-2490, 0,
-2489, 0,
-2488, 0,
-2487, 0,
-2486, 0,
-2485, 0,
-2484, 0,
-2483, 0,
-2482, 0,
-2481, 0,
-2480, 0,
-2479, 0,
-2478, 0,
-2477, 0,
-2476, 0,
-2475, 0,
-2474, 0,
-2473, 0,
-2472, 0,
-2471, 0,
-2470, 0,
-2469, 0,
-2468, 0,
-2467, 0,
-2466, 0,
-2465, 0,
-2464, 0,
-2463, 0,
-2462, 0,
-2461, 0,
-2460, 0,
-2459, 0,
-2458, 0,
-2457, 0,
-2456, 0,
-2455, 0,
-2454, 0,
-2453, 0,
-2452, 0,
-2451, 0,
-2450, 0,
-2449, 0,
-2448, 0,
-2447, 0,
-2446, 0,
-2445, 0,
-2444, 0,
-2443, 0,
-2442, 0,
-2441, 0,
-2440, 0,
-2439, 0,
-2438, 0,
-2437, 0,
-2436, 0,
-2435, 0,
-2434, 0,
-2433, 0,
-2432, 0,
-2431, 0,
-2430, 0,
-2429, 0,
-2428, 0,
-2427, 0,
-2426, 0,
-2425, 0,
-2424, 0,
-2423, 0,
-2422, 0,
-2421, 0,
-2420, 0,
-2419, 0,
-2418, 0,
-2417, 0,
-2416, 0,
-2415, 0,
-2414, 0,
-2413, 0,
-2412, 0,
-2411, 0,
-2410, 0,
-2409, 0,
-2408, 0,
-2407, 0,
-2406, 0,
-2405, 0,
-2404, 0,
-2403, 0,
-2402, 0,
-2401, 0,
-2400, 0,
-2399, 0,
-2398, 0,
-2397, 0,
-2396, 0,
-2395, 0,
-2394, 0,
-2393, 0,
-2392, 0,
-2391, 0,
-2390, 0,
-2389, 0,
-2388, 0,
-2387, 0,
-2386, 0,
-2385, 0,
-2384, 0,
-2383, 0,
-2382, 0,
-2381, 0,
-2380, 0,
-2379, 0,
-2378, 0,
-2377, 0,
-2376, 0,
-2375, 0,
-2374, 0,
-2373, 0,
-2372, 0,
-2371, 0,
-2370, 0,
-2369, 0,
-2368, 0,
-2367, 0,
-2366, 0,
-2365, 0,
-2364, 0,
-2363, 0,
-2362, 0,
-2361, 0,
-2360, 0,
-2359, 0,
-2358, 0,
-2357, 0,
-2356, 0,
-2355, 0,
-2354, 0,
-2353, 0,
-2352, 0,
-2351, 0,
-2350, 0,
-2349, 0,
-2348, 0,
-2347, 0,
-2346, 0,
-2345, 0,
-2344, 0,
-2343, 0,
-2342, 0,
-2341, 0,
-2340, 0,
-2339, 0,
-2338, 0,
-2337, 0,
-2336, 0,
-2335, 0,
-2334, 0,
-2333, 0,
-2332, 0,
-2331, 0,
-2330, 0,
-2329, 0,
-2328, 0,
-2327, 0,
-2326, 0,
-2325, 0,
-2324, 0,
-2323, 0,
-2322, 0,
-2321, 0,
-2320, 0,
-2319, 0,
-2318, 0,
-2317, 0,
-2316, 0,
-2315, 0,
-2314, 0,
-2313, 0,
-2312, 0,
-2311, 0,
-2310, 0,
-2309, 0,
-2308, 0,
-2307, 0,
-2306, 0,
-2305, 0,
-2304, 0,
-2303, 0,
-2302, 0,
-2301, 0,
-2300, 0,
-2299, 0,
-2298, 0,
-2297, 0,
-2296, 0,
-2295, 0,
-2294, 0,
-2293, 0,
-2292, 0,
-2291, 0,
-2290, 0,
-2289, 0,
-2288, 0,
-2287, 0,
-2286, 0,
-2285, 0,
-2284, 0,
-2283, 0,
-2282, 0,
-2281, 0,
-2280, 0,
-2279, 0,
-2278, 0,
-2277, 0,
-2276, 0,
-2275, 0,
-2274, 0,
-2273, 0,
-2272, 0,
-2271, 0,
-2270, 0,
-2269, 0,
-2268, 0,
-2267, 0,
-2266, 0,
-2265, 0,
-2264, 0,
-2263, 0,
-2262, 0,
-2261, 0,
-2260, 0,
-2259, 0,
-2258, 0,
-2257, 0,
-2256, 0,
-2255, 0,
-2254, 0,
-2253, 0,
-2252, 0,
-2251, 0,
-2250, 0,
-2249, 0,
-2248, 0,
-2247, 0,
-2246, 0,
-2245, 0,
-2244, 0,
-2243, 0,
-2242, 0,
-2241, 0,
-2240, 0,
-2239, 0,
-2238, 0,
-2237, 0,
-2236, 0,
-2235, 0,
-2234, 0,
-2233, 0,
-2232, 0,
-2231, 0,
-2230, 0,
-2229, 0,
-2228, 0,
-2227, 0,
-2226, 0,
-2225, 0,
-2224, 0,
-2223, 0,
-2222, 0,
-2221, 0,
-2220, 0,
-2219, 0,
-2218, 0,
-2217, 0,
-2216, 0,
-2215, 0,
-2214, 0,
-2213, 0,
-2212, 0,
-2211, 0,
-2210, 0,
-2209, 0,
-2208, 0,
-2207, 0,
-2206, 0,
-2205, 0,
-2204, 0,
-2203, 0,
-2202, 0,
-2201, 0,
-2200, 0,
-2199, 0,
-2198, 0,
-2197, 0,
-2196, 0,
-2195, 0,
-2194, 0,
-2193, 0,
-2192, 0,
-2191, 0,
-2190, 0,
-2189, 0,
-2188, 0,
-2187, 0,
-2186, 0,
-2185, 0,
-2184, 0,
-2183, 0,
-2182, 0,
-2181, 0,
-2180, 0,
-2179, 0,
-2178, 0,
-2177, 0,
-2176, 0,
-2175, 0,
-2174, 0,
-2173, 0,
-2172, 0,
-2171, 0,
-2170, 0,
-2169, 0,
-2168, 0,
-2167, 0,
-2166, 0,
-2165, 0,
-2164, 0,
-2163, 0,
-2162, 0,
-2161, 0,
-2160, 0,
-2159, 0,
-2158, 0,
-2157, 0,
-2156, 0,
-2155, 0,
-2154, 0,
-2153, 0,
-2152, 0,
-2151, 0,
-2150, 0,
-2149, 0,
-2148, 0,
-2147, 0,
-2146, 0,
-2145, 0,
-2144, 0,
-2143, 0,
-2142, 0,
-2141, 0,
-2140, 0,
-2139, 0,
-2138, 0,
-2137, 0,
-2136, 0,
-2135, 0,
-2134, 0,
-2133, 0,
-2132, 0,
-2131, 0,
-2130, 0,
-2129, 0,
-2128, 0,
-2127, 0,
-2126, 0,
-2125, 0,
-2124, 0,
-2123, 0,
-2122, 0,
-2121, 0,
-2120, 0,
-2119, 0,
-2118, 0,
-2117, 0,
-2116, 0,
-2115, 0,
-2114, 0,
-2113, 0,
-2112, 0,
-2111, 0,
-2110, 0,
-2109, 0,
-2108, 0,
-2107, 0,
-2106, 0,
-2105, 0,
-2104, 0,
-2103, 0,
-2102, 0,
-2101, 0,
-2100, 0,
-2099, 0,
-2098, 0,
-2097, 0,
-2096, 0,
-2095, 0,
-2094, 0,
-2093, 0,
-2092, 0,
-2091, 0,
-2090, 0,
-2089, 0,
-2088, 0,
-2087, 0,
-2086, 0,
-2085, 0,
-2084, 0,
-2083, 0,
-2082, 0,
-2081, 0,
-2080, 0,
-2079, 0,
-2078, 0,
-2077, 0,
-2076, 0,
-2075, 0,
-2074, 0,
-2073, 0,
-2072, 0,
-2071, 0,
-2070, 0,
-2069, 0,
-2068, 0,
-2067, 0,
-2066, 0,
-2065, 0,
-2064, 0,
-2063, 0,
-2062, 0,
-2061, 0,
-2060, 0,
-2059, 0,
-2058, 0,
-2057, 0,
-2056, 0,
-2055, 0,
-2054, 0,
-2053, 0,
-2052, 0,
-2051, 0,
-2050, 0,
-2049, 0,
-2048, 0,
-2047, 0,
-2046, 0,
-2045, 0,
-2044, 0,
-2043, 0,
-2042, 0,
-2041, 0,
-2040, 0,
-2039, 0,
-2038, 0,
-2037, 0,
-2036, 0,
-2035, 0,
-2034, 0,
-2033, 0,
-2032, 0,
-2031, 0,
-2030, 0,
-2029, 0,
-2028, 0,
-2027, 0,
-2026, 0,
-2025, 0,
-2024, 0,
-2023, 0,
-2022, 0,
-2021, 0,
-2020, 0,
-2019, 0,
-2018, 0,
-2017, 0,
-2016, 0,
-2015, 0,
-2014, 0,
-2013, 0,
-2012, 0,
-2011, 0,
-2010, 0,
-2009, 0,
-2008, 0,
-2007, 0,
-2006, 0,
-2005, 0,
-2004, 0,
-2003, 0,
-2002, 0,
-2001, 0,
-2000, 0,
-1999, 0,
-1998, 0,
-1997, 0,
-1996, 0,
-1995, 0,
-1994, 0,
-1993, 0,
-1992, 0,
-1991, 0,
-1990, 0,
-1989, 0,
-1988, 0,
-1987, 0,
-1986, 0,
-1985, 0,
-1984, 0,
-1983, 0,
-1982, 0,
-1981, 0,
-1980, 0,
-1979, 0,
-1978, 0,
-1977, 0,
-1976, 0,
-1975, 0,
-1974, 0,
-1973, 0,
-1972, 0,
-1971, 0,
-1970, 0,
-1969, 0,
-1968, 0,
-1967, 0,
-1966, 0,
-1965, 0,
-1964, 0,
-1963, 0,
-1962, 0,
-1961, 0,
-1960, 0,
-1959, 0,
-1958, 0,
-1957, 0,
-1956, 0,
-1955, 0,
-1954, 0,
-1953, 0,
-1952, 0,
-1951, 0,
-1950, 0,
-1949, 0,
-1948, 0,
-1947, 0,
-1946, 0,
-1945, 0,
-1944, 0,
-1943, 0,
-1942, 0,
-1941, 0,
-1940, 0,
-1939, 0,
-1938, 0,
-1937, 0,
-1936, 0,
-1935, 0,
-1934, 0,
-1933, 0,
-1932, 0,
-1931, 0,
-1930, 0,
-1929, 0,
-1928, 0,
-1927, 0,
-1926, 0,
-1925, 0,
-1924, 0,
-1923, 0,
-1922, 0,
-1921, 0,
-1920, 0,
-1919, 0,
-1918, 0,
-1917, 0,
-1916, 0,
-1915, 0,
-1914, 0,
-1913, 0,
-1912, 0,
-1911, 0,
-1910, 0,
-1909, 0,
-1908, 0,
-1907, 0,
-1906, 0,
-1905, 0,
-1904, 0,
-1903, 0,
-1902, 0,
-1901, 0,
-1900, 0,
-1899, 0,
-1898, 0,
-1897, 0,
-1896, 0,
-1895, 0,
-1894, 0,
-1893, 0,
-1892, 0,
-1891, 0,
-1890, 0,
-1889, 0,
-1888, 0,
-1887, 0,
-1886, 0,
-1885, 0,
-1884, 0,
-1883, 0,
-1882, 0,
-1881, 0,
-1880, 0,
-1879, 0,
-1878, 0,
-1877, 0,
-1876, 0,
-1875, 0,
-1874, 0,
-1873, 0,
-1872, 0,
-1871, 0,
-1870, 0,
-1869, 0,
-1868, 0,
-1867, 0,
-1866, 0,
-1865, 0,
-1864, 0,
-1863, 0,
-1862, 0,
-1861, 0,
-1860, 0,
-1859, 0,
-1858, 0,
-1857, 0,
-1856, 0,
-1855, 0,
-1854, 0,
-1853, 0,
-1852, 0,
-1851, 0,
-1850, 0,
-1849, 0,
-1848, 0,
-1847, 0,
-1846, 0,
-1845, 0,
-1844, 0,
-1843, 0,
-1842, 0,
-1841, 0,
-1840, 0,
-1839, 0,
-1838, 0,
-1837, 0,
-1836, 0,
-1835, 0,
-1834, 0,
-1833, 0,
-1832, 0,
-1831, 0,
-1830, 0,
-1829, 0,
-1828, 0,
-1827, 0,
-1826, 0,
-1825, 0,
-1824, 0,
-1823, 0,
-1822, 0,
-1821, 0,
-1820, 0,
-1819, 0,
-1818, 0,
-1817, 0,
-1816, 0,
-1815, 0,
-1814, 0,
-1813, 0,
-1812, 0,
-1811, 0,
-1810, 0,
-1809, 0,
-1808, 0,
-1807, 0,
-1806, 0,
-1805, 0,
-1804, 0,
-1803, 0,
-1802, 0,
-1801, 0,
-1800, 0,
-1799, 0,
-1798, 0,
-1797, 0,
-1796, 0,
-1795, 0,
-1794, 0,
-1793, 0,
-1792, 0,
-1791, 0,
-1790, 0,
-1789, 0,
-1788, 0,
-1787, 0,
-1786, 0,
-1785, 0,
-1784, 0,
-1783, 0,
-1782, 0,
-1781, 0,
-1780, 0,
-1779, 0,
-1778, 0,
-1777, 0,
-1776, 0,
-1775, 0,
-1774, 0,
-1773, 0,
-1772, 0,
-1771, 0,
-1770, 0,
-1769, 0,
-1768, 0,
-1767, 0,
-1766, 0,
-1765, 0,
-1764, 0,
-1763, 0,
-1762, 0,
-1761, 0,
-1760, 0,
-1759, 0,
-1758, 0,
-1757, 0,
-1756, 0,
-1755, 0,
-1754, 0,
-1753, 0,
-1752, 0,
-1751, 0,
-1750, 0,
-1749, 0,
-1748, 0,
-1747, 0,
-1746, 0,
-1745, 0,
-1744, 0,
-1743, 0,
-1742, 0,
-1741, 0,
-1740, 0,
-1739, 0,
-1738, 0,
-1737, 0,
-1736, 0,
-1735, 0,
-1734, 0,
-1733, 0,
-1732, 0,
-1731, 0,
-1730, 0,
-1729, 0,
-1728, 0,
-1727, 0,
-1726, 0,
-1725, 0,
-1724, 0,
-1723, 0,
-1722, 0,
-1721, 0,
-1720, 0,
-1719, 0,
-1718, 0,
-1717, 0,
-1716, 0,
-1715, 0,
-1714, 0,
-1713, 0,
-1712, 0,
-1711, 0,
-1710, 0,
-1709, 0,
-1708, 0,
-1707, 0,
-1706, 0,
-1705, 0,
-1704, 0,
-1703, 0,
-1702, 0,
-1701, 0,
-1700, 0,
-1699, 0,
-1698, 0,
-1697, 0,
-1696, 0,
-1695, 0,
-1694, 0,
-1693, 0,
-1692, 0,
-1691, 0,
-1690, 0,
-1689, 0,
-1688, 0,
-1687, 0,
-1686, 0,
-1685, 0,
-1684, 0,
-1683, 0,
-1682, 0,
-1681, 0,
-1680, 0,
-1679, 0,
-1678, 0,
-1677, 0,
-1676, 0,
-1675, 0,
-1674, 0,
-1673, 0,
-1672, 0,
-1671, 0,
-1670, 0,
-1669, 0,
-1668, 0,
-1667, 0,
-1666, 0,
-1665, 0,
-1664, 0,
-1663, 0,
-1662, 0,
-1661, 0,
-1660, 0,
-1659, 0,
-1658, 0,
-1657, 0,
-1656, 0,
-1655, 0,
-1654, 0,
-1653, 0,
-1652, 0,
-1651, 0,
-1650, 0,
-1649, 0,
-1648, 0,
-1647, 0,
-1646, 0,
-1645, 0,
-1644, 0,
-1643, 0,
-1642, 0,
-1641, 0,
-1640, 0,
-1639, 0,
-1638, 0,
-1637, 0,
-1636, 0,
-1635, 0,
-1634, 0,
-1633, 0,
-1632, 0,
-1631, 0,
-1630, 0,
-1629, 0,
-1628, 0,
-1627, 0,
-1626, 0,
-1625, 0,
-1624, 0,
-1623, 0,
-1622, 0,
-1621, 0,
-1620, 0,
-1619, 0,
-1618, 0,
-1617, 0,
-1616, 0,
-1615, 0,
-1614, 0,
-1613, 0,
-1612, 0,
-1611, 0,
-1610, 0,
-1609, 0,
-1608, 0,
-1607, 0,
-1606, 0,
-1605, 0,
-1604, 0,
-1603, 0,
-1602, 0,
-1601, 0,
-1600, 0,
-1599, 0,
-1598, 0,
-1597, 0,
-1596, 0,
-1595, 0,
-1594, 0,
-1593, 0,
-1592, 0,
-1591, 0,
-1590, 0,
-1589, 0,
-1588, 0,
-1587, 0,
-1586, 0,
-1585, 0,
-1584, 0,
-1583, 0,
-1582, 0,
-1581, 0,
-1580, 0,
-1579, 0,
-1578, 0,
-1577, 0,
-1576, 0,
-1575, 0,
-1574, 0,
-1573, 0,
-1572, 0,
-1571, 0,
-1570, 0,
-1569, 0,
-1568, 0,
-1567, 0,
-1566, 0,
-1565, 0,
-1564, 0,
-1563, 0,
-1562, 0,
-1561, 0,
-1560, 0,
-1559, 0,
-1558, 0,
-1557, 0,
-1556, 0,
-1555, 0,
-1554, 0,
-1553, 0,
-1552, 0,
-1551, 0,
-1550, 0,
-1549, 0,
-1548, 0,
-1547, 0,
-1546, 0,
-1545, 0,
-1544, 0,
-1543, 0,
-1542, 0,
-1541, 0,
-1540, 0,
-1539, 0,
-1538, 0,
-1537, 0,
-1536, 0,
-1535, 0,
-1534, 0,
-1533, 0,
-1532, 0,
-1531, 0,
-1530, 0,
-1529, 0,
-1528, 0,
-1527, 0,
-1526, 0,
-1525, 0,
-1524, 0,
-1523, 0,
-1522, 0,
-1521, 0,
-1520, 0,
-1519, 0,
-1518, 0,
-1517, 0,
-1516, 0,
-1515, 0,
-1514, 0,
-1513, 0,
-1512, 0,
-1511, 0,
-1510, 0,
-1509, 0,
-1508, 0,
-1507, 0,
-1506, 0,
-1505, 0,
-1504, 0,
-1503, 0,
-1502, 0,
-1501, 0,
-1500, 0,
-1499, 0,
-1498, 0,
-1497, 0,
-1496, 0,
-1495, 0,
-1494, 0,
-1493, 0,
-1492, 0,
-1491, 0,
-1490, 0,
-1489, 0,
-1488, 0,
-1487, 0,
-1486, 0,
-1485, 0,
-1484, 0,
-1483, 0,
-1482, 0,
-1481, 0,
-1480, 0,
-1479, 0,
-1478, 0,
-1477, 0,
-1476, 0,
-1475, 0,
-1474, 0,
-1473, 0,
-1472, 0,
-1471, 0,
-1470, 0,
-1469, 0,
-1468, 0,
-1467, 0,
-1466, 0,
-1465, 0,
-1464, 0,
-1463, 0,
-1462, 0,
-1461, 0,
-1460, 0,
-1459, 0,
-1458, 0,
-1457, 0,
-1456, 0,
-1455, 0,
-1454, 0,
-1453, 1,
-1452, 0,
-1451, 0,
-1450, 0,
-1449, 0,
-1448, 0,
-1447, 1,
-1446, 0,
-1445, 0,
-1444, 0,
-1443, 0,
-1442, 0,
-1441, 0,
-1440, 0,
-1439, 0,
-1438, 0,
-1437, 0,
-1436, 0,
-1435, 0,
-1434, 0,
-1433, 0,
-1432, 0,
-1431, 0,
-1430, 0,
-1429, 0,
-1428, 0,
-1427, 0,
-1426, 0,
-1425, 0,
-1424, 0,
-1423, 0,
-1422, 0,
-1421, 0,
-1420, 0,
-1419, 0,
-1418, 0,
-1417, 0,
-1416, 0,
-1415, 0,
-1414, 0,
-1413, 1,
-1412, 0,
-1411, 1,
-1410, 0,
-1409, 0,
-1408, 0,
-1407, 0,
-1406, 0,
-1405, 0,
-1404, 0,
-1403, 0,
-1402, 0,
-1401, 0,
-1400, 0,
-1399, 0,
-1398, 0,
-1397, 0,
-1396, 0,
-1395, 0,
-1394, 0,
-1393, 0,
-1392, 2,
-1391, 0,
-1390, 0,
-1389, 0,
-1388, 0,
-1387, 0,
-1386, 0,
-1385, 0,
-1384, 0,
-1383, 1,
-1382, 0,
-1381, 0,
-1380, 0,
-1379, 0,
-1378, 0,
-1377, 1,
-1376, 0,
-1375, 1,
-1374, 1,
-1373, 0,
-1372, 0,
-1371, 0,
-1370, 0,
-1369, 0,
-1368, 0,
-1367, 0,
-1366, 0,
-1365, 0,
-1364, 0,
-1363, 0,
-1362, 0,
-1361, 0,
-1360, 0,
-1359, 0,
-1358, 0,
-1357, 0,
-1356, 0,
-1355, 0,
-1354, 0,
-1353, 0,
-1352, 0,
-1351, 0,
-1350, 1,
-1349, 2,
-1348, 0,
-1347, 1,
-1346, 0,
-1345, 0,
-1344, 2,
-1343, 0,
-1342, 0,
-1341, 2,
-1340, 0,
-1339, 0,
-1338, 0,
-1337, 2,
-1336, 0,
-1335, 0,
-1334, 2,
-1333, 1,
-1332, 1,
-1331, 1,
-1330, 1,
-1329, 0,
-1328, 1,
-1327, 0,
-1326, 0,
-1325, 0,
-1324, 0,
-1323, 2,
-1322, 0,
-1321, 0,
-1320, 0,
-1319, 2,
-1318, 0,
-1317, 2,
-1316, 0,
-1315, 1,
-1314, 1,
-1313, 1,
-1312, 1,
-1311, 3,
-1310, 1,
-1309, 1,
-1308, 0,
-1307, 1,
-1306, 1,
-1305, 1,
-1304, 3,
-1303, 1,
-1302, 1,
-1301, 1,
-1300, 4,
-1299, 3,
-1298, 0,
-1297, 3,
-1296, 3,
-1295, 1,
-1294, 4,
-1293, 0,
-1292, 1,
-1291, 1,
-1290, 4,
-1289, 2,
-1288, 2,
-1287, 1,
-1286, 2,
-1285, 4,
-1284, 3,
-1283, 3,
-1282, 3,
-1281, 2,
-1280, 2,
-1279, 3,
-1278, 3,
-1277, 0,
-1276, 3,
-1275, 1,
-1274, 2,
-1273, 1,
-1272, 6,
-1271, 4,
-1270, 3,
-1269, 3,
-1268, 10,
-1267, 2,
-1266, 6,
-1265, 5,
-1264, 6,
-1263, 4,
-1262, 3,
-1261, 8,
-1260, 6,
-1259, 6,
-1258, 5,
-1257, 8,
-1256, 9,
-1255, 9,
-1254, 1,
-1253, 7,
-1252, 10,
-1251, 5,
-1250, 1,
-1249, 7,
-1248, 10,
-1247, 9,
-1246, 8,
-1245, 6,
-1244, 4,
-1243, 9,
-1242, 14,
-1241, 10,
-1240, 7,
-1239, 11,
-1238, 6,
-1237, 12,
-1236, 6,
-1235, 13,
-1234, 9,
-1233, 8,
-1232, 12,
-1231, 11,
-1230, 11,
-1229, 14,
-1228, 13,
-1227, 14,
-1226, 10,
-1225, 13,
-1224, 9,
-1223, 14,
-1222, 10,
-1221, 13,
-1220, 19,
-1219, 14,
-1218, 12,
-1217, 17,
-1216, 13,
-1215, 15,
-1214, 17,
-1213, 14,
-1212, 17,
-1211, 26,
-1210, 18,
-1209, 22,
-1208, 25,
-1207, 21,
-1206, 22,
-1205, 20,
-1204, 21,
-1203, 17,
-1202, 22,
-1201, 20,
-1200, 20,
-1199, 25,
-1198, 29,
-1197, 27,
-1196, 20,
-1195, 27,
-1194, 23,
-1193, 36,
-1192, 28,
-1191, 24,
-1190, 25,
-1189, 35,
-1188, 28,
-1187, 27,
-1186, 35,
-1185, 37,
-1184, 33,
-1183, 43,
-1182, 43,
-1181, 46,
-1180, 55,
-1179, 43,
-1178, 46,
-1177, 41,
-1176, 49,
-1175, 53,
-1174, 41,
-1173, 66,
-1172, 46,
-1171, 48,
-1170, 50,
-1169, 46,
-1168, 61,
-1167, 42,
-1166, 62,
-1165, 49,
-1164, 64,
-1163, 69,
-1162, 60,
-1161, 69,
-1160, 73,
-1159, 70,
-1158, 81,
-1157, 85,
-1156, 83,
-1155, 76,
-1154, 69,
-1153, 80,
-1152, 89,
-1151, 82,
-1150, 74,
-1149, 99,
-1148, 103,
-1147, 84,
-1146, 106,
-1145, 97,
-1144, 90,
-1143, 115,
-1142, 115,
-1141, 105,
-1140, 119,
-1139, 103,
-1138, 112,
-1137, 116,
-1136, 123,
-1135, 124,
-1134, 116,
-1133, 123,
-1132, 141,
-1131, 127,
-1130, 139,
-1129, 143,
-1128, 143,
-1127, 155,
-1126, 160,
-1125, 149,
-1124, 153,
-1123, 165,
-1122, 157,
-1121, 189,
-1120, 189,
-1119, 189,
-1118, 162,
-1117, 208,
-1116, 208,
-1115, 188,
-1114, 213,
-1113, 228,
-1112, 212,
-1111, 206,
-1110, 233,
-1109, 223,
-1108, 214,
-1107, 273,
-1106, 239,
-1105, 250,
-1104, 238,
-1103, 250,
-1102, 289,
-1101, 275,
-1100, 241,
-1099, 292,
-1098, 324,
-1097, 273,
-1096, 303,
-1095, 271,
-1094, 347,
-1093, 328,
-1092, 332,
-1091, 382,
-1090, 352,
-1089, 368,
-1088, 384,
-1087, 394,
-1086, 392,
-1085, 415,
-1084, 448,
-1083, 446,
-1082, 411,
-1081, 430,
-1080, 458,
-1079, 454,
-1078, 455,
-1077, 516,
-1076, 507,
-1075, 502,
-1074, 501,
-1073, 511,
-1072, 536,
-1071, 564,
-1070, 563,
-1069, 587,
-1068, 597,
-1067, 627,
-1066, 645,
-1065, 646,
-1064, 666,
-1063, 684,
-1062, 700,
-1061, 723,
-1060, 718,
-1059, 720,
-1058, 749,
-1057, 786,
-1056, 825,
-1055, 827,
-1054, 797,
-1053, 830,
-1052, 864,
-1051, 836,
-1050, 921,
-1049, 957,
-1048, 957,
-1047, 1008,
-1046, 1039,
-1045, 995,
-1044, 1003,
-1043, 1060,
-1042, 1036,
-1041, 1104,
-1040, 1127,
-1039, 1199,
-1038, 1232,
-1037, 1263,
-1036, 1258,
-1035, 1181,
-1034, 1270,
-1033, 1336,
-1032, 1320,
-1031, 1401,
-1030, 1453,
-1029, 1514,
-1028, 1502,
-1027, 1564,
-1026, 1504,
-1025, 1597,
-1024, 1568,
-1023, 1706,
-1022, 1675,
-1021, 1851,
-1020, 1701,
-1019, 1743,
-1018, 2010,
-1017, 1921,
-1016, 1987,
-1015, 1978,
-1014, 1945,
-1013, 2035,
-1012, 2151,
-1011, 2160,
-1010, 2305,
-1009, 2254,
-1008, 2276,
-1007, 2258,
-1006, 2421,
-1005, 2425,
-1004, 2506,
-1003, 2522,
-1002, 2603,
-1001, 2702,
-1000, 2771,
-999, 2863,
-998, 2819,
-997, 2900,
-996, 3025,
-995, 3064,
-994, 3028,
-993, 3216,
-992, 3371,
-991, 3286,
-990, 3384,
-989, 3483,
-988, 3579,
-987, 3660,
-986, 3838,
-985, 3830,
-984, 3848,
-983, 3968,
-982, 3974,
-981, 4080,
-980, 4114,
-979, 4353,
-978, 4401,
-977, 4544,
-976, 4537,
-975, 4688,
-974, 4860,
-973, 4815,
-972, 4884,
-971, 5063,
-970, 5090,
-969, 5206,
-968, 5512,
-967, 5454,
-966, 5519,
-965, 5801,
-964, 5852,
-963, 6059,
-962, 6047,
-961, 6310,
-960, 6362,
-959, 6519,
-958, 6668,
-957, 6785,
-956, 6867,
-955, 7062,
-954, 7226,
-953, 7335,
-952, 7404,
-951, 7701,
-950, 7917,
-949, 7889,
-948, 8076,
-947, 8469,
-946, 8514,
-945, 8489,
-944, 8989,
-943, 8944,
-942, 9299,
-941, 9226,
-940, 9526,
-939, 9830,
-938, 10244,
-937, 10290,
-936, 10594,
-935, 10682,
-934, 10999,
-933, 11024,
-932, 11307,
-931, 11294,
-930, 11679,
-929, 11926,
-928, 12156,
-927, 12437,
-926, 12744,
-925, 13043,
-924, 13352,
-923, 13317,
-922, 13763,
-921, 14203,
-920, 14345,
-919, 14330,
-918, 14935,
-917, 15096,
-916, 15556,
-915, 15819,
-914, 16262,
-913, 16166,
-912, 16732,
-911, 16995,
-910, 17409,
-909, 17642,
-908, 18034,
-907, 18425,
-906, 18793,
-905, 19251,
-904, 19443,
-903, 19915,
-902, 20234,
-901, 20708,
-900, 21384,
-899, 21673,
-898, 21933,
-897, 22293,
-896, 22866,
-895, 23172,
-894, 23825,
-893, 24216,
-892, 24636,
-891, 25161,
-890, 25336,
-889, 26104,
-888, 26832,
-887, 27078,
-886, 27812,
-885, 28089,
-884, 28544,
-883, 29404,
-882, 29900,
-881, 30250,
-880, 30804,
-879, 31560,
-878, 32164,
-877, 32797,
-876, 33576,
-875, 34171,
-874, 34561,
-873, 35245,
-872, 36243,
-871, 36582,
-870, 37085,
-869, 38071,
-868, 38761,
-867, 39388,
-866, 40030,
-865, 40808,
-864, 42076,
-863, 42640,
-862, 43122,
-861, 44314,
-860, 45336,
-859, 46044,
-858, 46667,
-857, 47258,
-856, 48259,
-855, 49569,
-854, 50311,
-853, 51257,
-852, 52124,
-851, 53051,
-850, 54038,
-849, 54897,
-848, 56535,
-847, 56807,
-846, 57857,
-845, 58751,
-844, 60092,
-843, 61559,
-842, 62487,
-841, 63470,
-840, 65252,
-839, 66110,
-838, 67321,
-837, 68057,
-836, 69669,
-835, 70959,
-834, 71897,
-833, 73466,
-832, 74821,
-831, 75954,
-830, 77589,
-829, 78777,
-828, 80440,
-827, 81357,
-826, 83089,
-825, 85089,
-824, 86198,
-823, 88047,
-822, 89769,
-821, 90665,
-820, 92921,
-819, 94327,
-818, 95989,
-817, 97237,
-816, 99284,
-815, 100804,
-814, 102767,
-813, 104755,
-812, 105852,
-811, 108359,
-810, 110189,
-809, 112706,
-808, 114509,
-807, 116464,
-806, 118516,
-805, 120928,
-804, 122301,
-803, 124554,
-802, 127121,
-801, 129017,
-800, 131273,
-799, 133092,
-798, 135513,
-797, 138064,
-796, 140324,
-795, 143042,
-794, 146242,
-793, 148216,
-792, 150709,
-791, 153817,
-790, 155704,
-789, 157667,
-788, 161010,
-787, 163714,
-786, 166097,
-785, 169290,
-784, 172375,
-783, 174634,
-782, 177602,
-781, 181127,
-780, 184173,
-779, 186720,
-778, 190809,
-777, 193583,
-776, 197088,
-775, 200233,
-774, 204120,
-773, 206986,
-772, 209875,
-771, 212864,
-770, 217605,
-769, 221143,
-768, 225366,
-767, 228312,
-766, 232327,
-765, 237259,
-764, 240822,
-763, 243271,
-762, 248723,
-761, 252472,
-760, 256864,
-759, 261237,
-758, 265388,
-757, 268450,
-756, 273049,
-755, 278675,
-754, 282149,
-753, 286737,
-752, 291981,
-751, 296933,
-750, 301310,
-749, 306401,
-748, 311217,
-747, 316397,
-746, 322776,
-745, 327573,
-744, 332808,
-743, 336809,
-742, 343378,
-741, 347386,
-740, 354138,
-739, 360299,
-738, 364771,
-737, 371029,
-736, 377226,
-735, 383665,
-734, 388266,
-733, 395856,
-732, 401882,
-731, 407668,
-730, 413828,
-729, 421778,
-728, 428171,
-727, 433151,
-726, 440905,
-725, 448643,
-724, 454875,
-723, 460550,
-722, 469516,
-721, 476493,
-720, 483655,
-719, 491813,
-718, 498225,
-717, 508719,
-716, 515536,
-715, 523596,
-714, 531782,
-713, 541042,
-712, 546492,
-711, 557259,
-710, 564675,
-709, 573706,
-708, 583142,
-707, 590131,
-706, 600821,
-705, 608087,
-704, 618853,
-703, 628039,
-702, 638505,
-701, 648105,
-700, 656704,
-699, 667165,
-698, 676655,
-697, 688528,
-696, 699414,
-695, 708007,
-694, 718639,
-693, 729135,
-692, 739697,
-691, 754259,
-690, 763324,
-689, 775265,
-688, 786264,
-687, 797365,
-686, 809325,
-685, 820295,
-684, 833805,
-683, 846183,
-682, 859847,
-681, 871291,
-680, 884569,
-679, 897706,
-678, 910260,
-677, 924204,
-676, 938090,
-675, 948189,
-674, 965306,
-673, 979704,
-672, 993469,
-671, 1006672,
-670, 1020756,
-669, 1037947,
-668, 1053711,
-667, 1065748,
-666, 1084225,
-665, 1097250,
-664, 1112827,
-663, 1128736,
-662, 1147279,
-661, 1160711,
-660, 1178433,
-659, 1196196,
-658, 1214000,
-657, 1230158,
-656, 1248199,
-655, 1264001,
-654, 1283872,
-653, 1300148,
-652, 1321280,
-651, 1336592,
-650, 1356794,
-649, 1376133,
-648, 1395127,
-647, 1414349,
-646, 1434088,
-645, 1456503,
-644, 1473814,
-643, 1496672,
-642, 1516320,
-641, 1539167,
-640, 1560173,
-639, 1578600,
-638, 1603555,
-637, 1626015,
-636, 1647000,
-635, 1671647,
-634, 1693582,
-633, 1716682,
-632, 1737279,
-631, 1764841,
-630, 1785141,
-629, 1812676,
-628, 1834611,
-627, 1860786,
-626, 1888620,
-625, 1912062,
-624, 1937794,
-623, 1966985,
-622, 1990159,
-621, 2017303,
-620, 2042377,
-619, 2071291,
-618, 2101854,
-617, 2125871,
-616, 2155507,
-615, 2184830,
-614, 2213159,
-613, 2243137,
-612, 2273236,
-611, 2304559,
-610, 2333643,
-609, 2361277,
-608, 2394598,
-607, 2426332,
-606, 2458309,
-605, 2491409,
-604, 2522452,
-603, 2556181,
-602, 2589387,
-601, 2622493,
-600, 2656757,
-599, 2693293,
-598, 2727683,
-597, 2765189,
-596, 2799358,
-595, 2831635,
-594, 2868438,
-593, 2903288,
-592, 2946400,
-591, 2982258,
-590, 3016938,
-589, 3056380,
-588, 3098555,
-587, 3132796,
-586, 3174983,
-585, 3214821,
-584, 3258148,
-583, 3298499,
-582, 3340259,
-581, 3381489,
-580, 3420393,
-579, 3468292,
-578, 3509574,
-577, 3556741,
-576, 3597713,
-575, 3642798,
-574, 3687463,
-573, 3731584,
-572, 3779172,
-571, 3825578,
-570, 3874383,
-569, 3921301,
-568, 3969330,
-567, 4019730,
-566, 4064399,
-565, 4117307,
-564, 4166278,
-563, 4214571,
-562, 4269525,
-561, 4320512,
-560, 4373876,
-559, 4422775,
-558, 4482299,
-557, 4533199,
-556, 4589765,
-555, 4646282,
-554, 4701374,
-553, 4754000,
-552, 4811733,
-551, 4871966,
-550, 4927638,
-549, 4988085,
-548, 5043931,
-547, 5107475,
-546, 5163802,
-545, 5228335,
-544, 5287894,
-543, 5352852,
-542, 5412787,
-541, 5478131,
-540, 5536292,
-539, 5608133,
-538, 5669604,
-537, 5736465,
-536, 5800571,
-535, 5866975,
-534, 5933192,
-533, 6006088,
-532, 6074830,
-531, 6142949,
-530, 6208825,
-529, 6287526,
-528, 6360896,
-527, 6429951,
-526, 6501308,
-525, 6579369,
-524, 6647285,
-523, 6727993,
-522, 6804110,
-521, 6881590,
-520, 6961239,
-519, 7038266,
-518, 7118473,
-517, 7191957,
-516, 7279370,
-515, 7351205,
-514, 7435994,
-513, 7520565,
-512, 7600405,
-511, 7683109,
-510, 7775090,
-509, 7860657,
-508, 7944912,
-507, 8028726,
-506, 8118669,
-505, 8203698,
-504, 8297939,
-503, 8385428,
-502, 8478017,
-501, 8563330,
-500, 8654764,
-499, 8753653,
-498, 8844654,
-497, 8946642,
-496, 9040576,
-495, 9133925,
-494, 9231679,
-493, 9331623,
-492, 9431351,
-491, 9528667,
-490, 9631830,
-489, 9730292,
-488, 9838839,
-487, 9938547,
-486, 10047082,
-485, 10153254,
-484, 10253718,
-483, 10363224,
-482, 10468726,
-481, 10578389,
-480, 10694847,
-479, 10799843,
-478, 10915312,
-477, 11026848,
-476, 11136717,
-475, 11256758,
-474, 11363461,
-473, 11483255,
-472, 11607709,
-471, 11721007,
-470, 11842234,
-469, 11959102,
-468, 12082235,
-467, 12204488,
-466, 12325090,
-465, 12452037,
-464, 12580604,
-463, 12695473,
-462, 12830059,
-461, 12954521,
-460, 13083829,
-459, 13214697,
-458, 13345761,
-457, 13473985,
-456, 13611327,
-455, 13735573,
-454, 13877413,
-453, 14015594,
-452, 14150424,
-451, 14288390,
-450, 14429381,
-449, 14566785,
-448, 14710829,
-447, 14850050,
-446, 14994097,
-445, 15133766,
-444, 15280583,
-443, 15430585,
-442, 15578045,
-441, 15728394,
-440, 15876232,
-439, 16025806,
-438, 16189761,
-437, 16330549,
-436, 16483802,
-435, 16635163,
-434, 16792705,
-433, 16955767,
-432, 17107343,
-431, 17271475,
-430, 17433690,
-429, 17592909,
-428, 17756992,
-427, 17927230,
-426, 18081647,
-425, 18244692,
-424, 18422511,
-423, 18591504,
-422, 18754879,
-421, 18926580,
-420, 19103765,
-419, 19273614,
-418, 19447272,
-417, 19616755,
-416, 19807056,
-415, 19973235,
-414, 20159997,
-413, 20333108,
-412, 20506517,
-411, 20702362,
-410, 20881005,
-409, 21062853,
-408, 21245262,
-407, 21440097,
-406, 21625704,
-405, 21815382,
-404, 22002512,
-403, 22197985,
-402, 22378106,
-401, 22583701,
-400, 22785930,
-399, 22983939,
-398, 23176823,
-397, 23368329,
-396, 23567444,
-395, 23779121,
-394, 23977319,
-393, 24182798,
-392, 24380154,
-391, 24594434,
-390, 24790382,
-389, 25003768,
-388, 25213990,
-387, 25425121,
-386, 25630636,
-385, 25849080,
-384, 26054536,
-383, 26279915,
-382, 26494593,
-381, 26715430,
-380, 26942202,
-379, 27152117,
-378, 27380368,
-377, 27606915,
-376, 27825928,
-375, 28050723,
-374, 28275918,
-373, 28501212,
-372, 28736735,
-371, 28967642,
-370, 29191636,
-369, 29422262,
-368, 29663177,
-367, 29899040,
-366, 30144174,
-365, 30369750,
-364, 30610285,
-363, 30848553,
-362, 31098791,
-361, 31334156,
-360, 31581532,
-359, 31823757,
-358, 32064586,
-357, 32317817,
-356, 32568755,
-355, 32812334,
-354, 33058762,
-353, 33321383,
-352, 33569938,
-351, 33828102,
-350, 34078482,
-349, 34338761,
-348, 34602326,
-347, 34852510,
-346, 35115858,
-345, 35375323,
-344, 35640809,
-343, 35905479,
-342, 36167800,
-341, 36427574,
-340, 36702839,
-339, 36968263,
-338, 37249546,
-337, 37508857,
-336, 37787365,
-335, 38065609,
-334, 38327225,
-333, 38597835,
-332, 38873637,
-331, 39166446,
-330, 39434918,
-329, 39722274,
-328, 40007129,
-327, 40296164,
-326, 40565391,
-325, 40858219,
-324, 41142791,
-323, 41434810,
-322, 41711468,
-321, 42008179,
-320, 42291667,
-319, 42583414,
-318, 42876223,
-317, 43171316,
-316, 43462051,
-315, 43771787,
-314, 44052275,
-313, 44364404,
-312, 44652123,
-311, 44950304,
-310, 45249709,
-309, 45547677,
-308, 45871076,
-307, 46156281,
-306, 46465325,
-305, 46781490,
-304, 47091287,
-303, 47389938,
-302, 47700072,
-301, 48014825,
-300, 48313580,
-299, 48638917,
-298, 48952958,
-297, 49253449,
-296, 49573051,
-295, 49891704,
-294, 50217516,
-293, 50525429,
-292, 50833511,
-291, 51168846,
-290, 51483993,
-289, 51804619,
-288, 52138716,
-287, 52453464,
-286, 52770297,
-285, 53097569,
-284, 53426853,
-283, 53764510,
-282, 54070289,
-281, 54415375,
-280, 54731285,
-279, 55065373,
-278, 55399428,
-277, 55727399,
-276, 56059405,
-275, 56396283,
-274, 56722625,
-273, 57055374,
-272, 57395151,
-271, 57722381,
-270, 58052623,
-269, 58416884,
-268, 58744885,
-267, 59083998,
-266, 59416027,
-265, 59766132,
-264, 60097806,
-263, 60452862,
-262, 60772286,
-261, 61132816,
-260, 61463181,
-259, 61810186,
-258, 62156934,
-257, 62511988,
-256, 62845121,
-255, 63202031,
-254, 63546455,
-253, 63879274,
-252, 64226987,
-251, 64594124,
-250, 64936728,
-249, 65283882,
-248, 65629699,
-247, 65978350,
-246, 66325894,
-245, 66680688,
-244, 67040610,
-243, 67372417,
-242, 67737962,
-241, 68084535,
-240, 68437670,
-239, 68797446,
-238, 69149865,
-237, 69487375,
-236, 69856284,
-235, 70212147,
-234, 70556400,
-233, 70907268,
-232, 71261358,
-231, 71627896,
-230, 71991992,
-229, 72353441,
-228, 72690822,
-227, 73056941,
-226, 73416083,
-225, 73765760,
-224, 74108826,
-223, 74470213,
-222, 74844358,
-221, 75199229,
-220, 75549606,
-219, 75908565,
-218, 76283158,
-217, 76626442,
-216, 76978861,
-215, 77348550,
-214, 77703062,
-213, 78054180,
-212, 78412121,
-211, 78767710,
-210, 79137002,
-209, 79474084,
-208, 79847974,
-207, 80177257,
-206, 80561107,
-205, 80890615,
-204, 81271969,
-203, 81617216,
-202, 81981907,
-201, 82317539,
-200, 82691990,
-199, 83035144,
-198, 83402189,
-197, 83756535,
-196, 84103694,
-195, 84475856,
-194, 84829427,
-193, 85179841,
-192, 85524412,
-191, 85874337,
-190, 86222963,
-189, 86589619,
-188, 86927862,
-187, 87278592,
-186, 87643181,
-185, 87975488,
-184, 88342194,
-183, 88682992,
-182, 89042623,
-181, 89366939,
-180, 89705270,
-179, 90079874,
-178, 90426683,
-177, 90762580,
-176, 91113349,
-175, 91452424,
-174, 91803764,
-173, 92138941,
-172, 92484425,
-171, 92824605,
-170, 93156901,
-169, 93510851,
-168, 93850568,
-167, 94175479,
-166, 94532523,
-165, 94846440,
-164, 95193854,
-163, 95524618,
-162, 95856902,
-161, 96204028,
-160, 96498706,
-159, 96842835,
-158, 97207987,
-157, 97528613,
-156, 97833405,
-155, 98171641,
-154, 98497579,
-153, 98848379,
-152, 99139804,
-151, 99466496,
-150, 99783421,
-149, 100107199,
-148, 100450476,
-147, 100764123,
-146, 101074505,
-145, 101393282,
-144, 101704607,
-143, 102013641,
-142, 102308067,
-141, 102629007,
-140, 102945350,
-139, 103246091,
-138, 103578313,
-137, 103867461,
-136, 104206166,
-135, 104492057,
-134, 104790392,
-133, 105081957,
-132, 105403655,
-131, 105694608,
-130, 105983399,
-129, 106279219,
-128, 106569383,
-127, 106838821,
-126, 107140247,
-125, 107443066,
-124, 107749488,
-123, 108022296,
-122, 108295101,
-121, 108576668,
-120, 108867189,
-119, 109117129,
-118, 109433415,
-117, 109700511,
-116, 109975293,
-115, 110232918,
-114, 110524908,
-113, 110780667,
-112, 111040780,
-111, 111336864,
-110, 111601534,
-109, 111847107,
-108, 112125173,
-107, 112363908,
-106, 112630659,
-105, 112868174,
-104, 113117649,
-103, 113395405,
-102, 113654149,
-101, 113898439,
-100, 114152576,
-99, 114371832,
-98, 114618620,
-97, 114872673,
-96, 115080864,
-95, 115347571,
-94, 115550640,
-93, 115822084,
-92, 116039258,
-91, 116275974,
-90, 116503194,
-89, 116726487,
-88, 116938677,
-87, 117149026,
-86, 117378429,
-85, 117601235,
-84, 117809204,
-83, 118010122,
-82, 118226772,
-81, 118445681,
-80, 118630162,
-79, 118832342,
-78, 119047953,
-77, 119261813,
-76, 119428264,
-75, 119628587,
-74, 119825523,
-73, 120003402,
-72, 120187292,
-71, 120385127,
-70, 120557857,
-69, 120757430,
-68, 120933167,
-67, 121106531,
-66, 121254636,
-65, 121456170,
-64, 121592886,
-63, 121774259,
-62, 121946592,
-61, 122098356,
-60, 122258445,
-59, 122415592,
-58, 122582583,
-57, 122747137,
-56, 122873105,
-55, 123024927,
-54, 123170003,
-53, 123317946,
-52, 123458947,
-51, 123556516,
-50, 123706319,
-49, 123851623,
-48, 123964620,
-47, 124112343,
-46, 124224835,
-45, 124364703,
-44, 124473632,
-43, 124579625,
-42, 124711639,
-41, 124805318,
-40, 124900569,
-39, 125027780,
-38, 125117698,
-37, 125232005,
-36, 125325291,
-35, 125411013,
-34, 125515386,
-33, 125612166,
-32, 125698439,
-31, 125804473,
-30, 125856023,
-29, 125965166,
-28, 126033542,
-27, 126088556,
-26, 126174006,
-25, 126237488,
-24, 126283583,
-23, 126361619,
-22, 126412618,
-21, 126473581,
-20, 126509859,
-19, 126580812,
-18, 126634547,
-17, 126687438,
-16, 126744693,
-15, 126785378,
-14, 126830027,
-13, 126845924,
-12, 126906661,
-11, 126934652,
-10, 126942739,
-9, 126967773,
-8, 126984723,
-7, 127013934,
-6, 127011917,
-5, 127060398,
-4, 127050491,
-3, 127062471,
-2, 127071947,
-1, 127070867,
0, 127103939,
1, 127085860,
2, 127067233,
3, 127062654,
4, 127060292,
5, 127034003,
6, 127039372,
7, 127009494,
8, 127010848,
9, 126974641,
10, 126942870,
11, 126940278,
12, 126902285,
13, 126852266,
14, 126813388,
15, 126774057,
16, 126731776,
17, 126692225,
18, 126637530,
19, 126593232,
20, 126505110,
21, 126485280,
22, 126425223,
23, 126364952,
24, 126276696,
25, 126238692,
26, 126172003,
27, 126112977,
28, 126012597,
29, 125915451,
30, 125868805,
31, 125779570,
32, 125701981,
33, 125600517,
34, 125517001,
35, 125435111,
36, 125333452,
37, 125221478,
38, 125120601,
39, 124997087,
40, 124918363,
41, 124805519,
42, 124684002,
43, 124559393,
44, 124457929,
45, 124359737,
46, 124228136,
47, 124098404,
48, 123958038,
49, 123843383,
50, 123715538,
51, 123571912,
52, 123452452,
53, 123318216,
54, 123169621,
55, 123016839,
56, 122861864,
57, 122726235,
58, 122586033,
59, 122428038,
60, 122261985,
61, 122090973,
62, 121939852,
63, 121799328,
64, 121606304,
65, 121429111,
66, 121263707,
67, 121100499,
68, 120943432,
69, 120751556,
70, 120563319,
71, 120379376,
72, 120193875,
73, 119999714,
74, 119832447,
75, 119606912,
76, 119434951,
77, 119240391,
78, 119052566,
79, 118842950,
80, 118635821,
81, 118433217,
82, 118220160,
83, 118010295,
84, 117796471,
85, 117586827,
86, 117349727,
87, 117138166,
88, 116939377,
89, 116719514,
90, 116493819,
91, 116260883,
92, 116031703,
93, 115789110,
94, 115575334,
95, 115337202,
96, 115106584,
97, 114878314,
98, 114616180,
99, 114386040,
100, 114135510,
101, 113899976,
102, 113646252,
103, 113385493,
104, 113134233,
105, 112884337,
106, 112628025,
107, 112359529,
108, 112093723,
109, 111852815,
110, 111576520,
111, 111321665,
112, 111045136,
113, 110802745,
114, 110516937,
115, 110246662,
116, 109983361,
117, 109719179,
118, 109440065,
119, 109161233,
120, 108858753,
121, 108574261,
122, 108305661,
123, 108025658,
124, 107739799,
125, 107431797,
126, 107155482,
127, 106869425,
128, 106564969,
129, 106277021,
130, 105996333,
131, 105696686,
132, 105377849,
133, 105085020,
134, 104780520,
135, 104482550,
136, 104192472,
137, 103880042,
138, 103566336,
139, 103242798,
140, 102946546,
141, 102648947,
142, 102322751,
143, 102017448,
144, 101686825,
145, 101392019,
146, 101057667,
147, 100746094,
148, 100440827,
149, 100102182,
150, 99792478,
151, 99485992,
152, 99143733,
153, 98824811,
154, 98490589,
155, 98161772,
156, 97844259,
157, 97519638,
158, 97206778,
159, 96858650,
160, 96515236,
161, 96182572,
162, 95849152,
163, 95515129,
164, 95191653,
165, 94863020,
166, 94508740,
167, 94173058,
168, 93845894,
169, 93501544,
170, 93168353,
171, 92802809,
172, 92471580,
173, 92146169,
174, 91803021,
175, 91445721,
176, 91119853,
177, 90732157,
178, 90427586,
179, 90068897,
180, 89723838,
181, 89380281,
182, 89022993,
183, 88687591,
184, 88347607,
185, 87983016,
186, 87633856,
187, 87272999,
188, 86942052,
189, 86577898,
190, 86213595,
191, 85882459,
192, 85504322,
193, 85173436,
194, 84819988,
195, 84467914,
196, 84107131,
197, 83742572,
198, 83391898,
199, 83056400,
200, 82695086,
201, 82324108,
202, 81968162,
203, 81628799,
204, 81257063,
205, 80905767,
206, 80559429,
207, 80182105,
208, 79842037,
209, 79483005,
210, 79110128,
211, 78767906,
212, 78397652,
213, 78056621,
214, 77704194,
215, 77341684,
216, 76990470,
217, 76621295,
218, 76254721,
219, 75906851,
220, 75562514,
221, 75181849,
222, 74836182,
223, 74475601,
224, 74128680,
225, 73759671,
226, 73409142,
227, 73059809,
228, 72697095,
229, 72332760,
230, 71963524,
231, 71639469,
232, 71273216,
233, 70910474,
234, 70567553,
235, 70211316,
236, 69861973,
237, 69501354,
238, 69141203,
239, 68796856,
240, 68444540,
241, 68093367,
242, 67738673,
243, 67386648,
244, 67022141,
245, 66675260,
246, 66333619,
247, 65968027,
248, 65634626,
249, 65281417,
250, 64936739,
251, 64605295,
252, 64232160,
253, 63897442,
254, 63529959,
255, 63215533,
256, 62850210,
257, 62494790,
258, 62154614,
259, 61815929,
260, 61471954,
261, 61119894,
262, 60767723,
263, 60450864,
264, 60110881,
265, 59753649,
266, 59424121,
267, 59085576,
268, 58741289,
269, 58399898,
270, 58058251,
271, 57750834,
272, 57401584,
273, 57050185,
274, 56729453,
275, 56405952,
276, 56056804,
277, 55734728,
278, 55394521,
279, 55074188,
280, 54734871,
281, 54405285,
282, 54050540,
283, 53753751,
284, 53422535,
285, 53109565,
286, 52766381,
287, 52440740,
288, 52132466,
289, 51807023,
290, 51487775,
291, 51155107,
292, 50847395,
293, 50533934,
294, 50199773,
295, 49903474,
296, 49565590,
297, 49260552,
298, 48940185,
299, 48629755,
300, 48322061,
301, 48003007,
302, 47710176,
303, 47393822,
304, 47088578,
305, 46779849,
306, 46464656,
307, 46154625,
308, 45864511,
309, 45554246,
310, 45250549,
311, 44947830,
312, 44649935,
313, 44360469,
314, 44060246,
315, 43770408,
316, 43474505,
317, 43182627,
318, 42873968,
319, 42581978,
320, 42290221,
321, 41995701,
322, 41724356,
323, 41423252,
324, 41148088,
325, 40862272,
326, 40568074,
327, 40279798,
328, 40003978,
329, 39729644,
330, 39436539,
331, 39163801,
332, 38889340,
333, 38607256,
334, 38329611,
335, 38046372,
336, 37788066,
337, 37515885,
338, 37236093,
339, 36971692,
340, 36698580,
341, 36433585,
342, 36177900,
343, 35910163,
344, 35638956,
345, 35370217,
346, 35115101,
347, 34844747,
348, 34594042,
349, 34334336,
350, 34080205,
351, 33835848,
352, 33550105,
353, 33319034,
354, 33068275,
355, 32817591,
356, 32558820,
357, 32312921,
358, 32076015,
359, 31818411,
360, 31576141,
361, 31336997,
362, 31092377,
363, 30849505,
364, 30617652,
365, 30368717,
366, 30139238,
367, 29907773,
368, 29657268,
369, 29419325,
370, 29190802,
371, 28961857,
372, 28732165,
373, 28509614,
374, 28283129,
375, 28049468,
376, 27826002,
377, 27599696,
378, 27369279,
379, 27155143,
380, 26929566,
381, 26713540,
382, 26499634,
383, 26271586,
384, 26062736,
385, 25848885,
386, 25637607,
387, 25422501,
388, 25213236,
389, 25002110,
390, 24788268,
391, 24592550,
392, 24379967,
393, 24179046,
394, 23974654,
395, 23774868,
396, 23575758,
397, 23380666,
398, 23167273,
399, 22969259,
400, 22782848,
401, 22578978,
402, 22395440,
403, 22196530,
404, 21999726,
405, 21810247,
406, 21627054,
407, 21436103,
408, 21251694,
409, 21066479,
410, 20878862,
411, 20697102,
412, 20517819,
413, 20331375,
414, 20155949,
415, 19977365,
416, 19793313,
417, 19631438,
418, 19442999,
419, 19269611,
420, 19104017,
421, 18934511,
422, 18748153,
423, 18586619,
424, 18421677,
425, 18251500,
426, 18091932,
427, 17916783,
428, 17762112,
429, 17586660,
430, 17434102,
431, 17264172,
432, 17110189,
433, 16960791,
434, 16802287,
435, 16646292,
436, 16486186,
437, 16330994,
438, 16182125,
439, 16030170,
440, 15875253,
441, 15730878,
442, 15575849,
443, 15433265,
444, 15288837,
445, 15133491,
446, 14994319,
447, 14854298,
448, 14715679,
449, 14562142,
450, 14429564,
451, 14293570,
452, 14148937,
453, 14014450,
454, 13874861,
455, 13738896,
456, 13602898,
457, 13478747,
458, 13344722,
459, 13213209,
460, 13083550,
461, 12960377,
462, 12833361,
463, 12701196,
464, 12579086,
465, 12456737,
466, 12324306,
467, 12205177,
468, 12083036,
469, 11958787,
470, 11843244,
471, 11720430,
472, 11603298,
473, 11488356,
474, 11367803,
475, 11250735,
476, 11137201,
477, 11028543,
478, 10915582,
479, 10804139,
480, 10692924,
481, 10578788,
482, 10479359,
483, 10367678,
484, 10254835,
485, 10153841,
486, 10049873,
487, 9939362,
488, 9841231,
489, 9736683,
490, 9639679,
491, 9528749,
492, 9433153,
493, 9335139,
494, 9239861,
495, 9137522,
496, 9038533,
497, 8941456,
498, 8845518,
499, 8753547,
500, 8659115,
501, 8567486,
502, 8474011,
503, 8384543,
504, 8298913,
505, 8208363,
506, 8114836,
507, 8032962,
508, 7942021,
509, 7854905,
510, 7770952,
511, 7684339,
512, 7602936,
513, 7524414,
514, 7433497,
515, 7356864,
516, 7271337,
517, 7194583,
518, 7114559,
519, 7032093,
520, 6956572,
521, 6884391,
522, 6800280,
523, 6721214,
524, 6651491,
525, 6578380,
526, 6501689,
527, 6429402,
528, 6357014,
529, 6287179,
530, 6213710,
531, 6143333,
532, 6074140,
533, 6004166,
534, 5933510,
535, 5871100,
536, 5803942,
537, 5736952,
538, 5673450,
539, 5600675,
540, 5541949,
541, 5475139,
542, 5416134,
543, 5347319,
544, 5286579,
545, 5232008,
546, 5163949,
547, 5103587,
548, 5038732,
549, 4988080,
550, 4928902,
551, 4870898,
552, 4811007,
553, 4753574,
554, 4699668,
555, 4645058,
556, 4586413,
557, 4529662,
558, 4480825,
559, 4427507,
560, 4374767,
561, 4316721,
562, 4270795,
563, 4216061,
564, 4166418,
565, 4113374,
566, 4068777,
567, 4016769,
568, 3967207,
569, 3922632,
570, 3874928,
571, 3828180,
572, 3780785,
573, 3733216,
574, 3688335,
575, 3643440,
576, 3599812,
577, 3553817,
578, 3511462,
579, 3465945,
580, 3424164,
581, 3380303,
582, 3338550,
583, 3295863,
584, 3256065,
585, 3215346,
586, 3175445,
587, 3135280,
588, 3096149,
589, 3058349,
590, 3022174,
591, 2976551,
592, 2940898,
593, 2904358,
594, 2869257,
595, 2830963,
596, 2796431,
597, 2760695,
598, 2725055,
599, 2691001,
600, 2657874,
601, 2623500,
602, 2587809,
603, 2552318,
604, 2523619,
605, 2490534,
606, 2458390,
607, 2424416,
608, 2394770,
609, 2363377,
610, 2332700,
611, 2301734,
612, 2271708,
613, 2240309,
614, 2213278,
615, 2186294,
616, 2153827,
617, 2127240,
618, 2096752,
619, 2069604,
620, 2043799,
621, 2013650,
622, 1991467,
623, 1963754,
624, 1937537,
625, 1911282,
626, 1885081,
627, 1861199,
628, 1839464,
629, 1811225,
630, 1788288,
631, 1763646,
632, 1738259,
633, 1716574,
634, 1694116,
635, 1666922,
636, 1647183,
637, 1626384,
638, 1603802,
639, 1580411,
640, 1558518,
641, 1538860,
642, 1517638,
643, 1496858,
644, 1474817,
645, 1456378,
646, 1436451,
647, 1415022,
648, 1394928,
649, 1375546,
650, 1355643,
651, 1337384,
652, 1319271,
653, 1302248,
654, 1281938,
655, 1264767,
656, 1248496,
657, 1229919,
658, 1212792,
659, 1195641,
660, 1179259,
661, 1162714,
662, 1147501,
663, 1130935,
664, 1115913,
665, 1098846,
666, 1081775,
667, 1066688,
668, 1052480,
669, 1037385,
670, 1021828,
671, 1007250,
672, 994570,
673, 979456,
674, 964109,
675, 951870,
676, 939769,
677, 924322,
678, 910658,
679, 896599,
680, 884690,
681, 872407,
682, 858016,
683, 845504,
684, 832890,
685, 821193,
686, 809690,
687, 797747,
688, 785633,
689, 775763,
690, 763729,
691, 751664,
692, 740306,
693, 729590,
694, 718716,
695, 708576,
696, 698648,
697, 687646,
698, 677726,
699, 667845,
700, 656226,
701, 645789,
702, 637254,
703, 627403,
704, 618965,
705, 610604,
706, 600319,
707, 592535,
708, 582310,
709, 574133,
710, 564725,
711, 557347,
712, 548590,
713, 539974,
714, 531351,
715, 522117,
716, 515693,
717, 507975,
718, 500073,
719, 492856,
720, 484240,
721, 476341,
722, 470333,
723, 461950,
724, 455880,
725, 449041,
726, 442121,
727, 434761,
728, 427857,
729, 420935,
730, 414775,
731, 407567,
732, 401562,
733, 395249,
734, 389482,
735, 383460,
736, 378049,
737, 371127,
738, 365884,
739, 359353,
740, 353826,
741, 348083,
742, 343328,
743, 337288,
744, 333432,
745, 326009,
746, 321138,
747, 316053,
748, 311413,
749, 306412,
750, 301287,
751, 296227,
752, 291317,
753, 287147,
754, 282312,
755, 278211,
756, 273714,
757, 268248,
758, 265030,
759, 262083,
760, 256786,
761, 252878,
762, 248514,
763, 244205,
764, 239825,
765, 236991,
766, 232709,
767, 228428,
768, 224230,
769, 220678,
770, 216686,
771, 213851,
772, 210699,
773, 207584,
774, 204324,
775, 200138,
776, 197374,
777, 193539,
778, 190096,
779, 187427,
780, 183997,
781, 181405,
782, 177821,
783, 175658,
784, 172565,
785, 169518,
786, 167108,
787, 163135,
788, 160608,
789, 158760,
790, 155965,
791, 152505,
792, 149815,
793, 147575,
794, 144610,
795, 143350,
796, 140394,
797, 137891,
798, 135705,
799, 133496,
800, 131420,
801, 128488,
802, 126565,
803, 124951,
804, 122312,
805, 121131,
806, 118046,
807, 116421,
808, 114629,
809, 112845,
810, 109967,
811, 108385,
812, 107184,
813, 104637,
814, 102520,
815, 101633,
816, 98991,
817, 97318,
818, 95886,
819, 93690,
820, 92151,
821, 91205,
822, 89609,
823, 88166,
824, 86459,
825, 84814,
826, 83488,
827, 81771,
828, 80189,
829, 79057,
830, 77440,
831, 76377,
832, 75050,
833, 73517,
834, 72380,
835, 71625,
836, 69194,
837, 68765,
838, 67092,
839, 65885,
840, 64949,
841, 63878,
842, 62476,
843, 61163,
844, 60074,
845, 59196,
846, 58011,
847, 57204,
848, 56253,
849, 55003,
850, 53738,
851, 53449,
852, 51965,
853, 50791,
854, 50083,
855, 49880,
856, 48216,
857, 47762,
858, 46451,
859, 46010,
860, 44927,
861, 43984,
862, 43714,
863, 42986,
864, 41871,
865, 41070,
866, 40073,
867, 39978,
868, 38618,
869, 38145,
870, 37618,
871, 36697,
872, 35853,
873, 35365,
874, 34914,
875, 34429,
876, 33221,
877, 32858,
878, 31987,
879, 31428,
880, 30948,
881, 30433,
882, 29856,
883, 29603,
884, 28523,
885, 28094,
886, 27420,
887, 27293,
888, 26622,
889, 25993,
890, 25690,
891, 24803,
892, 24456,
893, 24117,
894, 23541,
895, 23099,
896, 23054,
897, 22484,
898, 21667,
899, 21482,
900, 20995,
901, 20821,
902, 20194,
903, 19639,
904, 19504,
905, 19066,
906, 18940,
907, 18450,
908, 18071,
909, 17947,
910, 17305,
911, 17260,
912, 16981,
913, 16466,
914, 16028,
915, 15803,
916, 15503,
917, 15105,
918, 14797,
919, 14359,
920, 14428,
921, 14122,
922, 13852,
923, 13545,
924, 13074,
925, 12992,
926, 12745,
927, 12549,
928, 12351,
929, 11963,
930, 11741,
931, 11664,
932, 11124,
933, 11127,
934, 10910,
935, 10532,
936, 10206,
937, 10299,
938, 10045,
939, 9662,
940, 9671,
941, 9470,
942, 9290,
943, 9111,
944, 8881,
945, 8687,
946, 8398,
947, 8472,
948, 8109,
949, 8055,
950, 7908,
951, 7700,
952, 7537,
953, 7290,
954, 7363,
955, 7000,
956, 6851,
957, 6858,
958, 6700,
959, 6536,
960, 6343,
961, 6359,
962, 6151,
963, 6091,
964, 5819,
965, 5751,
966, 5634,
967, 5478,
968, 5494,
969, 5413,
970, 5088,
971, 5066,
972, 5063,
973, 4733,
974, 4884,
975, 4628,
976, 4459,
977, 4377,
978, 4410,
979, 4281,
980, 4115,
981, 4197,
982, 4152,
983, 3938,
984, 3846,
985, 3759,
986, 3587,
987, 3651,
988, 3543,
989, 3558,
990, 3388,
991, 3332,
992, 3270,
993, 3137,
994, 3234,
995, 3126,
996, 2926,
997, 2941,
998, 2767,
999, 2856,
1000, 2760,
1001, 2700,
1002, 2644,
1003, 2672,
1004, 2469,
1005, 2454,
1006, 2423,
1007, 2379,
1008, 2283,
1009, 2203,
1010, 2193,
1011, 2153,
1012, 2122,
1013, 2130,
1014, 1965,
1015, 2010,
1016, 1948,
1017, 1895,
1018, 1888,
1019, 1801,
1020, 1705,
1021, 1726,
1022, 1720,
1023, 1644,
1024, 1638,
1025, 1544,
1026, 1555,
1027, 1501,
1028, 1485,
1029, 1459,
1030, 1450,
1031, 1409,
1032, 1380,
1033, 1379,
1034, 1313,
1035, 1232,
1036, 1310,
1037, 1188,
1038, 1229,
1039, 1199,
1040, 1106,
1041, 1164,
1042, 1134,
1043, 1064,
1044, 987,
1045, 1088,
1046, 1017,
1047, 960,
1048, 1024,
1049, 937,
1050, 933,
1051, 886,
1052, 878,
1053, 864,
1054, 825,
1055, 798,
1056, 791,
1057, 701,
1058, 768,
1059, 703,
1060, 724,
1061, 682,
1062, 698,
1063, 661,
1064, 683,
1065, 650,
1066, 679,
1067, 569,
1068, 622,
1069, 622,
1070, 578,
1071, 549,
1072, 529,
1073, 560,
1074, 500,
1075, 543,
1076, 498,
1077, 513,
1078, 486,
1079, 486,
1080, 444,
1081, 438,
1082, 428,
1083, 433,
1084, 414,
1085, 365,
1086, 404,
1087, 381,
1088, 416,
1089, 358,
1090, 371,
1091, 373,
1092, 368,
1093, 343,
1094, 335,
1095, 356,
1096, 308,
1097, 308,
1098, 310,
1099, 270,
1100, 260,
1101, 257,
1102, 258,
1103, 283,
1104, 262,
1105, 248,
1106, 236,
1107, 264,
1108, 220,
1109, 246,
1110, 241,
1111, 198,
1112, 214,
1113, 225,
1114, 224,
1115, 194,
1116, 204,
1117, 195,
1118, 214,
1119, 165,
1120, 174,
1121, 175,
1122, 184,
1123, 164,
1124, 161,
1125, 147,
1126, 138,
1127, 172,
1128, 164,
1129, 133,
1130, 115,
1131, 125,
1132, 132,
1133, 133,
1134, 123,
1135, 112,
1136, 120,
1137, 117,
1138, 111,
1139, 122,
1140, 117,
1141, 96,
1142, 107,
1143, 100,
1144, 120,
1145, 93,
1146, 94,
1147, 79,
1148, 95,
1149, 79,
1150, 92,
1151, 88,
1152, 90,
1153, 74,
1154, 85,
1155, 67,
1156, 61,
1157, 79,
1158, 63,
1159, 58,
1160, 61,
1161, 54,
1162, 67,
1163, 56,
1164, 46,
1165, 44,
1166, 52,
1167, 56,
1168, 58,
1169, 65,
1170, 54,
1171, 53,
1172, 42,
1173, 55,
1174, 61,
1175, 49,
1176, 35,
1177, 44,
1178, 38,
1179, 27,
1180, 51,
1181, 33,
1182, 42,
1183, 52,
1184, 41,
1185, 32,
1186, 36,
1187, 36,
1188, 44,
1189, 31,
1190, 23,
1191, 39,
1192, 30,
1193, 27,
1194, 36,
1195, 32,
1196, 36,
1197, 21,
1198, 23,
1199, 28,
1200, 29,
1201, 20,
1202, 20,
1203, 27,
1204, 31,
1205, 31,
1206, 23,
1207, 22,
1208, 17,
1209, 20,
1210, 19,
1211, 23,
1212, 18,
1213, 22,
1214, 22,
1215, 10,
1216, 9,
1217, 14,
1218, 16,
1219, 9,
1220, 7,
1221, 18,
1222, 8,
1223, 16,
1224, 8,
1225, 14,
1226, 6,
1227, 12,
1228, 7,
1229, 13,
1230, 9,
1231, 14,
1232, 16,
1233, 15,
1234, 10,
1235, 11,
1236, 9,
1237, 9,
1238, 15,
1239, 18,
1240, 7,
1241, 10,
1242, 7,
1243, 10,
1244, 8,
1245, 9,
1246, 5,
1247, 6,
1248, 7,
1249, 10,
1250, 9,
1251, 1,
1252, 7,
1253, 12,
1254, 9,
1255, 9,
1256, 5,
1257, 6,
1258, 5,
1259, 5,
1260, 3,
1261, 3,
1262, 3,
1263, 6,
1264, 4,
1265, 5,
1266, 5,
1267, 1,
1268, 1,
1269, 6,
1270, 4,
1271, 3,
1272, 2,
1273, 3,
1274, 5,
1275, 2,
1276, 4,
1277, 1,
1278, 3,
1279, 1,
1280, 4,
1281, 6,
1282, 1,
1283, 1,
1284, 0,
1285, 2,
1286, 7,
1287, 1,
1288, 4,
1289, 3,
1290, 1,
1291, 3,
1292, 4,
1293, 1,
1294, 1,
1295, 4,
1296, 4,
1297, 4,
1298, 3,
1299, 2,
1300, 3,
1301, 2,
1302, 1,
1303, 5,
1304, 2,
1305, 4,
1306, 4,
1307, 3,
1308, 0,
1309, 4,
1310, 0,
1311, 2,
1312, 2,
1313, 0,
1314, 2,
1315, 1,
1316, 0,
1317, 0,
1318, 1,
1319, 1,
1320, 3,
1321, 0,
1322, 0,
1323, 1,
1324, 2,
1325, 1,
1326, 0,
1327, 2,
1328, 1,
1329, 0,
1330, 0,
1331, 0,
1332, 0,
1333, 0,
1334, 1,
1335, 0,
1336, 0,
1337, 2,
1338, 2,
1339, 0,
1340, 0,
1341, 0,
1342, 0,
1343, 0,
1344, 1,
1345, 0,
1346, 1,
1347, 0,
1348, 0,
1349, 0,
1350, 0,
1351, 2,
1352, 0,
1353, 1,
1354, 0,
1355, 0,
1356, 1,
1357, 0,
1358, 1,
1359, 0,
1360, 0,
1361, 0,
1362, 0,
1363, 0,
1364, 0,
1365, 0,
1366, 0,
1367, 3,
1368, 0,
1369, 1,
1370, 0,
1371, 0,
1372, 0,
1373, 0,
1374, 0,
1375, 0,
1376, 1,
1377, 1,
1378, 0,
1379, 0,
1380, 0,
1381, 1,
1382, 1,
1383, 0,
1384, 0,
1385, 0,
1386, 1,
1387, 0,
1388, 0,
1389, 0,
1390, 0,
1391, 0,
1392, 0,
1393, 0,
1394, 0,
1395, 0,
1396, 0,
1397, 1,
1398, 0,
1399, 0,
1400, 0,
1401, 1,
1402, 0,
1403, 1,
1404, 0,
1405, 1,
1406, 0,
1407, 0,
1408, 0,
1409, 1,
1410, 0,
1411, 0,
1412, 0,
1413, 0,
1414, 0,
1415, 1,
1416, 0,
1417, 0,
1418, 0,
1419, 0,
1420, 0,
1421, 0,
1422, 0,
1423, 0,
1424, 0,
1425, 0,
1426, 0,
1427, 0,
1428, 1,
1429, 0,
1430, 0,
1431, 0,
1432, 0,
1433, 0,
1434, 0,
1435, 0,
1436, 0,
1437, 0,
1438, 0,
1439, 0,
1440, 0,
1441, 0,
1442, 0,
1443, 0,
1444, 0,
1445, 0,
1446, 0,
1447, 0,
1448, 0,
1449, 0,
1450, 0,
1451, 0,
1452, 0,
1453, 0,
1454, 0,
1455, 0,
1456, 0,
1457, 0,
1458, 0,
1459, 0,
1460, 0,
1461, 0,
1462, 0,
1463, 0,
1464, 0,
1465, 0,
1466, 0,
1467, 0,
1468, 0,
1469, 0,
1470, 0,
1471, 0,
1472, 0,
1473, 0,
1474, 0,
1475, 0,
1476, 0,
1477, 0,
1478, 0,
1479, 0,
1480, 0,
1481, 0,
1482, 0,
1483, 0,
1484, 0,
1485, 0,
1486, 0,
1487, 0,
1488, 0,
1489, 0,
1490, 0,
1491, 0,
1492, 0,
1493, 0,
1494, 0,
1495, 0,
1496, 0,
1497, 0,
1498, 0,
1499, 0,
1500, 0,
1501, 0,
1502, 0,
1503, 0,
1504, 0,
1505, 0,
1506, 0,
1507, 0,
1508, 0,
1509, 0,
1510, 0,
1511, 0,
1512, 0,
1513, 0,
1514, 0,
1515, 0,
1516, 0,
1517, 0,
1518, 0,
1519, 0,
1520, 0,
1521, 0,
1522, 0,
1523, 0,
1524, 0,
1525, 0,
1526, 1,
1527, 0,
1528, 0,
1529, 0,
1530, 0,
1531, 0,
1532, 0,
1533, 0,
1534, 0,
1535, 0,
1536, 0,
1537, 0,
1538, 0,
1539, 0,
1540, 0,
1541, 0,
1542, 0,
1543, 0,
1544, 0,
1545, 0,
1546, 0,
1547, 0,
1548, 0,
1549, 0,
1550, 0,
1551, 0,
1552, 0,
1553, 0,
1554, 0,
1555, 0,
1556, 0,
1557, 0,
1558, 0,
1559, 0,
1560, 0,
1561, 0,
1562, 0,
1563, 0,
1564, 0,
1565, 0,
1566, 0,
1567, 0,
1568, 0,
1569, 0,
1570, 0,
1571, 0,
1572, 0,
1573, 0,
1574, 0,
1575, 0,
1576, 0,
1577, 0,
1578, 0,
1579, 0,
1580, 0,
1581, 0,
1582, 0,
1583, 0,
1584, 0,
1585, 0,
1586, 0,
1587, 0,
1588, 0,
1589, 0,
1590, 0,
1591, 0,
1592, 0,
1593, 0,
1594, 0,
1595, 0,
1596, 0,
1597, 0,
1598, 0,
1599, 0,
1600, 0,
1601, 0,
1602, 0,
1603, 0,
1604, 0,
1605, 0,
1606, 0,
1607, 0,
1608, 0,
1609, 0,
1610, 0,
1611, 0,
1612, 0,
1613, 0,
1614, 0,
1615, 0,
1616, 0,
1617, 0,
1618, 0,
1619, 0,
1620, 0,
1621, 0,
1622, 0,
1623, 0,
1624, 0,
1625, 0,
1626, 0,
1627, 0,
1628, 0,
1629, 0,
1630, 0,
1631, 0,
1632, 0,
1633, 0,
1634, 0,
1635, 0,
1636, 0,
1637, 0,
1638, 0,
1639, 0,
1640, 0,
1641, 0,
1642, 0,
1643, 0,
1644, 0,
1645, 0,
1646, 0,
1647, 0,
1648, 0,
1649, 0,
1650, 0,
1651, 0,
1652, 0,
1653, 0,
1654, 0,
1655, 0,
1656, 0,
1657, 0,
1658, 0,
1659, 0,
1660, 0,
1661, 0,
1662, 0,
1663, 0,
1664, 0,
1665, 0,
1666, 0,
1667, 0,
1668, 0,
1669, 0,
1670, 0,
1671, 0,
1672, 0,
1673, 0,
1674, 0,
1675, 0,
1676, 0,
1677, 0,
1678, 0,
1679, 0,
1680, 0,
1681, 0,
1682, 0,
1683, 0,
1684, 0,
1685, 0,
1686, 0,
1687, 0,
1688, 0,
1689, 0,
1690, 0,
1691, 0,
1692, 0,
1693, 0,
1694, 0,
1695, 0,
1696, 0,
1697, 0,
1698, 0,
1699, 0,
1700, 0,
1701, 0,
1702, 0,
1703, 0,
1704, 0,
1705, 0,
1706, 0,
1707, 0,
1708, 0,
1709, 0,
1710, 0,
1711, 0,
1712, 0,
1713, 0,
1714, 0,
1715, 0,
1716, 0,
1717, 0,
1718, 0,
1719, 0,
1720, 0,
1721, 0,
1722, 0,
1723, 0,
1724, 0,
1725, 0,
1726, 0,
1727, 0,
1728, 0,
1729, 0,
1730, 0,
1731, 0,
1732, 0,
1733, 0,
1734, 0,
1735, 0,
1736, 0,
1737, 0,
1738, 0,
1739, 0,
1740, 0,
1741, 0,
1742, 0,
1743, 0,
1744, 0,
1745, 0,
1746, 0,
1747, 0,
1748, 0,
1749, 0,
1750, 0,
1751, 0,
1752, 0,
1753, 0,
1754, 0,
1755, 0,
1756, 0,
1757, 0,
1758, 0,
1759, 0,
1760, 0,
1761, 0,
1762, 0,
1763, 0,
1764, 0,
1765, 0,
1766, 0,
1767, 0,
1768, 0,
1769, 0,
1770, 0,
1771, 0,
1772, 0,
1773, 0,
1774, 0,
1775, 0,
1776, 0,
1777, 0,
1778, 0,
1779, 0,
1780, 0,
1781, 0,
1782, 0,
1783, 0,
1784, 0,
1785, 0,
1786, 0,
1787, 0,
1788, 0,
1789, 0,
1790, 0,
1791, 0,
1792, 0,
1793, 0,
1794, 0,
1795, 0,
1796, 0,
1797, 0,
1798, 0,
1799, 0,
1800, 0,
1801, 0,
1802, 0,
1803, 0,
1804, 0,
1805, 0,
1806, 0,
1807, 0,
1808, 0,
1809, 0,
1810, 0,
1811, 0,
1812, 0,
1813, 0,
1814, 0,
1815, 0,
1816, 0,
1817, 0,
1818, 0,
1819, 0,
1820, 0,
1821, 0,
1822, 0,
1823, 0,
1824, 0,
1825, 0,
1826, 0,
1827, 0,
1828, 0,
1829, 0,
1830, 0,
1831, 0,
1832, 0,
1833, 0,
1834, 0,
1835, 0,
1836, 0,
1837, 0,
1838, 0,
1839, 0,
1840, 0,
1841, 0,
1842, 0,
1843, 0,
1844, 0,
1845, 0,
1846, 0,
1847, 0,
1848, 0,
1849, 0,
1850, 0,
1851, 0,
1852, 0,
1853, 0,
1854, 0,
1855, 0,
1856, 0,
1857, 0,
1858, 0,
1859, 0,
1860, 0,
1861, 0,
1862, 0,
1863, 0,
1864, 0,
1865, 0,
1866, 0,
1867, 0,
1868, 0,
1869, 0,
1870, 0,
1871, 0,
1872, 0,
1873, 0,
1874, 0,
1875, 0,
1876, 0,
1877, 0,
1878, 0,
1879, 0,
1880, 0,
1881, 0,
1882, 0,
1883, 0,
1884, 0,
1885, 0,
1886, 0,
1887, 0,
1888, 0,
1889, 0,
1890, 0,
1891, 0,
1892, 0,
1893, 0,
1894, 0,
1895, 0,
1896, 0,
1897, 0,
1898, 0,
1899, 0,
1900, 0,
1901, 0,
1902, 0,
1903, 0,
1904, 0,
1905, 0,
1906, 0,
1907, 0,
1908, 0,
1909, 0,
1910, 0,
1911, 0,
1912, 0,
1913, 0,
1914, 0,
1915, 0,
1916, 0,
1917, 0,
1918, 0,
1919, 0,
1920, 0,
1921, 0,
1922, 0,
1923, 0,
1924, 0,
1925, 0,
1926, 0,
1927, 0,
1928, 0,
1929, 0,
1930, 0,
1931, 0,
1932, 0,
1933, 0,
1934, 0,
1935, 0,
1936, 0,
1937, 0,
1938, 0,
1939, 0,
1940, 0,
1941, 0,
1942, 0,
1943, 0,
1944, 0,
1945, 0,
1946, 0,
1947, 0,
1948, 0,
1949, 0,
1950, 0,
1951, 0,
1952, 0,
1953, 0,
1954, 0,
1955, 0,
1956, 0,
1957, 0,
1958, 0,
1959, 0,
1960, 0,
1961, 0,
1962, 0,
1963, 0,
1964, 0,
1965, 0,
1966, 0,
1967, 0,
1968, 0,
1969, 0,
1970, 0,
1971, 0,
1972, 0,
1973, 0,
1974, 0,
1975, 0,
1976, 0,
1977, 0,
1978, 0,
1979, 0,
1980, 0,
1981, 0,
1982, 0,
1983, 0,
1984, 0,
1985, 0,
1986, 0,
1987, 0,
1988, 0,
1989, 0,
1990, 0,
1991, 0,
1992, 0,
1993, 0,
1994, 0,
1995, 0,
1996, 0,
1997, 0,
1998, 0,
1999, 0,
2000, 0,
2001, 0,
2002, 0,
2003, 0,
2004, 0,
2005, 0,
2006, 0,
2007, 0,
2008, 0,
2009, 0,
2010, 0,
2011, 0,
2012, 0,
2013, 0,
2014, 0,
2015, 0,
2016, 0,
2017, 0,
2018, 0,
2019, 0,
2020, 0,
2021, 0,
2022, 0,
2023, 0,
2024, 0,
2025, 0,
2026, 0,
2027, 0,
2028, 0,
2029, 0,
2030, 0,
2031, 0,
2032, 0,
2033, 0,
2034, 0,
2035, 0,
2036, 0,
2037, 0,
2038, 0,
2039, 0,
2040, 0,
2041, 0,
2042, 0,
2043, 0,
2044, 0,
2045, 0,
2046, 0,
2047, 0,
2048, 0,
2049, 0,
2050, 0,
2051, 0,
2052, 0,
2053, 0,
2054, 0,
2055, 0,
2056, 0,
2057, 0,
2058, 0,
2059, 0,
2060, 0,
2061, 0,
2062, 0,
2063, 0,
2064, 0,
2065, 0,
2066, 0,
2067, 0,
2068, 0,
2069, 0,
2070, 0,
2071, 0,
2072, 0,
2073, 0,
2074, 0,
2075, 0,
2076, 0,
2077, 0,
2078, 0,
2079, 0,
2080, 0,
2081, 0,
2082, 0,
2083, 0,
2084, 0,
2085, 0,
2086, 0,
2087, 0,
2088, 0,
2089, 0,
2090, 0,
2091, 0,
2092, 0,
2093, 0,
2094, 0,
2095, 0,
2096, 0,
2097, 0,
2098, 0,
2099, 0,
2100, 0,
2101, 0,
2102, 0,
2103, 0,
2104, 0,
2105, 0,
2106, 0,
2107, 0,
2108, 0,
2109, 0,
2110, 0,
2111, 0,
2112, 0,
2113, 0,
2114, 0,
2115, 0,
2116, 0,
2117, 0,
2118, 0,
2119, 0,
2120, 0,
2121, 0,
2122, 0,
2123, 0,
2124, 0,
2125, 0,
2126, 0,
2127, 0,
2128, 0,
2129, 0,
2130, 0,
2131, 0,
2132, 0,
2133, 0,
2134, 0,
2135, 0,
2136, 0,
2137, 0,
2138, 0,
2139, 0,
2140, 0,
2141, 0,
2142, 0,
2143, 0,
2144, 0,
2145, 0,
2146, 0,
2147, 0,
2148, 0,
2149, 0,
2150, 0,
2151, 0,
2152, 0,
2153, 0,
2154, 0,
2155, 0,
2156, 0,
2157, 0,
2158, 0,
2159, 0,
2160, 0,
2161, 0,
2162, 0,
2163, 0,
2164, 0,
2165, 0,
2166, 0,
2167, 0,
2168, 0,
2169, 0,
2170, 0,
2171, 0,
2172, 0,
2173, 0,
2174, 0,
2175, 0,
2176, 0,
2177, 0,
2178, 0,
2179, 0,
2180, 0,
2181, 0,
2182, 0,
2183, 0,
2184, 0,
2185, 0,
2186, 0,
2187, 0,
2188, 0,
2189, 0,
2190, 0,
2191, 0,
2192, 0,
2193, 0,
2194, 0,
2195, 0,
2196, 0,
2197, 0,
2198, 0,
2199, 0,
2200, 0,
2201, 0,
2202, 0,
2203, 0,
2204, 0,
2205, 0,
2206, 0,
2207, 0,
2208, 0,
2209, 0,
2210, 0,
2211, 0,
2212, 0,
2213, 0,
2214, 0,
2215, 0,
2216, 0,
2217, 0,
2218, 0,
2219, 0,
2220, 0,
2221, 0,
2222, 0,
2223, 0,
2224, 0,
2225, 0,
2226, 0,
2227, 0,
2228, 0,
2229, 0,
2230, 0,
2231, 0,
2232, 0,
2233, 0,
2234, 0,
2235, 0,
2236, 0,
2237, 0,
2238, 0,
2239, 0,
2240, 0,
2241, 0,
2242, 0,
2243, 0,
2244, 0,
2245, 0,
2246, 0,
2247, 0,
2248, 0,
2249, 0,
2250, 0,
2251, 0,
2252, 0,
2253, 0,
2254, 0,
2255, 0,
2256, 0,
2257, 0,
2258, 0,
2259, 0,
2260, 0,
2261, 0,
2262, 0,
2263, 0,
2264, 0,
2265, 0,
2266, 0,
2267, 0,
2268, 0,
2269, 0,
2270, 0,
2271, 0,
2272, 0,
2273, 0,
2274, 0,
2275, 0,
2276, 0,
2277, 0,
2278, 0,
2279, 0,
2280, 0,
2281, 0,
2282, 0,
2283, 0,
2284, 0,
2285, 0,
2286, 0,
2287, 0,
2288, 0,
2289, 0,
2290, 0,
2291, 0,
2292, 0,
2293, 0,
2294, 0,
2295, 0,
2296, 0,
2297, 0,
2298, 0,
2299, 0,
2300, 0,
2301, 0,
2302, 0,
2303, 0,
2304, 0,
2305, 0,
2306, 0,
2307, 0,
2308, 0,
2309, 0,
2310, 0,
2311, 0,
2312, 0,
2313, 0,
2314, 0,
2315, 0,
2316, 0,
2317, 0,
2318, 0,
2319, 0,
2320, 0,
2321, 0,
2322, 0,
2323, 0,
2324, 0,
2325, 0,
2326, 0,
2327, 0,
2328, 0,
2329, 0,
2330, 0,
2331, 0,
2332, 0,
2333, 0,
2334, 0,
2335, 0,
2336, 0,
2337, 0,
2338, 0,
2339, 0,
2340, 0,
2341, 0,
2342, 0,
2343, 0,
2344, 0,
2345, 0,
2346, 0,
2347, 0,
2348, 0,
2349, 0,
2350, 0,
2351, 0,
2352, 0,
2353, 0,
2354, 0,
2355, 0,
2356, 0,
2357, 0,
2358, 0,
2359, 0,
2360, 0,
2361, 0,
2362, 0,
2363, 0,
2364, 0,
2365, 0,
2366, 0,
2367, 0,
2368, 0,
2369, 0,
2370, 0,
2371, 0,
2372, 0,
2373, 0,
2374, 0,
2375, 0,
2376, 0,
2377, 0,
2378, 0,
2379, 0,
2380, 0,
2381, 0,
2382, 0,
2383, 0,
2384, 0,
2385, 0,
2386, 0,
2387, 0,
2388, 0,
2389, 0,
2390, 0,
2391, 0,
2392, 0,
2393, 0,
2394, 0,
2395, 0,
2396, 0,
2397, 0,
2398, 0,
2399, 0,
2400, 0,
2401, 0,
2402, 0,
2403, 0,
2404, 0,
2405, 0,
2406, 0,
2407, 0,
2408, 0,
2409, 0,
2410, 0,
2411, 0,
2412, 0,
2413, 0,
2414, 0,
2415, 0,
2416, 0,
2417, 0,
2418, 0,
2419, 0,
2420, 0,
2421, 0,
2422, 0,
2423, 0,
2424, 0,
2425, 0,
2426, 0,
2427, 0,
2428, 0,
2429, 0,
2430, 0,
2431, 0,
2432, 0,
2433, 0,
2434, 0,
2435, 0,
2436, 0,
2437, 0,
2438, 0,
2439, 0,
2440, 0,
2441, 0,
2442, 0,
2443, 0,
2444, 0,
2445, 0,
2446, 0,
2447, 0,
2448, 0,
2449, 0,
2450, 0,
2451, 0,
2452, 0,
2453, 0,
2454, 0,
2455, 0,
2456, 0,
2457, 0,
2458, 0,
2459, 0,
2460, 0,
2461, 0,
2462, 0,
2463, 0,
2464, 0,
2465, 0,
2466, 0,
2467, 0,
2468, 0,
2469, 0,
2470, 0,
2471, 0,
2472, 0,
2473, 0,
2474, 0,
2475, 0,
2476, 0,
2477, 0,
2478, 0,
2479, 0,
2480, 0,
2481, 0,
2482, 0,
2483, 0,
2484, 0,
2485, 0,
2486, 0,
2487, 0,
2488, 0,
2489, 0,
2490, 0,
2491, 0,
2492, 0,
2493, 0,
2494, 0,
2495, 0,
2496, 0,
2497, 0,
2498, 0,
2499, 0,
2500, 0,
2501, 0,
2502, 0,
2503, 0,
2504, 0,
2505, 0,
2506, 0,
2507, 0,
2508, 0,
2509, 0,
2510, 0,
2511, 0,
2512, 0,
2513, 0,
2514, 0,
2515, 0,
2516, 0,
2517, 0,
2518, 0,
2519, 0,
2520, 0,
2521, 0,
2522, 0,
2523, 0,
2524, 0,
2525, 0,
2526, 0,
2527, 0,
2528, 0,
2529, 0,
2530, 0,
2531, 0,
2532, 0,
2533, 0,
2534, 0,
2535, 0,
2536, 0,
2537, 0,
2538, 0,
2539, 0,
2540, 0,
2541, 0,
2542, 0,
2543, 0,
2544, 0,
2545, 0,
2546, 0,
2547, 0,
2548, 0,
2549, 0,
2550, 0,
2551, 0,
2552, 0,
2553, 0,
2554, 0,
2555, 0,
2556, 0,
2557, 0,
2558, 0,
2559, 0,
2560, 0,
2561, 0,
2562, 0,
2563, 0,
2564, 0,
2565, 0,
2566, 0,
2567, 0,
2568, 0,
2569, 0,
2570, 0,
2571, 0,
2572, 0,
2573, 0,
2574, 0,
2575, 0,
2576, 0,
2577, 0,
2578, 0,
2579, 0,
2580, 0,
2581, 0,
2582, 0,
2583, 0,
2584, 0,
2585, 0,
2586, 0,
2587, 0,
2588, 0,
2589, 0,
2590, 0,
2591, 0,
2592, 0,
2593, 0,
2594, 0,
2595, 0,
2596, 0,
2597, 0,
2598, 0,
2599, 0,
2600, 0,
2601, 0,
2602, 0,
2603, 0,
2604, 0,
2605, 0,
2606, 0,
2607, 0,
2608, 0,
2609, 0,
2610, 0,
2611, 0,
2612, 0,
2613, 0,
2614, 0,
2615, 0,
2616, 0,
2617, 0,
2618, 0,
2619, 0,
2620, 0,
2621, 0,
2622, 0,
2623, 0,
2624, 0,
2625, 0,
2626, 0,
2627, 0,
2628, 0,
2629, 0,
2630, 0,
2631, 0,
2632, 0,
2633, 0,
2634, 0,
2635, 0,
2636, 0,
2637, 0,
2638, 0,
2639, 0,
2640, 0,
2641, 0,
2642, 0,
2643, 0,
2644, 0,
2645, 0,
2646, 0,
2647, 0,
2648, 0,
2649, 0,
2650, 0,
2651, 0,
2652, 0,
2653, 0,
2654, 0,
2655, 0,
2656, 0,
2657, 0,
2658, 0,
2659, 0,
2660, 0,
2661, 0,
2662, 0,
2663, 0,
2664, 0,
2665, 0,
2666, 0,
2667, 0,
2668, 0,
2669, 0,
2670, 0,
2671, 0,
2672, 0,
2673, 0,
2674, 0,
2675, 0,
2676, 0,
2677, 0,
2678, 0,
2679, 0,
2680, 0,
2681, 0,
2682, 0,
2683, 0,
2684, 0,
2685, 0,
2686, 0,
2687, 0,
2688, 0,
2689, 0,
2690, 0,
2691, 0,
2692, 0,
2693, 0,
2694, 0,
2695, 0,
2696, 0,
2697, 0,
2698, 0,
2699, 0,
2700, 0,
2701, 0,
2702, 0,
2703, 0,
2704, 0,
2705, 0,
2706, 0,
2707, 0,
2708, 0,
2709, 0,
2710, 0,
2711, 0,
2712, 0,
2713, 0,
2714, 0,
2715, 0,
2716, 0,
2717, 0,
2718, 0,
2719, 0,
2720, 0,
2721, 0,
2722, 0,
2723, 0,
2724, 0,
2725, 0,
2726, 0,
2727, 0,
2728, 0,
2729, 0,
2730, 0,
2731, 0,
2732, 0,
2733, 0,
2734, 0,
2735, 0,
2736, 0,
2737, 0,
2738, 0,
2739, 0,
2740, 0,
2741, 0,
2742, 0,
2743, 0,
2744, 0,
2745, 0,
2746, 0,
2747, 0,
2748, 0,
2749, 0,
2750, 0,
2751, 0,
2752, 0,
2753, 0,
2754, 0,
2755, 0,
2756, 0,
2757, 0,
2758, 0,
2759, 0,
2760, 0,
2761, 0,
2762, 0,
2763, 0,
2764, 0,
2765, 0,
2766, 0,
2767, 0,
2768, 0,
2769, 0,
2770, 0,
2771, 0,
2772, 0,
2773, 0,
2774, 0,
2775, 0,
2776, 0,
2777, 0,
2778, 0,
2779, 0,
2780, 0,
2781, 0,
2782, 0,
2783, 0,
2784, 0,
2785, 0,
2786, 0,
2787, 0,
2788, 0,
2789, 0,
2790, 0,
2791, 0,
2792, 0,
2793, 0,
2794, 0,
2795, 0,
2796, 0,
2797, 0,
2798, 0,
2799, 0,
2800, 0,
2801, 0,
2802, 0,
2803, 0,
2804, 0,
