-2805, 0,
-2804, 0,
-2803, 0,
-2802, 0,
-2801, 0,
-2800, 0,
-2799, 0,
-2798, 0,
-2797, 0,
-2796, 0,
-2795, 0,
-2794, 0,
-2793, 0,
-2792, 0,
-2791, 0,
-2790, 0,
-2789, 0,
-2788, 0,
-2787, 0,
-2786, 0,
-2785, 0,
-2784, 0,
-2783, 0,
-2782, 0,
-2781, 0,
-2780, 0,
-2779, 0,
-2778, 0,
-2777, 0,
-2776, 0,
-2775, 0,
-2774, 0,
-2773, 0,
-2772, 0,
-2771, 0,
-2770, 0,
-2769, 0,
-2768, 0,
-2767, 0,
-2766, 0,
-2765, 0,
-2764, 0,
-2763, 0,
-2762, 0,
-2761, 0,
-2760, 0,
-2759, 0,
-2758, 0,
-2757, 0,
-2756, 0,
-2755, 0,
-2754, 0,
-2753, 0,
-2752, 0,
-2751, 0,
-2750, 0,
-2749, 0,
-2748, 0,
-2747, 0,
-2746, 0,
-2745, 0,
-2744, 0,
-2743, 0,
-2742, 0,
-2741, 0,
-2740, 0,
-2739, 0,
-2738, 0,
-2737, 0,
-2736, 0,
-2735, 0,
-2734, 0,
-2733, 0,
-2732, 0,
-2731, 0,
-2730, 0,
-2729, 0,
-2728, 0,
-2727, 0,
-2726, 0,
-2725, 0,
-2724, 0,
-2723, 0,
-2722, 0,
-2721, 0,
-2720, 0,
-2719, 0,
-2718, 0,
-2717, 0,
-2716, 0,
-2715, 0,
-2714, 0,
-2713, 0,
-2712, 0,
-2711, 0,
-2710, 0,
-2709, 0,
-2708, 0,
-2707, 0,
-2706, 0,
-2705, 0,
-2704, 0,
-2703, 0,
-2702, 0,
-2701, 0,
-2700, 0,
-2699, 0,
-2698, 0,
-2697, 0,
-2696, 0,
-2695, 0,
-2694, 0,
-2693, 0,
-2692, 0,
-2691, 0,
-2690, 0,
-2689, 0,
-2688, 0,
-2687, 0,
-2686, 0,
-2685, 0,
-2684, 0,
-2683, 0,
-2682, 0,
-2681, 0,
-2680, 0,
-2679, 0,
-2678, 0,
-2677, 0,
-2676, 0,
-2675, 0,
-2674, 0,
-2673, 0,
-2672, 0,
-2671, 0,
-2670, 0,
-2669, 0,
-2668, 0,
-2667, 0,
-2666, 0,
-2665, 0,
-2664, 0,
-2663, 0,
-2662, 0,
-2661, 0,
-2660, 0,
-2659, 0,
-2658, 0,
-2657, 0,
-2656, 0,
-2655, 0,
-2654, 0,
-2653, 0,
-2652, 0,
-2651, 0,
-2650, 0,
-2649, 0,
-2648, 0,
-2647, 0,
-2646, 0,
-2645, 0,
-2644, 0,
-2643, 0,
-2642, 0,
-2641, 0,
-2640, 0,
-2639, 0,
-2638, 0,
-2637, 0,
-2636, 0,
-2635, 0,
-2634, 0,
-2633, 0,
-2632, 0,
-2631, 0,
-2630, 0,
-2629, 0,
-2628, 0,
-2627, 0,
-2626, 0,
-2625, 0,
-2624, 0,
-2623, 0,
-2622, 0,
-2621, 0,
-2620, 0,
-2619, 0,
-2618, 0,
-2617, 0,
-2616, 0,
-2615, 0,
-2614, 0,
-2613, 0,
-2612, 0,
-2611, 0,
-2610, 0,
-2609, 0,
-2608, 0,
-2607, 0,
-2606, 0,
-2605, 0,
-2604, 0,
-2603, 0,
-2602, 0,
-2601, 0,
-2600, 0,
-2599, 0,
-2598, 0,
-2597, 0,
-2596, 0,
-2595, 0,
-2594, 0,
-2593, 0,
-2592, 0,
-2591, 0,
-2590, 0,
-2589, 0,
-2588, 0,
-2587, 0,
-2586, 0,
-2585, 0,
-2584, 0,
-2583, 0,
-2582, 0,
-2581, 0,
-2580, 0,
-2579, 0,
-2578, 0,
-2577, 0,
-2576, 0,
-2575, 0,
-2574, 0,
-2573, 0,
-2572, 0,
-2571, 0,
-2570, 0,
-2569, 0,
-2568, 0,
-2567, 0,
-2566, 0,
-2565, 0,
-2564, 0,
-2563, 0,
-2562, 0,
-2561, 0,
-2560, 0,
-2559, 0,
-2558, 0,
-2557, 0,
-2556, 0,
-2555, 0,
-2554, 0,
-2553, 0,
-2552, 0,
-2551, 0,
-2550, 0,
-2549, 0,
-2548, 0,
-2547, 0,
-2546, 0,
-2545, 0,
-2544, 0,
-2543, 0,
-2542, 0,
-2541, 0,
-2540, 0,
-2539, 0,
-2538, 0,
-2537, 0,
-2536, 0,
-2535, 0,
-2534, 0,
-2533, 0,
-2532, 0,
-2531, 0,
-2530, 0,
-2529, 0,
-2528, 0,
-2527, 0,
-2526, 0,
-2525, 0,
-2524, 0,
-2523, 0,
-2522, 0,
-2521, 0,
-2520, 0,
-2519, 0,
-2518, 0,
-2517, 0,
-2516, 0,
-2515, 0,
-2514, 0,
-2513, 0,
-2512, 0,
-2511, 0,
-2510, 0,
-2509, 0,
-2508, 0,
-2507, 0,
-2506, 0,
-2505, 0,
-2504, 0,
-2503, 0,
-2502, 0,
-2501, 0,
-2500, 0,
-2499, 0,
-2498, 0,
-2497, 0,
-2496, 0,
-2495, 0,
-2494, 0,
-2493, 0,
-2492, 0,
-2491, 0,
-2490, 0,
-2489, 0,
-2488, 0,
-2487, 0,
-2486, 0,
-2485, 0,
-2484, 0,
-2483, 0,
-2482, 0,
-2481, 0,
-2480, 0,
-2479, 0,
-2478, 0,
-2477, 0,
-2476, 0,
-2475, 0,
-2474, 0,
-2473, 0,
-2472, 0,
-2471, 0,
-2470, 0,
-2469, 0,
-2468, 0,
-2467, 0,
-2466, 0,
-2465, 0,
-2464, 0,
-2463, 0,
-2462, 0,
-2461, 0,
-2460, 0,
-2459, 0,
-2458, 0,
-2457, 0,
-2456, 0,
-2455, 0,
-2454, 0,
-2453, 0,
-2452, 0,
-2451, 0,
-2450, 0,
-2449, 0,
-2448, 0,
-2447, 0,
-2446, 0,
-2445, 0,
-2444, 0,
-2443, 0,
-2442, 0,
-2441, 0,
-2440, 0,
-2439, 0,
-2438, 0,
-2437, 0,
-2436, 0,
-2435, 0,
-2434, 0,
-2433, 0,
-2432, 0,
-2431, 0,
-2430, 0,
-2429, 0,
-2428, 0,
-2427, 0,
-2426, 0,
-2425, 0,
-2424, 0,
-2423, 0,
-2422, 0,
-2421, 0,
-2420, 0,
-2419, 0,
-2418, 0,
-2417, 0,
-2416, 0,
-2415, 0,
-2414, 0,
-2413, 0,
-2412, 0,
-2411, 0,
-2410, 0,
-2409, 0,
-2408, 0,
-2407, 0,
-2406, 0,
-2405, 0,
-2404, 0,
-2403, 0,
-2402, 0,
-2401, 0,
-2400, 0,
-2399, 0,
-2398, 0,
-2397, 0,
-2396, 0,
-2395, 0,
-2394, 0,
-2393, 0,
-2392, 0,
-2391, 0,
-2390, 0,
-2389, 0,
-2388, 0,
-2387, 0,
-2386, 0,
-2385, 0,
-2384, 0,
-2383, 0,
-2382, 0,
-2381, 0,
-2380, 0,
-2379, 0,
-2378, 0,
-2377, 0,
-2376, 0,
-2375, 0,
-2374, 0,
-2373, 0,
-2372, 0,
-2371, 0,
-2370, 0,
-2369, 0,
-2368, 0,
-2367, 0,
-2366, 0,
-2365, 0,
-2364, 0,
-2363, 0,
-2362, 0,
-2361, 0,
-2360, 0,
-2359, 0,
-2358, 0,
-2357, 0,
-2356, 0,
-2355, 0,
-2354, 0,
-2353, 0,
-2352, 0,
-2351, 0,
-2350, 0,
-2349, 0,
-2348, 0,
-2347, 0,
-2346, 0,
-2345, 0,
-2344, 0,
-2343, 0,
-2342, 0,
-2341, 0,
-2340, 0,
-2339, 0,
-2338, 0,
-2337, 0,
-2336, 0,
-2335, 0,
-2334, 0,
-2333, 0,
-2332, 0,
-2331, 0,
-2330, 0,
-2329, 0,
-2328, 0,
-2327, 0,
-2326, 0,
-2325, 0,
-2324, 0,
-2323, 0,
-2322, 0,
-2321, 0,
-2320, 0,
-2319, 0,
-2318, 0,
-2317, 0,
-2316, 0,
-2315, 0,
-2314, 0,
-2313, 0,
-2312, 0,
-2311, 0,
-2310, 0,
-2309, 0,
-2308, 0,
-2307, 0,
-2306, 0,
-2305, 0,
-2304, 0,
-2303, 0,
-2302, 0,
-2301, 0,
-2300, 0,
-2299, 0,
-2298, 0,
-2297, 0,
-2296, 0,
-2295, 0,
-2294, 0,
-2293, 0,
-2292, 0,
-2291, 0,
-2290, 0,
-2289, 0,
-2288, 0,
-2287, 0,
-2286, 0,
-2285, 0,
-2284, 0,
-2283, 0,
-2282, 0,
-2281, 0,
-2280, 0,
-2279, 0,
-2278, 0,
-2277, 0,
-2276, 0,
-2275, 0,
-2274, 0,
-2273, 0,
-2272, 0,
-2271, 0,
-2270, 0,
-2269, 0,
-2268, 0,
-2267, 0,
-2266, 0,
-2265, 0,
-2264, 0,
-2263, 0,
-2262, 0,
-2261, 0,
-2260, 0,
-2259, 0,
-2258, 0,
-2257, 0,
-2256, 0,
-2255, 0,
-2254, 0,
-2253, 0,
-2252, 0,
-2251, 0,
-2250, 0,
-2249, 0,
-2248, 0,
-2247, 0,
-2246, 0,
-2245, 0,
-2244, 0,
-2243, 0,
-2242, 0,
-2241, 0,
-2240, 0,
-2239, 0,
-2238, 0,
-2237, 0,
-2236, 0,
-2235, 0,
-2234, 0,
-2233, 0,
-2232, 0,
-2231, 0,
-2230, 0,
-2229, 0,
-2228, 0,
-2227, 0,
-2226, 0,
-2225, 0,
-2224, 0,
-2223, 0,
-2222, 0,
-2221, 0,
-2220, 0,
-2219, 0,
-2218, 0,
-2217, 0,
-2216, 0,
-2215, 0,
-2214, 0,
-2213, 0,
-2212, 0,
-2211, 0,
-2210, 0,
-2209, 0,
-2208, 0,
-2207, 0,
-2206, 0,
-2205, 0,
-2204, 0,
-2203, 0,
-2202, 0,
-2201, 0,
-2200, 0,
-2199, 0,
-2198, 0,
-2197, 0,
-2196, 0,
-2195, 0,
-2194, 0,
-2193, 0,
-2192, 0,
-2191, 0,
-2190, 0,
-2189, 0,
-2188, 0,
-2187, 0,
-2186, 0,
-2185, 0,
-2184, 0,
-2183, 0,
-2182, 0,
-2181, 0,
-2180, 0,
-2179, 0,
-2178, 0,
-2177, 0,
-2176, 0,
-2175, 0,
-2174, 0,
-2173, 0,
-2172, 0,
-2171, 0,
-2170, 0,
-2169, 0,
-2168, 0,
-2167, 0,
-2166, 0,
-2165, 0,
-2164, 0,
-2163, 0,
-2162, 0,
-2161, 0,
-2160, 0,
-2159, 0,
-2158, 0,
-2157, 0,
-2156, 0,
-2155, 0,
-2154, 0,
-2153, 0,
-2152, 0,
-2151, 0,
-2150, 0,
-2149, 0,
-2148, 0,
-2147, 0,
-2146, 0,
-2145, 0,
-2144, 0,
-2143, 0,
-2142, 0,
-2141, 0,
-2140, 0,
-2139, 0,
-2138, 0,
-2137, 0,
-2136, 0,
-2135, 0,
-2134, 0,
-2133, 0,
-2132, 0,
-2131, 0,
-2130, 0,
-2129, 0,
-2128, 0,
-2127, 0,
-2126, 0,
-2125, 0,
-2124, 0,
-2123, 0,
-2122, 0,
-2121, 0,
-2120, 0,
-2119, 0,
-2118, 0,
-2117, 0,
-2116, 0,
-2115, 0,
-2114, 0,
-2113, 0,
-2112, 0,
-2111, 0,
-2110, 0,
-2109, 0,
-2108, 0,
-2107, 0,
-2106, 0,
-2105, 0,
-2104, 0,
-2103, 0,
-2102, 0,
-2101, 0,
-2100, 0,
-2099, 0,
-2098, 0,
-2097, 0,
-2096, 0,
-2095, 0,
-2094, 0,
-2093, 0,
-2092, 0,
-2091, 0,
-2090, 0,
-2089, 0,
-2088, 0,
-2087, 0,
-2086, 0,
-2085, 0,
-2084, 0,
-2083, 0,
-2082, 0,
-2081, 0,
-2080, 0,
-2079, 0,
-2078, 0,
-2077, 0,
-2076, 0,
-2075, 0,
-2074, 0,
-2073, 0,
-2072, 0,
-2071, 0,
-2070, 0,
-2069, 0,
-2068, 0,
-2067, 0,
-2066, 0,
-2065, 0,
-2064, 0,
-2063, 0,
-2062, 0,
-2061, 0,
-2060, 0,
-2059, 0,
-2058, 0,
-2057, 0,
-2056, 0,
-2055, 0,
-2054, 0,
-2053, 0,
-2052, 0,
-2051, 0,
-2050, 0,
-2049, 0,
-2048, 0,
-2047, 0,
-2046, 0,
-2045, 0,
-2044, 0,
-2043, 0,
-2042, 0,
-2041, 0,
-2040, 0,
-2039, 0,
-2038, 0,
-2037, 0,
-2036, 0,
-2035, 0,
-2034, 0,
-2033, 0,
-2032, 0,
-2031, 0,
-2030, 0,
-2029, 0,
-2028, 0,
-2027, 0,
-2026, 0,
-2025, 0,
-2024, 0,
-2023, 0,
-2022, 0,
-2021, 0,
-2020, 0,
-2019, 0,
-2018, 0,
-2017, 0,
-2016, 0,
-2015, 0,
-2014, 0,
-2013, 0,
-2012, 0,
-2011, 0,
-2010, 0,
-2009, 0,
-2008, 0,
-2007, 0,
-2006, 0,
-2005, 0,
-2004, 0,
-2003, 0,
-2002, 0,
-2001, 0,
-2000, 0,
-1999, 0,
-1998, 0,
-1997, 0,
-1996, 0,
-1995, 0,
-1994, 0,
-1993, 0,
-1992, 0,
-1991, 0,
-1990, 0,
-1989, 0,
-1988, 0,
-1987, 0,
-1986, 0,
-1985, 0,
-1984, 0,
-1983, 0,
-1982, 0,
-1981, 0,
-1980, 0,
-1979, 0,
-1978, 0,
-1977, 0,
-1976, 0,
-1975, 0,
-1974, 0,
-1973, 0,
-1972, 0,
-1971, 0,
-1970, 0,
-1969, 0,
-1968, 0,
-1967, 0,
-1966, 0,
-1965, 0,
-1964, 0,
-1963, 0,
-1962, 0,
-1961, 0,
-1960, 0,
-1959, 0,
-1958, 0,
-1957, 0,
-1956, 0,
-1955, 0,
-1954, 0,
-1953, 0,
-1952, 0,
-1951, 0,
-1950, 0,
-1949, 0,
-1948, 0,
-1947, 0,
-1946, 0,
-1945, 0,
-1944, 0,
-1943, 0,
-1942, 0,
-1941, 0,
-1940, 0,
-1939, 0,
-1938, 0,
-1937, 0,
-1936, 0,
-1935, 0,
-1934, 0,
-1933, 0,
-1932, 0,
-1931, 0,
-1930, 0,
-1929, 0,
-1928, 0,
-1927, 0,
-1926, 0,
-1925, 0,
-1924, 0,
-1923, 0,
-1922, 0,
-1921, 0,
-1920, 0,
-1919, 0,
-1918, 0,
-1917, 0,
-1916, 0,
-1915, 0,
-1914, 0,
-1913, 0,
-1912, 0,
-1911, 0,
-1910, 0,
-1909, 0,
-1908, 0,
-1907, 0,
-1906, 0,
-1905, 0,
-1904, 0,
-1903, 0,
-1902, 0,
-1901, 0,
-1900, 0,
-1899, 0,
-1898, 0,
-1897, 0,
-1896, 0,
-1895, 0,
-1894, 0,
-1893, 0,
-1892, 0,
-1891, 0,
-1890, 0,
-1889, 0,
-1888, 0,
-1887, 0,
-1886, 0,
-1885, 0,
-1884, 0,
-1883, 0,
-1882, 0,
-1881, 0,
-1880, 0,
-1879, 0,
-1878, 0,
-1877, 0,
-1876, 0,
-1875, 0,
-1874, 0,
-1873, 0,
-1872, 0,
-1871, 0,
-1870, 0,
-1869, 0,
-1868, 0,
-1867, 0,
-1866, 0,
-1865, 0,
-1864, 0,
-1863, 0,
-1862, 0,
-1861, 0,
-1860, 0,
-1859, 0,
-1858, 0,
-1857, 0,
-1856, 0,
-1855, 0,
-1854, 0,
-1853, 0,
-1852, 0,
-1851, 0,
-1850, 0,
-1849, 0,
-1848, 0,
-1847, 0,
-1846, 0,
-1845, 0,
-1844, 0,
-1843, 0,
-1842, 0,
-1841, 0,
-1840, 0,
-1839, 0,
-1838, 0,
-1837, 0,
-1836, 0,
-1835, 0,
-1834, 0,
-1833, 0,
-1832, 0,
-1831, 0,
-1830, 0,
-1829, 0,
-1828, 0,
-1827, 0,
-1826, 0,
-1825, 0,
-1824, 0,
-1823, 0,
-1822, 0,
-1821, 0,
-1820, 0,
-1819, 0,
-1818, 0,
-1817, 0,
-1816, 0,
-1815, 0,
-1814, 0,
-1813, 0,
-1812, 0,
-1811, 0,
-1810, 0,
-1809, 0,
-1808, 0,
-1807, 0,
-1806, 0,
-1805, 0,
-1804, 0,
-1803, 0,
-1802, 0,
-1801, 0,
-1800, 0,
-1799, 0,
-1798, 0,
-1797, 0,
-1796, 0,
-1795, 0,
-1794, 0,
-1793, 0,
-1792, 0,
-1791, 0,
-1790, 0,
-1789, 0,
-1788, 0,
-1787, 0,
-1786, 0,
-1785, 0,
-1784, 0,
-1783, 0,
-1782, 0,
-1781, 0,
-1780, 0,
-1779, 0,
-1778, 0,
-1777, 0,
-1776, 0,
-1775, 0,
-1774, 0,
-1773, 0,
-1772, 0,
-1771, 0,
-1770, 0,
-1769, 0,
-1768, 0,
-1767, 0,
-1766, 0,
-1765, 0,
-1764, 0,
-1763, 0,
-1762, 0,
-1761, 0,
-1760, 0,
-1759, 0,
-1758, 0,
-1757, 0,
-1756, 0,
-1755, 0,
-1754, 0,
-1753, 0,
-1752, 0,
-1751, 0,
-1750, 0,
-1749, 0,
-1748, 0,
-1747, 0,
-1746, 0,
-1745, 0,
-1744, 0,
-1743, 0,
-1742, 0,
-1741, 0,
-1740, 0,
-1739, 0,
-1738, 0,
-1737, 0,
-1736, 0,
-1735, 0,
-1734, 0,
-1733, 0,
-1732, 0,
-1731, 0,
-1730, 0,
-1729, 0,
-1728, 0,
-1727, 0,
-1726, 0,
-1725, 0,
-1724, 0,
-1723, 0,
-1722, 0,
-1721, 0,
-1720, 0,
-1719, 0,
-1718, 0,
-1717, 0,
-1716, 0,
-1715, 0,
-1714, 0,
-1713, 0,
-1712, 0,
-1711, 0,
-1710, 0,
-1709, 0,
-1708, 0,
-1707, 0,
-1706, 0,
-1705, 0,
-1704, 0,
-1703, 0,
-1702, 0,
-1701, 0,
-1700, 0,
-1699, 0,
-1698, 0,
-1697, 0,
-1696, 0,
-1695, 0,
-1694, 0,
-1693, 0,
-1692, 0,
-1691, 0,
-1690, 0,
-1689, 0,
-1688, 0,
-1687, 0,
-1686, 0,
-1685, 0,
-1684, 0,
-1683, 0,
-1682, 0,
-1681, 0,
-1680, 0,
-1679, 0,
-1678, 0,
-1677, 0,
-1676, 0,
-1675, 0,
-1674, 0,
-1673, 0,
-1672, 0,
-1671, 0,
-1670, 0,
-1669, 0,
-1668, 0,
-1667, 0,
-1666, 0,
-1665, 0,
-1664, 0,
-1663, 0,
-1662, 0,
-1661, 0,
-1660, 0,
-1659, 0,
-1658, 0,
-1657, 0,
-1656, 0,
-1655, 0,
-1654, 0,
-1653, 0,
-1652, 0,
-1651, 0,
-1650, 0,
-1649, 0,
-1648, 0,
-1647, 0,
-1646, 0,
-1645, 0,
-1644, 0,
-1643, 0,
-1642, 0,
-1641, 0,
-1640, 0,
-1639, 0,
-1638, 0,
-1637, 0,
-1636, 0,
-1635, 0,
-1634, 0,
-1633, 0,
-1632, 0,
-1631, 0,
-1630, 0,
-1629, 0,
-1628, 0,
-1627, 0,
-1626, 0,
-1625, 0,
-1624, 0,
-1623, 0,
-1622, 0,
-1621, 0,
-1620, 0,
-1619, 0,
-1618, 0,
-1617, 0,
-1616, 0,
-1615, 0,
-1614, 0,
-1613, 0,
-1612, 0,
-1611, 0,
-1610, 0,
-1609, 0,
-1608, 0,
-1607, 0,
-1606, 0,
-1605, 0,
-1604, 0,
-1603, 0,
-1602, 0,
-1601, 0,
-1600, 0,
-1599, 0,
-1598, 0,
-1597, 0,
-1596, 0,
-1595, 0,
-1594, 0,
-1593, 0,
-1592, 0,
-1591, 0,
-1590, 0,
-1589, 0,
-1588, 0,
-1587, 0,
-1586, 0,
-1585, 0,
-1584, 0,
-1583, 0,
-1582, 0,
-1581, 0,
-1580, 0,
-1579, 0,
-1578, 0,
-1577, 0,
-1576, 0,
-1575, 0,
-1574, 0,
-1573, 0,
-1572, 0,
-1571, 0,
-1570, 0,
-1569, 0,
-1568, 0,
-1567, 0,
-1566, 0,
-1565, 0,
-1564, 0,
-1563, 0,
-1562, 0,
-1561, 0,
-1560, 0,
-1559, 0,
-1558, 0,
-1557, 0,
-1556, 0,
-1555, 0,
-1554, 0,
-1553, 0,
-1552, 0,
-1551, 0,
-1550, 0,
-1549, 0,
-1548, 0,
-1547, 0,
-1546, 0,
-1545, 0,
-1544, 0,
-1543, 0,
-1542, 0,
-1541, 0,
-1540, 0,
-1539, 0,
-1538, 0,
-1537, 0,
-1536, 0,
-1535, 0,
-1534, 0,
-1533, 0,
-1532, 0,
-1531, 0,
-1530, 0,
-1529, 0,
-1528, 0,
-1527, 0,
-1526, 0,
-1525, 0,
-1524, 0,
-1523, 0,
-1522, 0,
-1521, 0,
-1520, 0,
-1519, 0,
-1518, 0,
-1517, 0,
-1516, 0,
-1515, 0,
-1514, 0,
-1513, 0,
-1512, 0,
-1511, 0,
-1510, 0,
-1509, 0,
-1508, 0,
-1507, 0,
-1506, 0,
-1505, 0,
-1504, 0,
-1503, 0,
-1502, 0,
-1501, 0,
-1500, 0,
-1499, 0,
-1498, 0,
-1497, 0,
-1496, 0,
-1495, 0,
-1494, 0,
-1493, 0,
-1492, 0,
-1491, 0,
-1490, 0,
-1489, 0,
-1488, 0,
-1487, 0,
-1486, 0,
-1485, 0,
-1484, 0,
-1483, 0,
-1482, 0,
-1481, 0,
-1480, 0,
-1479, 0,
-1478, 0,
-1477, 0,
-1476, 0,
-1475, 0,
-1474, 0,
-1473, 0,
-1472, 0,
-1471, 0,
-1470, 0,
-1469, 0,
-1468, 0,
-1467, 0,
-1466, 0,
-1465, 0,
-1464, 0,
-1463, 1,
-1462, 0,
-1461, 0,
-1460, 0,
-1459, 0,
-1458, 0,
-1457, 0,
-1456, 0,
-1455, 0,
-1454, 1,
-1453, 0,
-1452, 0,
-1451, 0,
-1450, 0,
-1449, 0,
-1448, 0,
-1447, 0,
-1446, 0,
-1445, 0,
-1444, 0,
-1443, 0,
-1442, 0,
-1441, 0,
-1440, 0,
-1439, 0,
-1438, 0,
-1437, 0,
-1436, 0,
-1435, 0,
-1434, 0,
-1433, 0,
-1432, 0,
-1431, 0,
-1430, 0,
-1429, 0,
-1428, 0,
-1427, 0,
-1426, 0,
-1425, 1,
-1424, 1,
-1423, 0,
-1422, 0,
-1421, 0,
-1420, 0,
-1419, 0,
-1418, 0,
-1417, 0,
-1416, 0,
-1415, 0,
-1414, 0,
-1413, 0,
-1412, 0,
-1411, 0,
-1410, 0,
-1409, 0,
-1408, 0,
-1407, 0,
-1406, 0,
-1405, 0,
-1404, 0,
-1403, 0,
-1402, 0,
-1401, 0,
-1400, 0,
-1399, 0,
-1398, 0,
-1397, 0,
-1396, 0,
-1395, 0,
-1394, 0,
-1393, 0,
-1392, 0,
-1391, 0,
-1390, 0,
-1389, 0,
-1388, 0,
-1387, 0,
-1386, 0,
-1385, 0,
-1384, 0,
-1383, 0,
-1382, 0,
-1381, 0,
-1380, 0,
-1379, 0,
-1378, 0,
-1377, 0,
-1376, 0,
-1375, 1,
-1374, 0,
-1373, 0,
-1372, 0,
-1371, 0,
-1370, 0,
-1369, 1,
-1368, 1,
-1367, 0,
-1366, 0,
-1365, 0,
-1364, 0,
-1363, 0,
-1362, 0,
-1361, 1,
-1360, 0,
-1359, 0,
-1358, 0,
-1357, 1,
-1356, 2,
-1355, 1,
-1354, 0,
-1353, 0,
-1352, 0,
-1351, 0,
-1350, 1,
-1349, 0,
-1348, 1,
-1347, 0,
-1346, 0,
-1345, 1,
-1344, 0,
-1343, 0,
-1342, 0,
-1341, 0,
-1340, 0,
-1339, 1,
-1338, 0,
-1337, 1,
-1336, 0,
-1335, 1,
-1334, 1,
-1333, 1,
-1332, 0,
-1331, 2,
-1330, 2,
-1329, 0,
-1328, 2,
-1327, 0,
-1326, 0,
-1325, 0,
-1324, 0,
-1323, 0,
-1322, 0,
-1321, 0,
-1320, 0,
-1319, 0,
-1318, 2,
-1317, 1,
-1316, 0,
-1315, 2,
-1314, 0,
-1313, 1,
-1312, 1,
-1311, 0,
-1310, 1,
-1309, 1,
-1308, 0,
-1307, 0,
-1306, 1,
-1305, 1,
-1304, 1,
-1303, 2,
-1302, 1,
-1301, 1,
-1300, 1,
-1299, 2,
-1298, 3,
-1297, 1,
-1296, 2,
-1295, 1,
-1294, 2,
-1293, 3,
-1292, 1,
-1291, 1,
-1290, 6,
-1289, 1,
-1288, 4,
-1287, 3,
-1286, 2,
-1285, 1,
-1284, 2,
-1283, 1,
-1282, 1,
-1281, 3,
-1280, 2,
-1279, 5,
-1278, 2,
-1277, 5,
-1276, 2,
-1275, 3,
-1274, 3,
-1273, 3,
-1272, 2,
-1271, 3,
-1270, 5,
-1269, 4,
-1268, 5,
-1267, 3,
-1266, 0,
-1265, 6,
-1264, 7,
-1263, 2,
-1262, 6,
-1261, 5,
-1260, 6,
-1259, 6,
-1258, 5,
-1257, 6,
-1256, 7,
-1255, 2,
-1254, 7,
-1253, 4,
-1252, 10,
-1251, 9,
-1250, 8,
-1249, 7,
-1248, 6,
-1247, 3,
-1246, 9,
-1245, 6,
-1244, 7,
-1243, 9,
-1242, 9,
-1241, 5,
-1240, 12,
-1239, 5,
-1238, 8,
-1237, 10,
-1236, 7,
-1235, 11,
-1234, 11,
-1233, 13,
-1232, 15,
-1231, 10,
-1230, 9,
-1229, 6,
-1228, 16,
-1227, 13,
-1226, 11,
-1225, 17,
-1224, 13,
-1223, 14,
-1222, 9,
-1221, 9,
-1220, 13,
-1219, 17,
-1218, 21,
-1217, 10,
-1216, 8,
-1215, 19,
-1214, 17,
-1213, 15,
-1212, 15,
-1211, 24,
-1210, 16,
-1209, 18,
-1208, 20,
-1207, 26,
-1206, 24,
-1205, 26,
-1204, 24,
-1203, 22,
-1202, 34,
-1201, 15,
-1200, 14,
-1199, 33,
-1198, 30,
-1197, 23,
-1196, 28,
-1195, 27,
-1194, 29,
-1193, 33,
-1192, 37,
-1191, 24,
-1190, 39,
-1189, 33,
-1188, 34,
-1187, 27,
-1186, 37,
-1185, 44,
-1184, 31,
-1183, 33,
-1182, 31,
-1181, 36,
-1180, 43,
-1179, 36,
-1178, 42,
-1177, 50,
-1176, 41,
-1175, 42,
-1174, 50,
-1173, 50,
-1172, 52,
-1171, 46,
-1170, 41,
-1169, 48,
-1168, 54,
-1167, 63,
-1166, 59,
-1165, 60,
-1164, 61,
-1163, 57,
-1162, 61,
-1161, 76,
-1160, 63,
-1159, 61,
-1158, 69,
-1157, 67,
-1156, 77,
-1155, 79,
-1154, 72,
-1153, 78,
-1152, 85,
-1151, 93,
-1150, 79,
-1149, 88,
-1148, 90,
-1147, 96,
-1146, 104,
-1145, 93,
-1144, 92,
-1143, 102,
-1142, 102,
-1141, 100,
-1140, 111,
-1139, 114,
-1138, 120,
-1137, 113,
-1136, 134,
-1135, 128,
-1134, 121,
-1133, 114,
-1132, 135,
-1131, 137,
-1130, 153,
-1129, 135,
-1128, 153,
-1127, 140,
-1126, 148,
-1125, 171,
-1124, 161,
-1123, 156,
-1122, 177,
-1121, 159,
-1120, 171,
-1119, 187,
-1118, 187,
-1117, 182,
-1116, 202,
-1115, 188,
-1114, 196,
-1113, 199,
-1112, 217,
-1111, 233,
-1110, 226,
-1109, 214,
-1108, 251,
-1107, 229,
-1106, 261,
-1105, 255,
-1104, 269,
-1103, 249,
-1102, 304,
-1101, 279,
-1100, 291,
-1099, 295,
-1098, 290,
-1097, 303,
-1096, 304,
-1095, 312,
-1094, 320,
-1093, 318,
-1092, 373,
-1091, 334,
-1090, 369,
-1089, 347,
-1088, 378,
-1087, 372,
-1086, 406,
-1085, 396,
-1084, 430,
-1083, 445,
-1082, 432,
-1081, 465,
-1080, 464,
-1079, 459,
-1078, 445,
-1077, 450,
-1076, 502,
-1075, 484,
-1074, 544,
-1073, 588,
-1072, 551,
-1071, 527,
-1070, 602,
-1069, 515,
-1068, 644,
-1067, 637,
-1066, 625,
-1065, 651,
-1064, 649,
-1063, 637,
-1062, 764,
-1061, 726,
-1060, 752,
-1059, 778,
-1058, 758,
-1057, 807,
-1056, 850,
-1055, 845,
-1054, 831,
-1053, 861,
-1052, 915,
-1051, 905,
-1050, 886,
-1049, 863,
-1048, 916,
-1047, 1002,
-1046, 1021,
-1045, 1011,
-1044, 1039,
-1043, 1095,
-1042, 1067,
-1041, 1125,
-1040, 1116,
-1039, 1140,
-1038, 1187,
-1037, 1203,
-1036, 1321,
-1035, 1278,
-1034, 1301,
-1033, 1414,
-1032, 1372,
-1031, 1407,
-1030, 1415,
-1029, 1502,
-1028, 1491,
-1027, 1537,
-1026, 1548,
-1025, 1592,
-1024, 1598,
-1023, 1663,
-1022, 1644,
-1021, 1796,
-1020, 1785,
-1019, 1788,
-1018, 1926,
-1017, 1906,
-1016, 1951,
-1015, 2026,
-1014, 1994,
-1013, 2129,
-1012, 2092,
-1011, 2107,
-1010, 2228,
-1009, 2205,
-1008, 2267,
-1007, 2456,
-1006, 2340,
-1005, 2504,
-1004, 2536,
-1003, 2605,
-1002, 2687,
-1001, 2786,
-1000, 2707,
-999, 2723,
-998, 2938,
-997, 2938,
-996, 2945,
-995, 3109,
-994, 3145,
-993, 3213,
-992, 3329,
-991, 3358,
-990, 3364,
-989, 3478,
-988, 3574,
-987, 3572,
-986, 3664,
-985, 3735,
-984, 3836,
-983, 3873,
-982, 3909,
-981, 4154,
-980, 4296,
-979, 4135,
-978, 4519,
-977, 4606,
-976, 4550,
-975, 4519,
-974, 4756,
-973, 4887,
-972, 4951,
-971, 5173,
-970, 5173,
-969, 5401,
-968, 5422,
-967, 5346,
-966, 5545,
-965, 5784,
-964, 5805,
-963, 5907,
-962, 6063,
-961, 6334,
-960, 6208,
-959, 6530,
-958, 6610,
-957, 6778,
-956, 6846,
-955, 7176,
-954, 7172,
-953, 7297,
-952, 7539,
-951, 7542,
-950, 7691,
-949, 8034,
-948, 8249,
-947, 8374,
-946, 8371,
-945, 8770,
-944, 8704,
-943, 8924,
-942, 9258,
-941, 9379,
-940, 9634,
-939, 9957,
-938, 9923,
-937, 10217,
-936, 10374,
-935, 10551,
-934, 10667,
-933, 11086,
-932, 11240,
-931, 11548,
-930, 11788,
-929, 11995,
-928, 12248,
-927, 12414,
-926, 12650,
-925, 12962,
-924, 13122,
-923, 13433,
-922, 13797,
-921, 13960,
-920, 14497,
-919, 14517,
-918, 14693,
-917, 15134,
-916, 15422,
-915, 15867,
-914, 16044,
-913, 16527,
-912, 16723,
-911, 17049,
-910, 17451,
-909, 17425,
-908, 18162,
-907, 18342,
-906, 18778,
-905, 19294,
-904, 19488,
-903, 20019,
-902, 20218,
-901, 20758,
-900, 21101,
-899, 21682,
-898, 22080,
-897, 22291,
-896, 22621,
-895, 23350,
-894, 23704,
-893, 24089,
-892, 24674,
-891, 24955,
-890, 25487,
-889, 26122,
-888, 26628,
-887, 27133,
-886, 27898,
-885, 28114,
-884, 28880,
-883, 29488,
-882, 29817,
-881, 30732,
-880, 31207,
-879, 31613,
-878, 31732,
-877, 32658,
-876, 33274,
-875, 34110,
-874, 34303,
-873, 35150,
-872, 36077,
-871, 36689,
-870, 37605,
-869, 38291,
-868, 38639,
-867, 39422,
-866, 40169,
-865, 41023,
-864, 41371,
-863, 42747,
-862, 43430,
-861, 44200,
-860, 44841,
-859, 45763,
-858, 46552,
-857, 47339,
-856, 48107,
-855, 49362,
-854, 50357,
-853, 51053,
-852, 52088,
-851, 52965,
-850, 54406,
-849, 55097,
-848, 55989,
-847, 57375,
-846, 58066,
-845, 59085,
-844, 60473,
-843, 61334,
-842, 62069,
-841, 63629,
-840, 65141,
-839, 65962,
-838, 67370,
-837, 68713,
-836, 69692,
-835, 71040,
-834, 72152,
-833, 73261,
-832, 75014,
-831, 75808,
-830, 77210,
-829, 79501,
-828, 80463,
-827, 81471,
-826, 83257,
-825, 84509,
-824, 86625,
-823, 87587,
-822, 90024,
-821, 91019,
-820, 92975,
-819, 94329,
-818, 95858,
-817, 97361,
-816, 99062,
-815, 101196,
-814, 102632,
-813, 104555,
-812, 106307,
-811, 108770,
-810, 110060,
-809, 111445,
-808, 114289,
-807, 116662,
-806, 117671,
-805, 120222,
-804, 121932,
-803, 124409,
-802, 126870,
-801, 129419,
-800, 131233,
-799, 133437,
-798, 135413,
-797, 138060,
-796, 140123,
-795, 142932,
-794, 145557,
-793, 147860,
-792, 150287,
-791, 152660,
-790, 155002,
-789, 158247,
-788, 161453,
-787, 163658,
-786, 167361,
-785, 169164,
-784, 172623,
-783, 175079,
-782, 178628,
-781, 180687,
-780, 184311,
-779, 187242,
-778, 190384,
-777, 193618,
-776, 196269,
-775, 200178,
-774, 203724,
-773, 207612,
-772, 211091,
-771, 213224,
-770, 217825,
-769, 221262,
-768, 224588,
-767, 228592,
-766, 232904,
-765, 237021,
-764, 240283,
-763, 244618,
-762, 248700,
-761, 252036,
-760, 256013,
-759, 260468,
-758, 264646,
-757, 269024,
-756, 273199,
-755, 278004,
-754, 283277,
-753, 286406,
-752, 291948,
-751, 296937,
-750, 301064,
-749, 306580,
-748, 312344,
-747, 316025,
-746, 322170,
-745, 326505,
-744, 332321,
-743, 337799,
-742, 342326,
-741, 347906,
-740, 351983,
-739, 360169,
-738, 365378,
-737, 371472,
-736, 376553,
-735, 383055,
-734, 388933,
-733, 394922,
-732, 402101,
-731, 407471,
-730, 413745,
-729, 421984,
-728, 426707,
-727, 435253,
-726, 440960,
-725, 447501,
-724, 455664,
-723, 461605,
-722, 469459,
-721, 476804,
-720, 483898,
-719, 493063,
-718, 500300,
-717, 508146,
-716, 515338,
-715, 522730,
-714, 530889,
-713, 539765,
-712, 546803,
-711, 557653,
-710, 564351,
-709, 573209,
-708, 582779,
-707, 591975,
-706, 601051,
-705, 611284,
-704, 617801,
-703, 628855,
-702, 637775,
-701, 647001,
-700, 657630,
-699, 666705,
-698, 678051,
-697, 688889,
-696, 697723,
-695, 708918,
-694, 719096,
-693, 731266,
-692, 740418,
-691, 753250,
-690, 762685,
-689, 773592,
-688, 786412,
-687, 798540,
-686, 810636,
-685, 821507,
-684, 834650,
-683, 846577,
-682, 857746,
-681, 871735,
-680, 884556,
-679, 898380,
-678, 910323,
-677, 924110,
-676, 937088,
-675, 950677,
-674, 964556,
-673, 978506,
-672, 992659,
-671, 1006989,
-670, 1023091,
-669, 1037199,
-668, 1051679,
-667, 1065002,
-666, 1082498,
-665, 1098468,
-664, 1113950,
-663, 1130974,
-662, 1144470,
-661, 1162481,
-660, 1179908,
-659, 1194623,
-658, 1213822,
-657, 1231204,
-656, 1247936,
-655, 1265203,
-654, 1282799,
-653, 1300886,
-652, 1317498,
-651, 1337131,
-650, 1354400,
-649, 1375766,
-648, 1393573,
-647, 1414843,
-646, 1436476,
-645, 1454532,
-644, 1473668,
-643, 1494089,
-642, 1515301,
-641, 1537349,
-640, 1560158,
-639, 1579840,
-638, 1602866,
-637, 1625767,
-636, 1645476,
-635, 1669791,
-634, 1692646,
-633, 1717909,
-632, 1739278,
-631, 1766003,
-630, 1785962,
-629, 1811257,
-628, 1836625,
-627, 1859982,
-626, 1887592,
-625, 1911558,
-624, 1935573,
-623, 1963309,
-622, 1991512,
-621, 2016567,
-620, 2045826,
-619, 2073726,
-618, 2102457,
-617, 2126361,
-616, 2154853,
-615, 2183376,
-614, 2213690,
-613, 2238612,
-612, 2272721,
-611, 2302925,
-610, 2333173,
-609, 2364077,
-608, 2396388,
-607, 2425270,
-606, 2458867,
-605, 2488513,
-604, 2522982,
-603, 2555807,
-602, 2587941,
-601, 2620137,
-600, 2657652,
-599, 2691754,
-598, 2726933,
-597, 2762701,
-596, 2796366,
-595, 2832439,
-594, 2867407,
-593, 2903632,
-592, 2940584,
-591, 2982558,
-590, 3018938,
-589, 3056658,
-588, 3096238,
-587, 3136362,
-586, 3170278,
-585, 3213752,
-584, 3255999,
-583, 3298461,
-582, 3338218,
-581, 3378078,
-580, 3422740,
-579, 3467969,
-578, 3509081,
-577, 3552564,
-576, 3596076,
-575, 3642101,
-574, 3687613,
-573, 3733587,
-572, 3781733,
-571, 3828396,
-570, 3875001,
-569, 3919393,
-568, 3972838,
-567, 4016859,
-566, 4066802,
-565, 4113000,
-564, 4169915,
-563, 4221330,
-562, 4271205,
-561, 4320575,
-560, 4375961,
-559, 4425973,
-558, 4477789,
-557, 4536541,
-556, 4586177,
-555, 4643380,
-554, 4696403,
-553, 4755404,
-552, 4814004,
-551, 4867688,
-550, 4927729,
-549, 4986860,
-548, 5041941,
-547, 5101760,
-546, 5166003,
-545, 5225501,
-544, 5285629,
-543, 5351530,
-542, 5417242,
-541, 5476012,
-540, 5542026,
-539, 5605682,
-538, 5668033,
-537, 5733336,
-536, 5805736,
-535, 5874005,
-534, 5935756,
-533, 6003473,
-532, 6073747,
-531, 6140383,
-530, 6215925,
-529, 6284932,
-528, 6356688,
-527, 6434040,
-526, 6503331,
-525, 6569496,
-524, 6651013,
-523, 6727960,
-522, 6802862,
-521, 6880258,
-520, 6955526,
-519, 7032225,
-518, 7110940,
-517, 7191774,
-516, 7273496,
-515, 7358311,
-514, 7436428,
-513, 7520693,
-512, 7602097,
-511, 7683467,
-510, 7767012,
-509, 7856587,
-508, 7949312,
-507, 8032313,
-506, 8118368,
-505, 8205032,
-504, 8296440,
-503, 8386292,
-502, 8475590,
-501, 8569775,
-500, 8659329,
-499, 8757506,
-498, 8849959,
-497, 8942899,
-496, 9042491,
-495, 9134128,
-494, 9233471,
-493, 9335756,
-492, 9428581,
-491, 9529057,
-490, 9629072,
-489, 9733309,
-488, 9842384,
-487, 9940226,
-486, 10049181,
-485, 10152317,
-484, 10260921,
-483, 10358265,
-482, 10474919,
-481, 10582486,
-480, 10693307,
-479, 10804429,
-478, 10907990,
-477, 11027800,
-476, 11133385,
-475, 11251277,
-474, 11368755,
-473, 11484281,
-472, 11604868,
-471, 11727777,
-470, 11845493,
-469, 11963574,
-468, 12085025,
-467, 12201612,
-466, 12330358,
-465, 12449715,
-464, 12573733,
-463, 12708236,
-462, 12821124,
-461, 12951733,
-460, 13084507,
-459, 13217877,
-458, 13342446,
-457, 13478954,
-456, 13609030,
-455, 13742467,
-454, 13878110,
-453, 14012786,
-452, 14154095,
-451, 14289536,
-450, 14426658,
-449, 14564763,
-448, 14705428,
-447, 14849754,
-446, 14997913,
-445, 15132728,
-444, 15284056,
-443, 15425627,
-442, 15584340,
-441, 15731014,
-440, 15875963,
-439, 16031932,
-438, 16171555,
-437, 16336414,
-436, 16482354,
-435, 16638228,
-434, 16810277,
-433, 16960144,
-432, 17116559,
-431, 17269584,
-430, 17428781,
-429, 17585781,
-428, 17756203,
-427, 17910767,
-426, 18081116,
-425, 18256840,
-424, 18426783,
-423, 18582860,
-422, 18752924,
-421, 18929784,
-420, 19099578,
-419, 19270022,
-418, 19444473,
-417, 19629622,
-416, 19790480,
-415, 19979497,
-414, 20146997,
-413, 20332016,
-412, 20521471,
-411, 20703592,
-410, 20883753,
-409, 21061869,
-408, 21251946,
-407, 21433509,
-406, 21625589,
-405, 21818698,
-404, 21995724,
-403, 22196704,
-402, 22390784,
-401, 22591387,
-400, 22783448,
-399, 22976154,
-398, 23177810,
-397, 23370985,
-396, 23567617,
-395, 23774881,
-394, 23972143,
-393, 24183304,
-392, 24384348,
-391, 24588876,
-390, 24792820,
-389, 25008355,
-388, 25207945,
-387, 25423438,
-386, 25643573,
-385, 25848253,
-384, 26054926,
-383, 26275106,
-382, 26494511,
-381, 26719147,
-380, 26938904,
-379, 27151120,
-378, 27368227,
-377, 27607872,
-376, 27831005,
-375, 28050381,
-374, 28286954,
-373, 28497477,
-372, 28731882,
-371, 28976150,
-370, 29206057,
-369, 29430553,
-368, 29662738,
-367, 29900980,
-366, 30140353,
-365, 30372563,
-364, 30613366,
-363, 30837951,
-362, 31096046,
-361, 31335458,
-360, 31575981,
-359, 31824694,
-358, 32059310,
-357, 32323972,
-356, 32562486,
-355, 32813375,
-354, 33070839,
-353, 33311330,
-352, 33574511,
-351, 33822385,
-350, 34073253,
-349, 34336528,
-348, 34594092,
-347, 34853991,
-346, 35114241,
-345, 35383089,
-344, 35636024,
-343, 35906902,
-342, 36165310,
-341, 36433296,
-340, 36714040,
-339, 36964123,
-338, 37239455,
-337, 37504342,
-336, 37786261,
-335, 38061670,
-334, 38330281,
-333, 38608506,
-332, 38885039,
-331, 39167036,
-330, 39440744,
-329, 39726351,
-328, 39995066,
-327, 40300045,
-326, 40575762,
-325, 40864695,
-324, 41147407,
-323, 41431334,
-322, 41722682,
-321, 42012966,
-320, 42291782,
-319, 42581520,
-318, 42872839,
-317, 43174374,
-316, 43461366,
-315, 43751918,
-314, 44059074,
-313, 44346085,
-312, 44652109,
-311, 44955288,
-310, 45264536,
-309, 45554162,
-308, 45857153,
-307, 46171299,
-306, 46472075,
-305, 46768009,
-304, 47080081,
-303, 47389642,
-302, 47703747,
-301, 48012246,
-300, 48315063,
-299, 48640842,
-298, 48950439,
-297, 49271491,
-296, 49578645,
-295, 49890427,
-294, 50223498,
-293, 50527207,
-292, 50859052,
-291, 51163495,
-290, 51471703,
-289, 51798116,
-288, 52111363,
-287, 52442234,
-286, 52779277,
-285, 53099890,
-284, 53435301,
-283, 53756428,
-282, 54082463,
-281, 54406860,
-280, 54727894,
-279, 55069316,
-278, 55400526,
-277, 55718761,
-276, 56058496,
-275, 56387075,
-274, 56726840,
-273, 57065540,
-272, 57384062,
-271, 57709795,
-270, 58072713,
-269, 58400159,
-268, 58749691,
-267, 59084847,
-266, 59425310,
-265, 59750886,
-264, 60089112,
-263, 60433622,
-262, 60784251,
-261, 61121278,
-260, 61475648,
-259, 61806215,
-258, 62150521,
-257, 62500136,
-256, 62856037,
-255, 63190017,
-254, 63524553,
-253, 63888168,
-252, 64230210,
-251, 64584852,
-250, 64935216,
-249, 65291553,
-248, 65633962,
-247, 65987998,
-246, 66324019,
-245, 66675410,
-244, 67034421,
-243, 67384488,
-242, 67729984,
-241, 68088831,
-240, 68433180,
-239, 68794546,
-238, 69131506,
-237, 69495236,
-236, 69854932,
-235, 70196767,
-234, 70577121,
-233, 70903328,
-232, 71278235,
-231, 71625479,
-230, 71969737,
-229, 72340428,
-228, 72686791,
-227, 73058236,
-226, 73418094,
-225, 73776330,
-224, 74131120,
-223, 74486283,
-222, 74831997,
-221, 75211927,
-220, 75568193,
-219, 75890136,
-218, 76281193,
-217, 76626473,
-216, 76980901,
-215, 77336398,
-214, 77698547,
-213, 78070014,
-212, 78413894,
-211, 78760312,
-210, 79122636,
-209, 79467453,
-208, 79830904,
-207, 80189451,
-206, 80545536,
-205, 80905298,
-204, 81270029,
-203, 81619767,
-202, 81965133,
-201, 82328703,
-200, 82669098,
-199, 83046364,
-198, 83394188,
-197, 83750871,
-196, 84104480,
-195, 84446938,
-194, 84826988,
-193, 85157494,
-192, 85511367,
-191, 85876247,
-190, 86233404,
-189, 86578992,
-188, 86916069,
-187, 87273017,
-186, 87620762,
-185, 87982567,
-184, 88334017,
-183, 88695810,
-182, 89014298,
-181, 89375700,
-180, 89711384,
-179, 90082899,
-178, 90413329,
-177, 90751120,
-176, 91109643,
-175, 91463593,
-174, 91787217,
-173, 92137655,
-172, 92472774,
-171, 92811484,
-170, 93178988,
-169, 93501053,
-168, 93842224,
-167, 94177925,
-166, 94507534,
-165, 94862974,
-164, 95183891,
-163, 95527780,
-162, 95861074,
-161, 96191440,
-160, 96514542,
-159, 96853753,
-158, 97197485,
-157, 97515792,
-156, 97862208,
-155, 98159738,
-154, 98487789,
-153, 98834582,
-152, 99151857,
-151, 99455972,
-150, 99784122,
-149, 100113446,
-148, 100431946,
-147, 100754858,
-146, 101071453,
-145, 101409998,
-144, 101701598,
-143, 102012073,
-142, 102319140,
-141, 102657358,
-140, 102950730,
-139, 103268124,
-138, 103551970,
-137, 103873955,
-136, 104189196,
-135, 104492869,
-134, 104800442,
-133, 105075718,
-132, 105374638,
-131, 105682364,
-130, 105993070,
-129, 106268266,
-128, 106564758,
-127, 106852151,
-126, 107157947,
-125, 107429995,
-124, 107715558,
-123, 107988076,
-122, 108326539,
-121, 108587164,
-120, 108841450,
-119, 109152909,
-118, 109434689,
-117, 109712122,
-116, 109968899,
-115, 110234147,
-114, 110539647,
-113, 110798717,
-112, 111043744,
-111, 111339424,
-110, 111585706,
-109, 111874879,
-108, 112121718,
-107, 112385488,
-106, 112617591,
-105, 112885166,
-104, 113128930,
-103, 113369257,
-102, 113639060,
-101, 113899177,
-100, 114135967,
-99, 114382144,
-98, 114617905,
-97, 114853221,
-96, 115085420,
-95, 115336412,
-94, 115572056,
-93, 115798405,
-92, 116035374,
-91, 116258083,
-90, 116481392,
-89, 116732192,
-88, 116915231,
-87, 117158757,
-86, 117361696,
-85, 117578180,
-84, 117802858,
-83, 117990796,
-82, 118229772,
-81, 118435785,
-80, 118639187,
-79, 118844150,
-78, 119049742,
-77, 119246135,
-76, 119431040,
-75, 119630534,
-74, 119828900,
-73, 120012474,
-72, 120179720,
-71, 120383348,
-70, 120565586,
-69, 120753738,
-68, 120916564,
-67, 121102474,
-66, 121247407,
-65, 121460548,
-64, 121628482,
-63, 121794914,
-62, 121941934,
-61, 122100897,
-60, 122246841,
-59, 122431910,
-58, 122574987,
-57, 122728879,
-56, 122876868,
-55, 123015223,
-54, 123144598,
-53, 123302189,
-52, 123442642,
-51, 123598937,
-50, 123732270,
-49, 123829353,
-48, 123962359,
-47, 124117047,
-46, 124245768,
-45, 124349314,
-44, 124477278,
-43, 124582763,
-42, 124680440,
-41, 124814848,
-40, 124924547,
-39, 125030547,
-38, 125110778,
-37, 125235338,
-36, 125308436,
-35, 125422833,
-34, 125527958,
-33, 125601051,
-32, 125697466,
-31, 125789437,
-30, 125860278,
-29, 125930806,
-28, 126016594,
-27, 126082530,
-26, 126144001,
-25, 126218494,
-24, 126300500,
-23, 126352618,
-22, 126432215,
-21, 126462018,
-20, 126542967,
-19, 126587815,
-18, 126637447,
-17, 126685742,
-16, 126732425,
-15, 126774934,
-14, 126815754,
-13, 126849238,
-12, 126898943,
-11, 126913955,
-10, 126953653,
-9, 126960649,
-8, 126994555,
-7, 127015487,
-6, 127031295,
-5, 127045531,
-4, 127061241,
-3, 127072803,
-2, 127085843,
-1, 127082645,
0, 127078530,
1, 127077864,
2, 127072109,
3, 127074060,
4, 127066877,
5, 127039910,
6, 127034272,
7, 127008276,
8, 127020943,
9, 126964784,
10, 126948576,
11, 126912040,
12, 126891859,
13, 126844798,
14, 126805076,
15, 126751768,
16, 126735231,
17, 126704910,
18, 126629315,
19, 126587889,
20, 126539801,
21, 126469656,
22, 126409343,
23, 126346847,
24, 126285190,
25, 126241196,
26, 126163210,
27, 126073260,
28, 126016871,
29, 125923331,
30, 125847879,
31, 125783191,
32, 125697990,
33, 125602656,
34, 125515250,
35, 125444625,
36, 125328745,
37, 125231638,
38, 125119222,
39, 125023381,
40, 124919915,
41, 124790130,
42, 124697951,
43, 124598202,
44, 124447974,
45, 124352527,
46, 124228453,
47, 124107233,
48, 123974158,
49, 123848800,
50, 123708321,
51, 123584554,
52, 123431225,
53, 123304311,
54, 123168158,
55, 123038055,
56, 122897276,
57, 122736213,
58, 122578564,
59, 122418420,
60, 122259108,
61, 122100269,
62, 121941220,
63, 121771396,
64, 121575230,
65, 121444026,
66, 121289650,
67, 121103781,
68, 120931647,
69, 120761978,
70, 120556948,
71, 120379580,
72, 120192611,
73, 119999609,
74, 119809927,
75, 119629887,
76, 119443703,
77, 119245130,
78, 119050430,
79, 118862557,
80, 118624929,
81, 118434956,
82, 118236048,
83, 117997376,
84, 117818450,
85, 117593784,
86, 117371417,
87, 117162578,
88, 116943635,
89, 116720913,
90, 116487452,
91, 116258428,
92, 116025455,
93, 115802622,
94, 115582651,
95, 115333957,
96, 115097880,
97, 114871773,
98, 114626443,
99, 114387131,
100, 114145986,
101, 113897933,
102, 113623662,
103, 113394636,
104, 113137091,
105, 112878215,
106, 112639820,
107, 112376057,
108, 112135049,
109, 111848302,
110, 111595233,
111, 111325885,
112, 111049347,
113, 110796369,
114, 110510581,
115, 110270236,
116, 109988836,
117, 109700588,
118, 109408722,
119, 109138249,
120, 108879625,
121, 108567823,
122, 108300383,
123, 108005985,
124, 107737816,
125, 107450296,
126, 107138458,
127, 106859802,
128, 106562719,
129, 106288979,
130, 105986922,
131, 105672682,
132, 105382599,
133, 105081903,
134, 104783486,
135, 104485742,
136, 104186790,
137, 103883551,
138, 103579433,
139, 103265722,
140, 102964647,
141, 102640551,
142, 102338024,
143, 102019669,
144, 101696974,
145, 101390282,
146, 101066067,
147, 100754783,
148, 100455266,
149, 100104714,
150, 99795481,
151, 99484483,
152, 99143190,
153, 98810859,
154, 98485103,
155, 98181521,
156, 97839169,
157, 97518078,
158, 97194286,
159, 96836646,
160, 96508787,
161, 96199361,
162, 95866438,
163, 95505592,
164, 95179539,
165, 94849892,
166, 94524546,
167, 94198657,
168, 93824403,
169, 93510445,
170, 93169800,
171, 92833025,
172, 92495572,
173, 92136639,
174, 91783960,
175, 91452934,
176, 91110403,
177, 90743927,
178, 90419265,
179, 90060942,
180, 89727753,
181, 89389497,
182, 89014395,
183, 88686281,
184, 88334445,
185, 87992676,
186, 87642893,
187, 87276857,
188, 86944086,
189, 86581523,
190, 86236032,
191, 85867878,
192, 85506936,
193, 85156894,
194, 84827819,
195, 84455577,
196, 84116327,
197, 83751533,
198, 83404378,
199, 83049440,
200, 82696428,
201, 82333175,
202, 81986231,
203, 81636396,
204, 81290537,
205, 80905312,
206, 80553445,
207, 80207243,
208, 79848662,
209, 79478243,
210, 79123466,
211, 78768611,
212, 78400218,
213, 78062090,
214, 77706937,
215, 77345278,
216, 76976112,
217, 76633191,
218, 76258617,
219, 75925704,
220, 75554169,
221, 75196829,
222, 74840913,
223, 74489285,
224, 74115003,
225, 73764647,
226, 73421146,
227, 73067540,
228, 72687319,
229, 72340648,
230, 71999436,
231, 71628145,
232, 71278709,
233, 70912444,
234, 70561479,
235, 70216383,
236, 69862345,
237, 69511028,
238, 69149350,
239, 68788839,
240, 68444555,
241, 68080167,
242, 67745655,
243, 67389075,
244, 67037770,
245, 66691681,
246, 66324510,
247, 65981681,
248, 65630573,
249, 65283623,
250, 64943486,
251, 64590328,
252, 64230609,
253, 63880955,
254, 63533252,
255, 63186350,
256, 62858111,
257, 62513130,
258, 62168242,
259, 61814426,
260, 61481794,
261, 61116190,
262, 60795454,
263, 60450190,
264, 60085257,
265, 59760153,
266, 59422978,
267, 59085210,
268, 58761607,
269, 58406460,
270, 58069228,
271, 57733109,
272, 57378222,
273, 57044346,
274, 56727954,
275, 56387467,
276, 56061351,
277, 55729876,
278, 55388385,
279, 55063842,
280, 54724833,
281, 54412036,
282, 54077885,
283, 53750218,
284, 53423887,
285, 53097818,
286, 52758278,
287, 52442437,
288, 52122939,
289, 51810478,
290, 51487345,
291, 51169300,
292, 50846497,
293, 50528734,
294, 50197716,
295, 49890842,
296, 49592341,
297, 49264947,
298, 48938431,
299, 48632659,
300, 48324137,
301, 48022412,
302, 47710568,
303, 47384794,
304, 47084565,
305, 46787182,
306, 46473470,
307, 46175475,
308, 45861904,
309, 45557342,
310, 45259029,
311, 44942871,
312, 44654800,
313, 44367005,
314, 44068585,
315, 43759713,
316, 43484311,
317, 43174137,
318, 42885594,
319, 42600448,
320, 42285867,
321, 42030117,
322, 41712988,
323, 41432877,
324, 41136513,
325, 40861082,
326, 40571249,
327, 40283690,
328, 39998231,
329, 39715623,
330, 39439419,
331, 39169868,
332, 38871431,
333, 38610739,
334, 38339781,
335, 38059962,
336, 37776722,
337, 37502175,
338, 37243066,
339, 36966365,
340, 36701234,
341, 36421313,
342, 36172328,
343, 35898925,
344, 35635787,
345, 35380699,
346, 35113452,
347, 34850529,
348, 34595997,
349, 34339435,
350, 34081243,
351, 33825019,
352, 33578320,
353, 33313838,
354, 33056190,
355, 32805684,
356, 32561371,
357, 32312681,
358, 32069791,
359, 31812630,
360, 31581923,
361, 31335610,
362, 31098832,
363, 30846650,
364, 30605303,
365, 30367711,
366, 30144137,
367, 29903109,
368, 29664829,
369, 29428381,
370, 29200557,
371, 28964157,
372, 28733011,
373, 28503891,
374, 28279506,
375, 28054709,
376, 27827058,
377, 27596670,
378, 27378430,
379, 27156177,
380, 26936657,
381, 26719993,
382, 26496658,
383, 26276951,
384, 26065124,
385, 25850002,
386, 25640799,
387, 25422498,
388, 25208179,
389, 24995991,
390, 24796077,
391, 24590751,
392, 24387795,
393, 24177781,
394, 23976983,
395, 23781545,
396, 23574119,
397, 23368333,
398, 23178331,
399, 22973909,
400, 22784314,
401, 22587003,
402, 22394768,
403, 22198070,
404, 22008468,
405, 21818996,
406, 21624302,
407, 21444775,
408, 21245300,
409, 21062061,
410, 20889588,
411, 20693082,
412, 20514570,
413, 20339231,
414, 20152948,
415, 19965414,
416, 19795849,
417, 19624262,
418, 19442060,
419, 19276744,
420, 19097608,
421, 18922788,
422, 18746473,
423, 18587835,
424, 18421612,
425, 18243869,
426, 18085620,
427, 17921032,
428, 17760211,
429, 17593324,
430, 17433776,
431, 17273919,
432, 17108841,
433, 16947888,
434, 16798320,
435, 16634425,
436, 16485360,
437, 16335094,
438, 16174649,
439, 16030282,
440, 15874073,
441, 15735668,
442, 15572465,
443, 15430460,
444, 15280645,
445, 15141864,
446, 14995020,
447, 14854051,
448, 14711889,
449, 14571224,
450, 14430922,
451, 14289227,
452, 14152011,
453, 14012517,
454, 13875015,
455, 13747198,
456, 13609535,
457, 13474577,
458, 13348965,
459, 13213028,
460, 13086276,
461, 12960249,
462, 12832381,
463, 12704645,
464, 12577891,
465, 12445367,
466, 12326356,
467, 12204983,
468, 12079810,
469, 11958623,
470, 11841461,
471, 11708160,
472, 11604100,
473, 11479988,
474, 11365824,
475, 11253133,
476, 11146177,
477, 11029842,
478, 10912401,
479, 10798030,
480, 10688824,
481, 10576879,
482, 10473834,
483, 10363997,
484, 10256460,
485, 10151437,
486, 10046588,
487, 9941960,
488, 9839793,
489, 9734127,
490, 9638543,
491, 9533803,
492, 9434345,
493, 9328362,
494, 9234614,
495, 9139005,
496, 9043214,
497, 8943061,
498, 8849075,
499, 8752224,
500, 8658504,
501, 8572894,
502, 8472825,
503, 8381445,
504, 8294925,
505, 8204000,
506, 8117334,
507, 8027912,
508, 7940489,
509, 7852834,
510, 7769714,
511, 7687682,
512, 7599664,
513, 7514869,
514, 7436550,
515, 7350616,
516, 7271862,
517, 7192495,
518, 7114337,
519, 7032560,
520, 6956165,
521, 6881533,
522, 6800649,
523, 6724384,
524, 6650077,
525, 6581006,
526, 6504813,
527, 6427882,
528, 6358008,
529, 6283151,
530, 6209037,
531, 6146682,
532, 6079234,
533, 6002222,
534, 5936973,
535, 5865523,
536, 5804274,
537, 5735272,
538, 5668200,
539, 5608036,
540, 5535801,
541, 5475316,
542, 5414196,
543, 5352500,
544, 5288461,
545, 5225833,
546, 5163291,
547, 5103769,
548, 5048842,
549, 4981644,
550, 4924331,
551, 4869584,
552, 4809293,
553, 4753157,
554, 4699910,
555, 4642622,
556, 4587203,
557, 4533306,
558, 4481434,
559, 4424945,
560, 4373873,
561, 4321895,
562, 4268646,
563, 4219097,
564, 4166100,
565, 4119392,
566, 4067123,
567, 4015450,
568, 3968715,
569, 3922564,
570, 3873996,
571, 3824065,
572, 3783281,
573, 3737939,
574, 3686135,
575, 3642769,
576, 3599809,
577, 3556387,
578, 3509679,
579, 3463829,
580, 3423158,
581, 3384302,
582, 3338257,
583, 3297243,
584, 3254143,
585, 3214070,
586, 3178562,
587, 3138659,
588, 3094334,
589, 3055921,
590, 3017483,
591, 2980732,
592, 2943660,
593, 2907378,
594, 2868033,
595, 2830904,
596, 2796392,
597, 2762217,
598, 2726414,
599, 2691342,
600, 2656158,
601, 2625062,
602, 2591568,
603, 2555880,
604, 2520826,
605, 2489330,
606, 2458639,
607, 2426488,
608, 2394893,
609, 2360033,
610, 2335205,
611, 2302470,
612, 2272217,
613, 2240538,
614, 2214089,
615, 2182177,
616, 2156461,
617, 2129641,
618, 2099309,
619, 2071183,
620, 2046004,
621, 2014794,
622, 1988158,
623, 1963997,
624, 1938132,
625, 1912387,
626, 1885323,
627, 1859977,
628, 1835569,
629, 1809423,
630, 1787917,
631, 1762244,
632, 1738879,
633, 1715104,
634, 1691608,
635, 1670263,
636, 1644486,
637, 1625064,
638, 1602828,
639, 1579248,
640, 1559279,
641, 1537682,
642, 1518552,
643, 1497830,
644, 1476195,
645, 1457224,
646, 1433943,
647, 1415779,
648, 1394374,
649, 1377721,
650, 1355544,
651, 1337508,
652, 1318057,
653, 1300839,
654, 1282292,
655, 1265770,
656, 1247658,
657, 1230920,
658, 1213645,
659, 1195409,
660, 1179700,
661, 1161951,
662, 1148695,
663, 1129603,
664, 1113486,
665, 1096801,
666, 1083957,
667, 1065807,
668, 1051788,
669, 1037629,
670, 1021826,
671, 1006021,
672, 993606,
673, 977152,
674, 965355,
675, 953188,
676, 935513,
677, 924279,
678, 910794,
679, 896031,
680, 883711,
681, 871940,
682, 857681,
683, 845244,
684, 835311,
685, 821718,
686, 809114,
687, 796622,
688, 785982,
689, 773952,
690, 762697,
691, 751578,
692, 741573,
693, 728349,
694, 719198,
695, 708732,
696, 698970,
697, 687652,
698, 676413,
699, 667889,
700, 656275,
701, 647198,
702, 636744,
703, 628438,
704, 617441,
705, 608224,
706, 598155,
707, 591316,
708, 581622,
709, 573333,
710, 565090,
711, 556606,
712, 547259,
713, 539230,
714, 530889,
715, 523673,
716, 515975,
717, 507132,
718, 498504,
719, 492703,
720, 485290,
721, 476038,
722, 469158,
723, 462871,
724, 454946,
725, 448526,
726, 442007,
727, 435416,
728, 428076,
729, 421048,
730, 414542,
731, 407627,
732, 401647,
733, 394852,
734, 390241,
735, 383190,
736, 377669,
737, 371624,
738, 365952,
739, 360054,
740, 353529,
741, 348687,
742, 342451,
743, 337432,
744, 332007,
745, 326933,
746, 321716,
747, 317593,
748, 312832,
749, 306260,
750, 301811,
751, 296685,
752, 292593,
753, 287160,
754, 282845,
755, 279210,
756, 273996,
757, 269794,
758, 264394,
759, 260373,
760, 255610,
761, 252500,
762, 248043,
763, 244285,
764, 239883,
765, 237341,
766, 231781,
767, 228434,
768, 224535,
769, 221154,
770, 218214,
771, 213133,
772, 210999,
773, 207047,
774, 203943,
775, 200036,
776, 197594,
777, 193862,
778, 190256,
779, 187205,
780, 184207,
781, 180882,
782, 178133,
783, 175053,
784, 172461,
785, 170215,
786, 166290,
787, 163681,
788, 161786,
789, 158041,
790, 156027,
791, 152548,
792, 150139,
793, 148192,
794, 145326,
795, 143437,
796, 140168,
797, 137542,
798, 135350,
799, 133778,
800, 131324,
801, 129300,
802, 127000,
803, 125039,
804, 122359,
805, 120055,
806, 118227,
807, 116085,
808, 114123,
809, 112565,
810, 110041,
811, 108663,
812, 106194,
813, 104850,
814, 102673,
815, 101265,
816, 99949,
817, 97609,
818, 95830,
819, 94616,
820, 92180,
821, 90896,
822, 89081,
823, 88088,
824, 86128,
825, 84255,
826, 82926,
827, 81561,
828, 80234,
829, 78653,
830, 77812,
831, 76062,
832, 74647,
833, 73307,
834, 71969,
835, 70954,
836, 69745,
837, 68521,
838, 67212,
839, 66022,
840, 64854,
841, 64076,
842, 62725,
843, 61712,
844, 60254,
845, 59615,
846, 58377,
847, 56870,
848, 56362,
849, 54800,
850, 54410,
851, 53453,
852, 52617,
853, 51381,
854, 50159,
855, 49114,
856, 48615,
857, 47452,
858, 46731,
859, 45992,
860, 44596,
861, 44111,
862, 43155,
863, 42604,
864, 41634,
865, 41406,
866, 40500,
867, 39711,
868, 39072,
869, 38026,
870, 37132,
871, 36824,
872, 36045,
873, 35415,
874, 34568,
875, 33976,
876, 33508,
877, 32702,
878, 31858,
879, 31180,
880, 31161,
881, 30181,
882, 29759,
883, 29078,
884, 28662,
885, 27997,
886, 27616,
887, 26995,
888, 26534,
889, 25838,
890, 25590,
891, 25183,
892, 24452,
893, 23935,
894, 23604,
895, 23372,
896, 22654,
897, 22314,
898, 21946,
899, 21534,
900, 21107,
901, 20506,
902, 20116,
903, 19815,
904, 19602,
905, 19044,
906, 18884,
907, 18403,
908, 17928,
909, 17732,
910, 17365,
911, 17082,
912, 16691,
913, 16320,
914, 15832,
915, 15729,
916, 15328,
917, 15105,
918, 14839,
919, 14733,
920, 14260,
921, 13949,
922, 13690,
923, 13565,
924, 13220,
925, 12990,
926, 12795,
927, 12296,
928, 12288,
929, 11923,
930, 11599,
931, 11532,
932, 11504,
933, 11018,
934, 10693,
935, 10809,
936, 10553,
937, 10173,
938, 9986,
939, 9779,
940, 9500,
941, 9515,
942, 9090,
943, 9119,
944, 8876,
945, 8728,
946, 8372,
947, 8441,
948, 8289,
949, 8023,
950, 7739,
951, 7823,
952, 7590,
953, 7410,
954, 7190,
955, 6852,
956, 6820,
957, 6846,
958, 6519,
959, 6335,
960, 6527,
961, 6240,
962, 6163,
963, 5954,
964, 5826,
965, 5626,
966, 5593,
967, 5581,
968, 5351,
969, 5231,
970, 5247,
971, 4889,
972, 4920,
973, 4891,
974, 4668,
975, 4735,
976, 4554,
977, 4432,
978, 4286,
979, 4188,
980, 4212,
981, 4080,
982, 4034,
983, 3963,
984, 3740,
985, 3757,
986, 3809,
987, 3613,
988, 3620,
989, 3539,
990, 3475,
991, 3353,
992, 3264,
993, 3219,
994, 3153,
995, 2957,
996, 2959,
997, 3023,
998, 2865,
999, 2833,
1000, 2774,
1001, 2625,
1002, 2555,
1003, 2556,
1004, 2585,
1005, 2473,
1006, 2381,
1007, 2382,
1008, 2257,
1009, 2348,
1010, 2105,
1011, 2215,
1012, 2161,
1013, 2076,
1014, 2064,
1015, 2015,
1016, 1968,
1017, 1848,
1018, 1825,
1019, 1820,
1020, 1766,
1021, 1734,
1022, 1722,
1023, 1686,
1024, 1626,
1025, 1543,
1026, 1544,
1027, 1591,
1028, 1424,
1029, 1466,
1030, 1431,
1031, 1397,
1032, 1352,
1033, 1338,
1034, 1264,
1035, 1275,
1036, 1246,
1037, 1215,
1038, 1192,
1039, 1176,
1040, 1137,
1041, 1063,
1042, 1101,
1043, 1100,
1044, 1014,
1045, 1010,
1046, 995,
1047, 1026,
1048, 959,
1049, 1044,
1050, 916,
1051, 927,
1052, 930,
1053, 823,
1054, 862,
1055, 806,
1056, 827,
1057, 796,
1058, 752,
1059, 770,
1060, 711,
1061, 735,
1062, 636,
1063, 682,
1064, 649,
1065, 642,
1066, 632,
1067, 634,
1068, 567,
1069, 607,
1070, 579,
1071, 536,
1072, 594,
1073, 532,
1074, 525,
1075, 551,
1076, 515,
1077, 514,
1078, 452,
1079, 448,
1080, 456,
1081, 466,
1082, 418,
1083, 411,
1084, 432,
1085, 427,
1086, 416,
1087, 379,
1088, 387,
1089, 354,
1090, 386,
1091, 356,
1092, 337,
1093, 355,
1094, 340,
1095, 335,
1096, 326,
1097, 296,
1098, 319,
1099, 313,
1100, 283,
1101, 289,
1102, 276,
1103, 276,
1104, 234,
1105, 253,
1106, 251,
1107, 256,
1108, 238,
1109, 194,
1110, 211,
1111, 212,
1112, 206,
1113, 223,
1114, 217,
1115, 189,
1116, 197,
1117, 183,
1118, 196,
1119, 189,
1120, 181,
1121, 162,
1122, 175,
1123, 172,
1124, 152,
1125, 157,
1126, 154,
1127, 174,
1128, 155,
1129, 167,
1130, 147,
1131, 136,
1132, 146,
1133, 126,
1134, 111,
1135, 141,
1136, 123,
1137, 116,
1138, 123,
1139, 110,
1140, 113,
1141, 119,
1142, 107,
1143, 121,
1144, 108,
1145, 111,
1146, 102,
1147, 78,
1148, 82,
1149, 102,
1150, 99,
1151, 84,
1152, 71,
1153, 85,
1154, 82,
1155, 81,
1156, 65,
1157, 66,
1158, 66,
1159, 67,
1160, 59,
1161, 57,
1162, 61,
1163, 59,
1164, 59,
1165, 69,
1166, 57,
1167, 62,
1168, 53,
1169, 55,
1170, 58,
1171, 38,
1172, 54,
1173, 44,
1174, 61,
1175, 48,
1176, 42,
1177, 31,
1178, 44,
1179, 36,
1180, 38,
1181, 49,
1182, 47,
1183, 41,
1184, 43,
1185, 32,
1186, 30,
1187, 34,
1188, 28,
1189, 28,
1190, 30,
1191, 32,
1192, 29,
1193, 31,
1194, 26,
1195, 34,
1196, 37,
1197, 27,
1198, 23,
1199, 23,
1200, 31,
1201, 20,
1202, 20,
1203, 15,
1204, 29,
1205, 20,
1206, 19,
1207, 20,
1208, 14,
1209, 23,
1210, 20,
1211, 25,
1212, 18,
1213, 14,
1214, 23,
1215, 27,
1216, 16,
1217, 17,
1218, 14,
1219, 17,
1220, 14,
1221, 14,
1222, 17,
1223, 19,
1224, 15,
1225, 14,
1226, 12,
1227, 7,
1228, 15,
1229, 7,
1230, 8,
1231, 14,
1232, 9,
1233, 16,
1234, 11,
1235, 12,
1236, 8,
1237, 5,
1238, 6,
1239, 9,
1240, 8,
1241, 10,
1242, 7,
1243, 9,
1244, 8,
1245, 10,
1246, 10,
1247, 3,
1248, 1,
1249, 3,
1250, 6,
1251, 1,
1252, 4,
1253, 5,
1254, 6,
1255, 4,
1256, 3,
1257, 1,
1258, 8,
1259, 5,
1260, 9,
1261, 5,
1262, 5,
1263, 4,
1264, 3,
1265, 4,
1266, 1,
1267, 7,
1268, 2,
1269, 6,
1270, 3,
1271, 6,
1272, 5,
1273, 3,
1274, 7,
1275, 4,
1276, 0,
1277, 1,
1278, 3,
1279, 2,
1280, 5,
1281, 4,
1282, 2,
1283, 3,
1284, 1,
1285, 4,
1286, 3,
1287, 0,
1288, 3,
1289, 2,
1290, 1,
1291, 1,
1292, 1,
1293, 1,
1294, 2,
1295, 3,
1296, 2,
1297, 3,
1298, 3,
1299, 3,
1300, 3,
1301, 1,
1302, 1,
1303, 4,
1304, 0,
1305, 3,
1306, 0,
1307, 0,
1308, 3,
1309, 1,
1310, 0,
1311, 1,
1312, 0,
1313, 1,
1314, 1,
1315, 0,
1316, 0,
1317, 1,
1318, 3,
1319, 2,
1320, 0,
1321, 2,
1322, 0,
1323, 0,
1324, 1,
1325, 1,
1326, 3,
1327, 3,
1328, 1,
1329, 0,
1330, 0,
1331, 1,
1332, 0,
1333, 2,
1334, 2,
1335, 0,
1336, 0,
1337, 0,
1338, 2,
1339, 0,
1340, 1,
1341, 1,
1342, 0,
1343, 1,
1344, 0,
1345, 3,
1346, 0,
1347, 0,
1348, 0,
1349, 0,
1350, 0,
1351, 0,
1352, 1,
1353, 1,
1354, 1,
1355, 2,
1356, 1,
1357, 0,
1358, 0,
1359, 2,
1360, 1,
1361, 0,
1362, 0,
1363, 0,
1364, 0,
1365, 1,
1366, 0,
1367, 0,
1368, 1,
1369, 0,
1370, 0,
1371, 0,
1372, 1,
1373, 0,
1374, 0,
1375, 0,
1376, 0,
1377, 0,
1378, 0,
1379, 0,
1380, 0,
1381, 0,
1382, 1,
1383, 0,
1384, 2,
1385, 0,
1386, 1,
1387, 0,
1388, 0,
1389, 0,
1390, 0,
1391, 0,
1392, 0,
1393, 1,
1394, 0,
1395, 0,
1396, 0,
1397, 0,
1398, 0,
1399, 1,
1400, 0,
1401, 0,
1402, 2,
1403, 0,
1404, 0,
1405, 0,
1406, 0,
1407, 0,
1408, 0,
1409, 0,
1410, 0,
1411, 0,
1412, 0,
1413, 0,
1414, 0,
1415, 0,
1416, 0,
1417, 0,
1418, 0,
1419, 0,
1420, 0,
1421, 0,
1422, 0,
1423, 0,
1424, 0,
1425, 0,
1426, 0,
1427, 0,
1428, 0,
1429, 0,
1430, 0,
1431, 0,
1432, 0,
1433, 0,
1434, 0,
1435, 0,
1436, 0,
1437, 0,
1438, 0,
1439, 0,
1440, 0,
1441, 0,
1442, 0,
1443, 0,
1444, 0,
1445, 0,
1446, 0,
1447, 0,
1448, 0,
1449, 0,
1450, 0,
1451, 0,
1452, 0,
1453, 0,
1454, 0,
1455, 0,
1456, 0,
1457, 0,
1458, 0,
1459, 0,
1460, 0,
1461, 0,
1462, 1,
1463, 0,
1464, 0,
1465, 0,
1466, 0,
1467, 0,
1468, 0,
1469, 0,
1470, 0,
1471, 0,
1472, 0,
1473, 0,
1474, 0,
1475, 0,
1476, 0,
1477, 0,
1478, 0,
1479, 0,
1480, 0,
1481, 0,
1482, 0,
1483, 0,
1484, 0,
1485, 0,
1486, 0,
1487, 1,
1488, 0,
1489, 0,
1490, 0,
1491, 0,
1492, 0,
1493, 0,
1494, 0,
1495, 0,
1496, 0,
1497, 0,
1498, 0,
1499, 0,
1500, 0,
1501, 0,
1502, 0,
1503, 0,
1504, 0,
1505, 0,
1506, 0,
1507, 0,
1508, 0,
1509, 0,
1510, 0,
1511, 0,
1512, 0,
1513, 0,
1514, 0,
1515, 0,
1516, 0,
1517, 0,
1518, 0,
1519, 0,
1520, 0,
1521, 0,
1522, 0,
1523, 0,
1524, 0,
1525, 0,
1526, 0,
1527, 0,
1528, 0,
1529, 0,
1530, 0,
1531, 0,
1532, 0,
1533, 0,
1534, 0,
1535, 0,
1536, 0,
1537, 0,
1538, 0,
1539, 0,
1540, 0,
1541, 0,
1542, 0,
1543, 0,
1544, 0,
1545, 0,
1546, 0,
1547, 0,
1548, 0,
1549, 0,
1550, 0,
1551, 0,
1552, 0,
1553, 0,
1554, 0,
1555, 0,
1556, 0,
1557, 0,
1558, 0,
1559, 0,
1560, 0,
1561, 0,
1562, 0,
1563, 0,
1564, 0,
1565, 0,
1566, 0,
1567, 0,
1568, 0,
1569, 0,
1570, 0,
1571, 0,
1572, 0,
1573, 0,
1574, 0,
1575, 0,
1576, 0,
1577, 0,
1578, 0,
1579, 0,
1580, 0,
1581, 0,
1582, 0,
1583, 0,
1584, 0,
1585, 0,
1586, 0,
1587, 0,
1588, 0,
1589, 0,
1590, 0,
1591, 0,
1592, 0,
1593, 0,
1594, 0,
1595, 0,
1596, 0,
1597, 0,
1598, 0,
1599, 0,
1600, 0,
1601, 0,
1602, 0,
1603, 0,
1604, 0,
1605, 0,
1606, 0,
1607, 0,
1608, 0,
1609, 0,
1610, 0,
1611, 0,
1612, 0,
1613, 0,
1614, 0,
1615, 0,
1616, 0,
1617, 0,
1618, 0,
1619, 0,
1620, 0,
1621, 0,
1622, 0,
1623, 0,
1624, 0,
1625, 0,
1626, 0,
1627, 0,
1628, 0,
1629, 0,
1630, 0,
1631, 0,
1632, 0,
1633, 0,
1634, 0,
1635, 0,
1636, 0,
1637, 0,
1638, 0,
1639, 0,
1640, 0,
1641, 0,
1642, 0,
1643, 0,
1644, 0,
1645, 0,
1646, 0,
1647, 0,
1648, 0,
1649, 0,
1650, 0,
1651, 0,
1652, 0,
1653, 0,
1654, 0,
1655, 0,
1656, 0,
1657, 0,
1658, 0,
1659, 0,
1660, 0,
1661, 0,
1662, 0,
1663, 0,
1664, 0,
1665, 0,
1666, 0,
1667, 0,
1668, 0,
1669, 0,
1670, 0,
1671, 0,
1672, 0,
1673, 0,
1674, 0,
1675, 0,
1676, 0,
1677, 0,
1678, 0,
1679, 0,
1680, 0,
1681, 0,
1682, 0,
1683, 0,
1684, 0,
1685, 0,
1686, 0,
1687, 0,
1688, 0,
1689, 0,
1690, 0,
1691, 0,
1692, 0,
1693, 0,
1694, 0,
1695, 0,
1696, 0,
1697, 0,
1698, 0,
1699, 0,
1700, 0,
1701, 0,
1702, 0,
1703, 0,
1704, 0,
1705, 0,
1706, 0,
1707, 0,
1708, 0,
1709, 0,
1710, 0,
1711, 0,
1712, 0,
1713, 0,
1714, 0,
1715, 0,
1716, 0,
1717, 0,
1718, 0,
1719, 0,
1720, 0,
1721, 0,
1722, 0,
1723, 0,
1724, 0,
1725, 0,
1726, 0,
1727, 0,
1728, 0,
1729, 0,
1730, 0,
1731, 0,
1732, 0,
1733, 0,
1734, 0,
1735, 0,
1736, 0,
1737, 0,
1738, 0,
1739, 0,
1740, 0,
1741, 0,
1742, 0,
1743, 0,
1744, 0,
1745, 0,
1746, 0,
1747, 0,
1748, 0,
1749, 0,
1750, 0,
1751, 0,
1752, 0,
1753, 0,
1754, 0,
1755, 0,
1756, 0,
1757, 0,
1758, 0,
1759, 0,
1760, 0,
1761, 0,
1762, 0,
1763, 0,
1764, 0,
1765, 0,
1766, 0,
1767, 0,
1768, 0,
1769, 0,
1770, 0,
1771, 0,
1772, 0,
1773, 0,
1774, 0,
1775, 0,
1776, 0,
1777, 0,
1778, 0,
1779, 0,
1780, 0,
1781, 0,
1782, 0,
1783, 0,
1784, 0,
1785, 0,
1786, 0,
1787, 0,
1788, 0,
1789, 0,
1790, 0,
1791, 0,
1792, 0,
1793, 0,
1794, 0,
1795, 0,
1796, 0,
1797, 0,
1798, 0,
1799, 0,
1800, 0,
1801, 0,
1802, 0,
1803, 0,
1804, 0,
1805, 0,
1806, 0,
1807, 0,
1808, 0,
1809, 0,
1810, 0,
1811, 0,
1812, 0,
1813, 0,
1814, 0,
1815, 0,
1816, 0,
1817, 0,
1818, 0,
1819, 0,
1820, 0,
1821, 0,
1822, 0,
1823, 0,
1824, 0,
1825, 0,
1826, 0,
1827, 0,
1828, 0,
1829, 0,
1830, 0,
1831, 0,
1832, 0,
1833, 0,
1834, 0,
1835, 0,
1836, 0,
1837, 0,
1838, 0,
1839, 0,
1840, 0,
1841, 0,
1842, 0,
1843, 0,
1844, 0,
1845, 0,
1846, 0,
1847, 0,
1848, 0,
1849, 0,
1850, 0,
1851, 0,
1852, 0,
1853, 0,
1854, 0,
1855, 0,
1856, 0,
1857, 0,
1858, 0,
1859, 0,
1860, 0,
1861, 0,
1862, 0,
1863, 0,
1864, 0,
1865, 0,
1866, 0,
1867, 0,
1868, 0,
1869, 0,
1870, 0,
1871, 0,
1872, 0,
1873, 0,
1874, 0,
1875, 0,
1876, 0,
1877, 0,
1878, 0,
1879, 0,
1880, 0,
1881, 0,
1882, 0,
1883, 0,
1884, 0,
1885, 0,
1886, 0,
1887, 0,
1888, 0,
1889, 0,
1890, 0,
1891, 0,
1892, 0,
1893, 0,
1894, 0,
1895, 0,
1896, 0,
1897, 0,
1898, 0,
1899, 0,
1900, 0,
1901, 0,
1902, 0,
1903, 0,
1904, 0,
1905, 0,
1906, 0,
1907, 0,
1908, 0,
1909, 0,
1910, 0,
1911, 0,
1912, 0,
1913, 0,
1914, 0,
1915, 0,
1916, 0,
1917, 0,
1918, 0,
1919, 0,
1920, 0,
1921, 0,
1922, 0,
1923, 0,
1924, 0,
1925, 0,
1926, 0,
1927, 0,
1928, 0,
1929, 0,
1930, 0,
1931, 0,
1932, 0,
1933, 0,
1934, 0,
1935, 0,
1936, 0,
1937, 0,
1938, 0,
1939, 0,
1940, 0,
1941, 0,
1942, 0,
1943, 0,
1944, 0,
1945, 0,
1946, 0,
1947, 0,
1948, 0,
1949, 0,
1950, 0,
1951, 0,
1952, 0,
1953, 0,
1954, 0,
1955, 0,
1956, 0,
1957, 0,
1958, 0,
1959, 0,
1960, 0,
1961, 0,
1962, 0,
1963, 0,
1964, 0,
1965, 0,
1966, 0,
1967, 0,
1968, 0,
1969, 0,
1970, 0,
1971, 0,
1972, 0,
1973, 0,
1974, 0,
1975, 0,
1976, 0,
1977, 0,
1978, 0,
1979, 0,
1980, 0,
1981, 0,
1982, 0,
1983, 0,
1984, 0,
1985, 0,
1986, 0,
1987, 0,
1988, 0,
1989, 0,
1990, 0,
1991, 0,
1992, 0,
1993, 0,
1994, 0,
1995, 0,
1996, 0,
1997, 0,
1998, 0,
1999, 0,
2000, 0,
2001, 0,
2002, 0,
2003, 0,
2004, 0,
2005, 0,
2006, 0,
2007, 0,
2008, 0,
2009, 0,
2010, 0,
2011, 0,
2012, 0,
2013, 0,
2014, 0,
2015, 0,
2016, 0,
2017, 0,
2018, 0,
2019, 0,
2020, 0,
2021, 0,
2022, 0,
2023, 0,
2024, 0,
2025, 0,
2026, 0,
2027, 0,
2028, 0,
2029, 0,
2030, 0,
2031, 0,
2032, 0,
2033, 0,
2034, 0,
2035, 0,
2036, 0,
2037, 0,
2038, 0,
2039, 0,
2040, 0,
2041, 0,
2042, 0,
2043, 0,
2044, 0,
2045, 0,
2046, 0,
2047, 0,
2048, 0,
2049, 0,
2050, 0,
2051, 0,
2052, 0,
2053, 0,
2054, 0,
2055, 0,
2056, 0,
2057, 0,
2058, 0,
2059, 0,
2060, 0,
2061, 0,
2062, 0,
2063, 0,
2064, 0,
2065, 0,
2066, 0,
2067, 0,
2068, 0,
2069, 0,
2070, 0,
2071, 0,
2072, 0,
2073, 0,
2074, 0,
2075, 0,
2076, 0,
2077, 0,
2078, 0,
2079, 0,
2080, 0,
2081, 0,
2082, 0,
2083, 0,
2084, 0,
2085, 0,
2086, 0,
2087, 0,
2088, 0,
2089, 0,
2090, 0,
2091, 0,
2092, 0,
2093, 0,
2094, 0,
2095, 0,
2096, 0,
2097, 0,
2098, 0,
2099, 0,
2100, 0,
2101, 0,
2102, 0,
2103, 0,
2104, 0,
2105, 0,
2106, 0,
2107, 0,
2108, 0,
2109, 0,
2110, 0,
2111, 0,
2112, 0,
2113, 0,
2114, 0,
2115, 0,
2116, 0,
2117, 0,
2118, 0,
2119, 0,
2120, 0,
2121, 0,
2122, 0,
2123, 0,
2124, 0,
2125, 0,
2126, 0,
2127, 0,
2128, 0,
2129, 0,
2130, 0,
2131, 0,
2132, 0,
2133, 0,
2134, 0,
2135, 0,
2136, 0,
2137, 0,
2138, 0,
2139, 0,
2140, 0,
2141, 0,
2142, 0,
2143, 0,
2144, 0,
2145, 0,
2146, 0,
2147, 0,
2148, 0,
2149, 0,
2150, 0,
2151, 0,
2152, 0,
2153, 0,
2154, 0,
2155, 0,
2156, 0,
2157, 0,
2158, 0,
2159, 0,
2160, 0,
2161, 0,
2162, 0,
2163, 0,
2164, 0,
2165, 0,
2166, 0,
2167, 0,
2168, 0,
2169, 0,
2170, 0,
2171, 0,
2172, 0,
2173, 0,
2174, 0,
2175, 0,
2176, 0,
2177, 0,
2178, 0,
2179, 0,
2180, 0,
2181, 0,
2182, 0,
2183, 0,
2184, 0,
2185, 0,
2186, 0,
2187, 0,
2188, 0,
2189, 0,
2190, 0,
2191, 0,
2192, 0,
2193, 0,
2194, 0,
2195, 0,
2196, 0,
2197, 0,
2198, 0,
2199, 0,
2200, 0,
2201, 0,
2202, 0,
2203, 0,
2204, 0,
2205, 0,
2206, 0,
2207, 0,
2208, 0,
2209, 0,
2210, 0,
2211, 0,
2212, 0,
2213, 0,
2214, 0,
2215, 0,
2216, 0,
2217, 0,
2218, 0,
2219, 0,
2220, 0,
2221, 0,
2222, 0,
2223, 0,
2224, 0,
2225, 0,
2226, 0,
2227, 0,
2228, 0,
2229, 0,
2230, 0,
2231, 0,
2232, 0,
2233, 0,
2234, 0,
2235, 0,
2236, 0,
2237, 0,
2238, 0,
2239, 0,
2240, 0,
2241, 0,
2242, 0,
2243, 0,
2244, 0,
2245, 0,
2246, 0,
2247, 0,
2248, 0,
2249, 0,
2250, 0,
2251, 0,
2252, 0,
2253, 0,
2254, 0,
2255, 0,
2256, 0,
2257, 0,
2258, 0,
2259, 0,
2260, 0,
2261, 0,
2262, 0,
2263, 0,
2264, 0,
2265, 0,
2266, 0,
2267, 0,
2268, 0,
2269, 0,
2270, 0,
2271, 0,
2272, 0,
2273, 0,
2274, 0,
2275, 0,
2276, 0,
2277, 0,
2278, 0,
2279, 0,
2280, 0,
2281, 0,
2282, 0,
2283, 0,
2284, 0,
2285, 0,
2286, 0,
2287, 0,
2288, 0,
2289, 0,
2290, 0,
2291, 0,
2292, 0,
2293, 0,
2294, 0,
2295, 0,
2296, 0,
2297, 0,
2298, 0,
2299, 0,
2300, 0,
2301, 0,
2302, 0,
2303, 0,
2304, 0,
2305, 0,
2306, 0,
2307, 0,
2308, 0,
2309, 0,
2310, 0,
2311, 0,
2312, 0,
2313, 0,
2314, 0,
2315, 0,
2316, 0,
2317, 0,
2318, 0,
2319, 0,
2320, 0,
2321, 0,
2322, 0,
2323, 0,
2324, 0,
2325, 0,
2326, 0,
2327, 0,
2328, 0,
2329, 0,
2330, 0,
2331, 0,
2332, 0,
2333, 0,
2334, 0,
2335, 0,
2336, 0,
2337, 0,
2338, 0,
2339, 0,
2340, 0,
2341, 0,
2342, 0,
2343, 0,
2344, 0,
2345, 0,
2346, 0,
2347, 0,
2348, 0,
2349, 0,
2350, 0,
2351, 0,
2352, 0,
2353, 0,
2354, 0,
2355, 0,
2356, 0,
2357, 0,
2358, 0,
2359, 0,
2360, 0,
2361, 0,
2362, 0,
2363, 0,
2364, 0,
2365, 0,
2366, 0,
2367, 0,
2368, 0,
2369, 0,
2370, 0,
2371, 0,
2372, 0,
2373, 0,
2374, 0,
2375, 0,
2376, 0,
2377, 0,
2378, 0,
2379, 0,
2380, 0,
2381, 0,
2382, 0,
2383, 0,
2384, 0,
2385, 0,
2386, 0,
2387, 0,
2388, 0,
2389, 0,
2390, 0,
2391, 0,
2392, 0,
2393, 0,
2394, 0,
2395, 0,
2396, 0,
2397, 0,
2398, 0,
2399, 0,
2400, 0,
2401, 0,
2402, 0,
2403, 0,
2404, 0,
2405, 0,
2406, 0,
2407, 0,
2408, 0,
2409, 0,
2410, 0,
2411, 0,
2412, 0,
2413, 0,
2414, 0,
2415, 0,
2416, 0,
2417, 0,
2418, 0,
2419, 0,
2420, 0,
2421, 0,
2422, 0,
2423, 0,
2424, 0,
2425, 0,
2426, 0,
2427, 0,
2428, 0,
2429, 0,
2430, 0,
2431, 0,
2432, 0,
2433, 0,
2434, 0,
2435, 0,
2436, 0,
2437, 0,
2438, 0,
2439, 0,
2440, 0,
2441, 0,
2442, 0,
2443, 0,
2444, 0,
2445, 0,
2446, 0,
2447, 0,
2448, 0,
2449, 0,
2450, 0,
2451, 0,
2452, 0,
2453, 0,
2454, 0,
2455, 0,
2456, 0,
2457, 0,
2458, 0,
2459, 0,
2460, 0,
2461, 0,
2462, 0,
2463, 0,
2464, 0,
2465, 0,
2466, 0,
2467, 0,
2468, 0,
2469, 0,
2470, 0,
2471, 0,
2472, 0,
2473, 0,
2474, 0,
2475, 0,
2476, 0,
2477, 0,
2478, 0,
2479, 0,
2480, 0,
2481, 0,
2482, 0,
2483, 0,
2484, 0,
2485, 0,
2486, 0,
2487, 0,
2488, 0,
2489, 0,
2490, 0,
2491, 0,
2492, 0,
2493, 0,
2494, 0,
2495, 0,
2496, 0,
2497, 0,
2498, 0,
2499, 0,
2500, 0,
2501, 0,
2502, 0,
2503, 0,
2504, 0,
2505, 0,
2506, 0,
2507, 0,
2508, 0,
2509, 0,
2510, 0,
2511, 0,
2512, 0,
2513, 0,
2514, 0,
2515, 0,
2516, 0,
2517, 0,
2518, 0,
2519, 0,
2520, 0,
2521, 0,
2522, 0,
2523, 0,
2524, 0,
2525, 0,
2526, 0,
2527, 0,
2528, 0,
2529, 0,
2530, 0,
2531, 0,
2532, 0,
2533, 0,
2534, 0,
2535, 0,
2536, 0,
2537, 0,
2538, 0,
2539, 0,
2540, 0,
2541, 0,
2542, 0,
2543, 0,
2544, 0,
2545, 0,
2546, 0,
2547, 0,
2548, 0,
2549, 0,
2550, 0,
2551, 0,
2552, 0,
2553, 0,
2554, 0,
2555, 0,
2556, 0,
2557, 0,
2558, 0,
2559, 0,
2560, 0,
2561, 0,
2562, 0,
2563, 0,
2564, 0,
2565, 0,
2566, 0,
2567, 0,
2568, 0,
2569, 0,
2570, 0,
2571, 0,
2572, 0,
2573, 0,
2574, 0,
2575, 0,
2576, 0,
2577, 0,
2578, 0,
2579, 0,
2580, 0,
2581, 0,
2582, 0,
2583, 0,
2584, 0,
2585, 0,
2586, 0,
2587, 0,
2588, 0,
2589, 0,
2590, 0,
2591, 0,
2592, 0,
2593, 0,
2594, 0,
2595, 0,
2596, 0,
2597, 0,
2598, 0,
2599, 0,
2600, 0,
2601, 0,
2602, 0,
2603, 0,
2604, 0,
2605, 0,
2606, 0,
2607, 0,
2608, 0,
2609, 0,
2610, 0,
2611, 0,
2612, 0,
2613, 0,
2614, 0,
2615, 0,
2616, 0,
2617, 0,
2618, 0,
2619, 0,
2620, 0,
2621, 0,
2622, 0,
2623, 0,
2624, 0,
2625, 0,
2626, 0,
2627, 0,
2628, 0,
2629, 0,
2630, 0,
2631, 0,
2632, 0,
2633, 0,
2634, 0,
2635, 0,
2636, 0,
2637, 0,
2638, 0,
2639, 0,
2640, 0,
2641, 0,
2642, 0,
2643, 0,
2644, 0,
2645, 0,
2646, 0,
2647, 0,
2648, 0,
2649, 0,
2650, 0,
2651, 0,
2652, 0,
2653, 0,
2654, 0,
2655, 0,
2656, 0,
2657, 0,
2658, 0,
2659, 0,
2660, 0,
2661, 0,
2662, 0,
2663, 0,
2664, 0,
2665, 0,
2666, 0,
2667, 0,
2668, 0,
2669, 0,
2670, 0,
2671, 0,
2672, 0,
2673, 0,
2674, 0,
2675, 0,
2676, 0,
2677, 0,
2678, 0,
2679, 0,
2680, 0,
2681, 0,
2682, 0,
2683, 0,
2684, 0,
2685, 0,
2686, 0,
2687, 0,
2688, 0,
2689, 0,
2690, 0,
2691, 0,
2692, 0,
2693, 0,
2694, 0,
2695, 0,
2696, 0,
2697, 0,
2698, 0,
2699, 0,
2700, 0,
2701, 0,
2702, 0,
2703, 0,
2704, 0,
2705, 0,
2706, 0,
2707, 0,
2708, 0,
2709, 0,
2710, 0,
2711, 0,
2712, 0,
2713, 0,
2714, 0,
2715, 0,
2716, 0,
2717, 0,
2718, 0,
2719, 0,
2720, 0,
2721, 0,
2722, 0,
2723, 0,
2724, 0,
2725, 0,
2726, 0,
2727, 0,
2728, 0,
2729, 0,
2730, 0,
2731, 0,
2732, 0,
2733, 0,
2734, 0,
2735, 0,
2736, 0,
2737, 0,
2738, 0,
2739, 0,
2740, 0,
2741, 0,
2742, 0,
2743, 0,
2744, 0,
2745, 0,
2746, 0,
2747, 0,
2748, 0,
2749, 0,
2750, 0,
2751, 0,
2752, 0,
2753, 0,
2754, 0,
2755, 0,
2756, 0,
2757, 0,
2758, 0,
2759, 0,
2760, 0,
2761, 0,
2762, 0,
2763, 0,
2764, 0,
2765, 0,
2766, 0,
2767, 0,
2768, 0,
2769, 0,
2770, 0,
2771, 0,
2772, 0,
2773, 0,
2774, 0,
2775, 0,
2776, 0,
2777, 0,
2778, 0,
2779, 0,
2780, 0,
2781, 0,
2782, 0,
2783, 0,
2784, 0,
2785, 0,
2786, 0,
2787, 0,
2788, 0,
2789, 0,
2790, 0,
2791, 0,
2792, 0,
2793, 0,
2794, 0,
2795, 0,
2796, 0,
2797, 0,
2798, 0,
2799, 0,
2800, 0,
2801, 0,
2802, 0,
2803, 0,
2804, 0,
