-2805, 0,
-2804, 0,
-2803, 0,
-2802, 0,
-2801, 0,
-2800, 0,
-2799, 0,
-2798, 0,
-2797, 0,
-2796, 0,
-2795, 0,
-2794, 0,
-2793, 0,
-2792, 0,
-2791, 0,
-2790, 0,
-2789, 0,
-2788, 0,
-2787, 0,
-2786, 0,
-2785, 0,
-2784, 0,
-2783, 0,
-2782, 0,
-2781, 0,
-2780, 0,
-2779, 0,
-2778, 0,
-2777, 0,
-2776, 0,
-2775, 0,
-2774, 0,
-2773, 0,
-2772, 0,
-2771, 0,
-2770, 0,
-2769, 0,
-2768, 0,
-2767, 0,
-2766, 0,
-2765, 0,
-2764, 0,
-2763, 0,
-2762, 0,
-2761, 0,
-2760, 0,
-2759, 0,
-2758, 0,
-2757, 0,
-2756, 0,
-2755, 0,
-2754, 0,
-2753, 0,
-2752, 0,
-2751, 0,
-2750, 0,
-2749, 0,
-2748, 0,
-2747, 0,
-2746, 0,
-2745, 0,
-2744, 0,
-2743, 0,
-2742, 0,
-2741, 0,
-2740, 0,
-2739, 0,
-2738, 0,
-2737, 0,
-2736, 0,
-2735, 0,
-2734, 0,
-2733, 0,
-2732, 0,
-2731, 0,
-2730, 0,
-2729, 0,
-2728, 0,
-2727, 0,
-2726, 0,
-2725, 0,
-2724, 0,
-2723, 0,
-2722, 0,
-2721, 0,
-2720, 0,
-2719, 0,
-2718, 0,
-2717, 0,
-2716, 0,
-2715, 0,
-2714, 0,
-2713, 0,
-2712, 0,
-2711, 0,
-2710, 0,
-2709, 0,
-2708, 0,
-2707, 0,
-2706, 0,
-2705, 0,
-2704, 0,
-2703, 0,
-2702, 0,
-2701, 0,
-2700, 0,
-2699, 0,
-2698, 0,
-2697, 0,
-2696, 0,
-2695, 0,
-2694, 0,
-2693, 0,
-2692, 0,
-2691, 0,
-2690, 0,
-2689, 0,
-2688, 0,
-2687, 0,
-2686, 0,
-2685, 0,
-2684, 0,
-2683, 0,
-2682, 0,
-2681, 0,
-2680, 0,
-2679, 0,
-2678, 0,
-2677, 0,
-2676, 0,
-2675, 0,
-2674, 0,
-2673, 0,
-2672, 0,
-2671, 0,
-2670, 0,
-2669, 0,
-2668, 0,
-2667, 0,
-2666, 0,
-2665, 0,
-2664, 0,
-2663, 0,
-2662, 0,
-2661, 0,
-2660, 0,
-2659, 0,
-2658, 0,
-2657, 0,
-2656, 0,
-2655, 0,
-2654, 0,
-2653, 0,
-2652, 0,
-2651, 0,
-2650, 0,
-2649, 0,
-2648, 0,
-2647, 0,
-2646, 0,
-2645, 0,
-2644, 0,
-2643, 0,
-2642, 0,
-2641, 0,
-2640, 0,
-2639, 0,
-2638, 0,
-2637, 0,
-2636, 0,
-2635, 0,
-2634, 0,
-2633, 0,
-2632, 0,
-2631, 0,
-2630, 0,
-2629, 0,
-2628, 0,
-2627, 0,
-2626, 0,
-2625, 0,
-2624, 0,
-2623, 0,
-2622, 0,
-2621, 0,
-2620, 0,
-2619, 0,
-2618, 0,
-2617, 0,
-2616, 0,
-2615, 0,
-2614, 0,
-2613, 0,
-2612, 0,
-2611, 0,
-2610, 0,
-2609, 0,
-2608, 0,
-2607, 0,
-2606, 0,
-2605, 0,
-2604, 0,
-2603, 0,
-2602, 0,
-2601, 0,
-2600, 0,
-2599, 0,
-2598, 0,
-2597, 0,
-2596, 0,
-2595, 0,
-2594, 0,
-2593, 0,
-2592, 0,
-2591, 0,
-2590, 0,
-2589, 0,
-2588, 0,
-2587, 0,
-2586, 0,
-2585, 0,
-2584, 0,
-2583, 0,
-2582, 0,
-2581, 0,
-2580, 0,
-2579, 0,
-2578, 0,
-2577, 0,
-2576, 0,
-2575, 0,
-2574, 0,
-2573, 0,
-2572, 0,
-2571, 0,
-2570, 0,
-2569, 0,
-2568, 0,
-2567, 0,
-2566, 0,
-2565, 0,
-2564, 0,
-2563, 0,
-2562, 0,
-2561, 0,
-2560, 0,
-2559, 0,
-2558, 0,
-2557, 0,
-2556, 0,
-2555, 0,
-2554, 0,
-2553, 0,
-2552, 0,
-2551, 0,
-2550, 0,
-2549, 0,
-2548, 0,
-2547, 0,
-2546, 0,
-2545, 0,
-2544, 0,
-2543, 0,
-2542, 0,
-2541, 0,
-2540, 0,
-2539, 0,
-2538, 0,
-2537, 0,
-2536, 0,
-2535, 0,
-2534, 0,
-2533, 0,
-2532, 0,
-2531, 0,
-2530, 0,
-2529, 0,
-2528, 0,
-2527, 0,
-2526, 0,
-2525, 0,
-2524, 0,
-2523, 0,
-2522, 0,
-2521, 0,
-2520, 0,
-2519, 0,
-2518, 0,
-2517, 0,
-2516, 0,
-2515, 0,
-2514, 0,
-2513, 0,
-2512, 0,
-2511, 0,
-2510, 0,
-2509, 0,
-2508, 0,
-2507, 0,
-2506, 0,
-2505, 0,
-2504, 0,
-2503, 0,
-2502, 0,
-2501, 0,
-2500, 0,
-2499, 0,
-2498, 0,
-2497, 0,
-2496, 0,
-2495, 0,
-2494, 0,
-2493, 0,
-2492, 0,
-2491, 0,
-2490, 0,
-2489, 0,
-2488, 0,
-2487, 0,
-2486, 0,
-2485, 0,
-2484, 0,
-2483, 0,
-2482, 0,
-2481, 0,
-2480, 0,
-2479, 0,
-2478, 0,
-2477, 0,
-2476, 0,
-2475, 0,
-2474, 0,
-2473, 0,
-2472, 0,
-2471, 0,
-2470, 0,
-2469, 0,
-2468, 0,
-2467, 0,
-2466, 0,
-2465, 0,
-2464, 0,
-2463, 0,
-2462, 0,
-2461, 0,
-2460, 0,
-2459, 0,
-2458, 0,
-2457, 0,
-2456, 0,
-2455, 0,
-2454, 0,
-2453, 0,
-2452, 0,
-2451, 0,
-2450, 0,
-2449, 0,
-2448, 0,
-2447, 0,
-2446, 0,
-2445, 0,
-2444, 0,
-2443, 0,
-2442, 0,
-2441, 0,
-2440, 0,
-2439, 0,
-2438, 0,
-2437, 0,
-2436, 0,
-2435, 0,
-2434, 0,
-2433, 0,
-2432, 0,
-2431, 0,
-2430, 0,
-2429, 0,
-2428, 0,
-2427, 0,
-2426, 0,
-2425, 0,
-2424, 0,
-2423, 0,
-2422, 0,
-2421, 0,
-2420, 0,
-2419, 0,
-2418, 0,
-2417, 0,
-2416, 0,
-2415, 0,
-2414, 0,
-2413, 0,
-2412, 0,
-2411, 0,
-2410, 0,
-2409, 0,
-2408, 0,
-2407, 0,
-2406, 0,
-2405, 0,
-2404, 0,
-2403, 0,
-2402, 0,
-2401, 0,
-2400, 0,
-2399, 0,
-2398, 0,
-2397, 0,
-2396, 0,
-2395, 0,
-2394, 0,
-2393, 0,
-2392, 0,
-2391, 0,
-2390, 0,
-2389, 0,
-2388, 0,
-2387, 0,
-2386, 0,
-2385, 0,
-2384, 0,
-2383, 0,
-2382, 0,
-2381, 0,
-2380, 0,
-2379, 0,
-2378, 0,
-2377, 0,
-2376, 0,
-2375, 0,
-2374, 0,
-2373, 0,
-2372, 0,
-2371, 0,
-2370, 0,
-2369, 0,
-2368, 0,
-2367, 0,
-2366, 0,
-2365, 0,
-2364, 0,
-2363, 0,
-2362, 0,
-2361, 0,
-2360, 0,
-2359, 0,
-2358, 0,
-2357, 0,
-2356, 0,
-2355, 0,
-2354, 0,
-2353, 0,
-2352, 0,
-2351, 0,
-2350, 0,
-2349, 0,
-2348, 0,
-2347, 0,
-2346, 0,
-2345, 0,
-2344, 0,
-2343, 0,
-2342, 0,
-2341, 0,
-2340, 0,
-2339, 0,
-2338, 0,
-2337, 0,
-2336, 0,
-2335, 0,
-2334, 0,
-2333, 0,
-2332, 0,
-2331, 0,
-2330, 0,
-2329, 0,
-2328, 0,
-2327, 0,
-2326, 0,
-2325, 0,
-2324, 0,
-2323, 0,
-2322, 0,
-2321, 0,
-2320, 0,
-2319, 0,
-2318, 0,
-2317, 0,
-2316, 0,
-2315, 0,
-2314, 0,
-2313, 0,
-2312, 0,
-2311, 0,
-2310, 0,
-2309, 0,
-2308, 0,
-2307, 0,
-2306, 0,
-2305, 0,
-2304, 0,
-2303, 0,
-2302, 0,
-2301, 0,
-2300, 0,
-2299, 0,
-2298, 0,
-2297, 0,
-2296, 0,
-2295, 0,
-2294, 0,
-2293, 0,
-2292, 0,
-2291, 0,
-2290, 0,
-2289, 0,
-2288, 0,
-2287, 0,
-2286, 0,
-2285, 0,
-2284, 0,
-2283, 0,
-2282, 0,
-2281, 0,
-2280, 0,
-2279, 0,
-2278, 0,
-2277, 0,
-2276, 0,
-2275, 0,
-2274, 0,
-2273, 0,
-2272, 0,
-2271, 0,
-2270, 0,
-2269, 0,
-2268, 0,
-2267, 0,
-2266, 0,
-2265, 0,
-2264, 0,
-2263, 0,
-2262, 0,
-2261, 0,
-2260, 0,
-2259, 0,
-2258, 0,
-2257, 0,
-2256, 0,
-2255, 0,
-2254, 0,
-2253, 0,
-2252, 0,
-2251, 0,
-2250, 0,
-2249, 0,
-2248, 0,
-2247, 0,
-2246, 0,
-2245, 0,
-2244, 0,
-2243, 0,
-2242, 0,
-2241, 0,
-2240, 0,
-2239, 0,
-2238, 0,
-2237, 0,
-2236, 0,
-2235, 0,
-2234, 0,
-2233, 0,
-2232, 0,
-2231, 0,
-2230, 0,
-2229, 0,
-2228, 0,
-2227, 0,
-2226, 0,
-2225, 0,
-2224, 0,
-2223, 0,
-2222, 0,
-2221, 0,
-2220, 0,
-2219, 0,
-2218, 0,
-2217, 0,
-2216, 0,
-2215, 0,
-2214, 0,
-2213, 0,
-2212, 0,
-2211, 0,
-2210, 0,
-2209, 0,
-2208, 0,
-2207, 0,
-2206, 0,
-2205, 0,
-2204, 0,
-2203, 0,
-2202, 0,
-2201, 0,
-2200, 0,
-2199, 0,
-2198, 0,
-2197, 0,
-2196, 0,
-2195, 0,
-2194, 0,
-2193, 0,
-2192, 0,
-2191, 0,
-2190, 0,
-2189, 0,
-2188, 0,
-2187, 0,
-2186, 0,
-2185, 0,
-2184, 0,
-2183, 0,
-2182, 0,
-2181, 0,
-2180, 0,
-2179, 0,
-2178, 0,
-2177, 0,
-2176, 0,
-2175, 0,
-2174, 0,
-2173, 0,
-2172, 0,
-2171, 0,
-2170, 0,
-2169, 0,
-2168, 0,
-2167, 0,
-2166, 0,
-2165, 0,
-2164, 0,
-2163, 0,
-2162, 0,
-2161, 0,
-2160, 0,
-2159, 0,
-2158, 0,
-2157, 0,
-2156, 0,
-2155, 0,
-2154, 0,
-2153, 0,
-2152, 0,
-2151, 0,
-2150, 0,
-2149, 0,
-2148, 0,
-2147, 0,
-2146, 0,
-2145, 0,
-2144, 0,
-2143, 0,
-2142, 0,
-2141, 0,
-2140, 0,
-2139, 0,
-2138, 0,
-2137, 0,
-2136, 0,
-2135, 0,
-2134, 0,
-2133, 0,
-2132, 0,
-2131, 0,
-2130, 0,
-2129, 0,
-2128, 0,
-2127, 0,
-2126, 0,
-2125, 0,
-2124, 0,
-2123, 0,
-2122, 0,
-2121, 0,
-2120, 0,
-2119, 0,
-2118, 0,
-2117, 0,
-2116, 0,
-2115, 0,
-2114, 0,
-2113, 0,
-2112, 0,
-2111, 0,
-2110, 0,
-2109, 0,
-2108, 0,
-2107, 0,
-2106, 0,
-2105, 0,
-2104, 0,
-2103, 0,
-2102, 0,
-2101, 0,
-2100, 0,
-2099, 0,
-2098, 0,
-2097, 0,
-2096, 0,
-2095, 0,
-2094, 0,
-2093, 0,
-2092, 0,
-2091, 0,
-2090, 0,
-2089, 0,
-2088, 0,
-2087, 0,
-2086, 0,
-2085, 0,
-2084, 0,
-2083, 0,
-2082, 0,
-2081, 0,
-2080, 0,
-2079, 0,
-2078, 0,
-2077, 0,
-2076, 0,
-2075, 0,
-2074, 0,
-2073, 0,
-2072, 0,
-2071, 0,
-2070, 0,
-2069, 0,
-2068, 0,
-2067, 0,
-2066, 0,
-2065, 0,
-2064, 0,
-2063, 0,
-2062, 0,
-2061, 0,
-2060, 0,
-2059, 0,
-2058, 0,
-2057, 0,
-2056, 0,
-2055, 0,
-2054, 0,
-2053, 0,
-2052, 0,
-2051, 0,
-2050, 0,
-2049, 0,
-2048, 0,
-2047, 0,
-2046, 0,
-2045, 0,
-2044, 0,
-2043, 0,
-2042, 0,
-2041, 0,
-2040, 0,
-2039, 0,
-2038, 0,
-2037, 0,
-2036, 0,
-2035, 0,
-2034, 0,
-2033, 0,
-2032, 0,
-2031, 0,
-2030, 0,
-2029, 0,
-2028, 0,
-2027, 0,
-2026, 0,
-2025, 0,
-2024, 0,
-2023, 0,
-2022, 0,
-2021, 0,
-2020, 0,
-2019, 0,
-2018, 0,
-2017, 0,
-2016, 0,
-2015, 0,
-2014, 0,
-2013, 0,
-2012, 0,
-2011, 0,
-2010, 0,
-2009, 0,
-2008, 0,
-2007, 0,
-2006, 0,
-2005, 0,
-2004, 0,
-2003, 0,
-2002, 0,
-2001, 0,
-2000, 0,
-1999, 0,
-1998, 0,
-1997, 0,
-1996, 0,
-1995, 0,
-1994, 0,
-1993, 0,
-1992, 0,
-1991, 0,
-1990, 0,
-1989, 0,
-1988, 0,
-1987, 0,
-1986, 0,
-1985, 0,
-1984, 0,
-1983, 0,
-1982, 0,
-1981, 0,
-1980, 0,
-1979, 0,
-1978, 0,
-1977, 0,
-1976, 0,
-1975, 0,
-1974, 0,
-1973, 0,
-1972, 0,
-1971, 0,
-1970, 0,
-1969, 0,
-1968, 0,
-1967, 0,
-1966, 0,
-1965, 0,
-1964, 0,
-1963, 0,
-1962, 0,
-1961, 0,
-1960, 0,
-1959, 0,
-1958, 0,
-1957, 0,
-1956, 0,
-1955, 0,
-1954, 0,
-1953, 0,
-1952, 0,
-1951, 0,
-1950, 0,
-1949, 0,
-1948, 0,
-1947, 0,
-1946, 0,
-1945, 0,
-1944, 0,
-1943, 0,
-1942, 0,
-1941, 0,
-1940, 0,
-1939, 0,
-1938, 0,
-1937, 0,
-1936, 0,
-1935, 0,
-1934, 0,
-1933, 0,
-1932, 0,
-1931, 0,
-1930, 0,
-1929, 0,
-1928, 0,
-1927, 0,
-1926, 0,
-1925, 0,
-1924, 0,
-1923, 0,
-1922, 0,
-1921, 0,
-1920, 0,
-1919, 0,
-1918, 0,
-1917, 0,
-1916, 0,
-1915, 0,
-1914, 0,
-1913, 0,
-1912, 0,
-1911, 0,
-1910, 0,
-1909, 0,
-1908, 0,
-1907, 0,
-1906, 0,
-1905, 0,
-1904, 0,
-1903, 0,
-1902, 0,
-1901, 0,
-1900, 0,
-1899, 0,
-1898, 0,
-1897, 0,
-1896, 0,
-1895, 0,
-1894, 0,
-1893, 0,
-1892, 0,
-1891, 0,
-1890, 0,
-1889, 0,
-1888, 0,
-1887, 0,
-1886, 0,
-1885, 0,
-1884, 0,
-1883, 0,
-1882, 0,
-1881, 0,
-1880, 0,
-1879, 0,
-1878, 0,
-1877, 0,
-1876, 0,
-1875, 0,
-1874, 0,
-1873, 0,
-1872, 0,
-1871, 0,
-1870, 0,
-1869, 0,
-1868, 0,
-1867, 0,
-1866, 0,
-1865, 0,
-1864, 0,
-1863, 0,
-1862, 0,
-1861, 0,
-1860, 0,
-1859, 0,
-1858, 0,
-1857, 0,
-1856, 0,
-1855, 0,
-1854, 0,
-1853, 0,
-1852, 0,
-1851, 0,
-1850, 0,
-1849, 0,
-1848, 0,
-1847, 0,
-1846, 0,
-1845, 0,
-1844, 0,
-1843, 0,
-1842, 0,
-1841, 0,
-1840, 0,
-1839, 0,
-1838, 0,
-1837, 0,
-1836, 0,
-1835, 0,
-1834, 0,
-1833, 0,
-1832, 0,
-1831, 0,
-1830, 0,
-1829, 0,
-1828, 0,
-1827, 0,
-1826, 0,
-1825, 0,
-1824, 0,
-1823, 0,
-1822, 0,
-1821, 0,
-1820, 0,
-1819, 0,
-1818, 0,
-1817, 0,
-1816, 0,
-1815, 0,
-1814, 0,
-1813, 0,
-1812, 0,
-1811, 0,
-1810, 0,
-1809, 0,
-1808, 0,
-1807, 0,
-1806, 0,
-1805, 0,
-1804, 0,
-1803, 0,
-1802, 0,
-1801, 0,
-1800, 0,
-1799, 0,
-1798, 0,
-1797, 0,
-1796, 0,
-1795, 0,
-1794, 0,
-1793, 0,
-1792, 0,
-1791, 0,
-1790, 0,
-1789, 0,
-1788, 0,
-1787, 0,
-1786, 0,
-1785, 0,
-1784, 0,
-1783, 0,
-1782, 0,
-1781, 0,
-1780, 0,
-1779, 0,
-1778, 0,
-1777, 0,
-1776, 0,
-1775, 0,
-1774, 0,
-1773, 0,
-1772, 0,
-1771, 0,
-1770, 0,
-1769, 0,
-1768, 0,
-1767, 0,
-1766, 0,
-1765, 0,
-1764, 0,
-1763, 0,
-1762, 0,
-1761, 0,
-1760, 0,
-1759, 0,
-1758, 0,
-1757, 0,
-1756, 0,
-1755, 0,
-1754, 0,
-1753, 0,
-1752, 0,
-1751, 0,
-1750, 0,
-1749, 0,
-1748, 0,
-1747, 0,
-1746, 0,
-1745, 0,
-1744, 0,
-1743, 0,
-1742, 0,
-1741, 0,
-1740, 0,
-1739, 0,
-1738, 0,
-1737, 0,
-1736, 0,
-1735, 0,
-1734, 0,
-1733, 0,
-1732, 0,
-1731, 0,
-1730, 0,
-1729, 0,
-1728, 0,
-1727, 0,
-1726, 0,
-1725, 0,
-1724, 0,
-1723, 0,
-1722, 0,
-1721, 0,
-1720, 0,
-1719, 0,
-1718, 0,
-1717, 0,
-1716, 0,
-1715, 0,
-1714, 0,
-1713, 0,
-1712, 0,
-1711, 0,
-1710, 0,
-1709, 0,
-1708, 0,
-1707, 0,
-1706, 0,
-1705, 0,
-1704, 0,
-1703, 0,
-1702, 0,
-1701, 0,
-1700, 0,
-1699, 0,
-1698, 0,
-1697, 0,
-1696, 0,
-1695, 0,
-1694, 0,
-1693, 0,
-1692, 0,
-1691, 0,
-1690, 0,
-1689, 0,
-1688, 0,
-1687, 0,
-1686, 0,
-1685, 0,
-1684, 0,
-1683, 0,
-1682, 0,
-1681, 0,
-1680, 0,
-1679, 0,
-1678, 0,
-1677, 0,
-1676, 0,
-1675, 0,
-1674, 0,
-1673, 0,
-1672, 0,
-1671, 0,
-1670, 0,
-1669, 0,
-1668, 0,
-1667, 0,
-1666, 0,
-1665, 0,
-1664, 0,
-1663, 0,
-1662, 0,
-1661, 0,
-1660, 0,
-1659, 0,
-1658, 0,
-1657, 0,
-1656, 0,
-1655, 0,
-1654, 0,
-1653, 0,
-1652, 0,
-1651, 0,
-1650, 0,
-1649, 0,
-1648, 0,
-1647, 0,
-1646, 0,
-1645, 0,
-1644, 0,
-1643, 0,
-1642, 0,
-1641, 0,
-1640, 0,
-1639, 0,
-1638, 0,
-1637, 0,
-1636, 0,
-1635, 0,
-1634, 0,
-1633, 0,
-1632, 0,
-1631, 0,
-1630, 0,
-1629, 0,
-1628, 0,
-1627, 0,
-1626, 0,
-1625, 0,
-1624, 0,
-1623, 0,
-1622, 0,
-1621, 0,
-1620, 0,
-1619, 0,
-1618, 0,
-1617, 0,
-1616, 0,
-1615, 0,
-1614, 0,
-1613, 0,
-1612, 0,
-1611, 0,
-1610, 0,
-1609, 0,
-1608, 0,
-1607, 0,
-1606, 0,
-1605, 0,
-1604, 0,
-1603, 0,
-1602, 0,
-1601, 0,
-1600, 0,
-1599, 0,
-1598, 0,
-1597, 0,
-1596, 0,
-1595, 0,
-1594, 0,
-1593, 0,
-1592, 0,
-1591, 0,
-1590, 0,
-1589, 0,
-1588, 0,
-1587, 0,
-1586, 0,
-1585, 0,
-1584, 0,
-1583, 0,
-1582, 0,
-1581, 0,
-1580, 0,
-1579, 0,
-1578, 0,
-1577, 0,
-1576, 0,
-1575, 0,
-1574, 0,
-1573, 0,
-1572, 0,
-1571, 0,
-1570, 0,
-1569, 0,
-1568, 0,
-1567, 0,
-1566, 0,
-1565, 0,
-1564, 0,
-1563, 0,
-1562, 0,
-1561, 0,
-1560, 0,
-1559, 0,
-1558, 0,
-1557, 0,
-1556, 0,
-1555, 0,
-1554, 0,
-1553, 0,
-1552, 0,
-1551, 0,
-1550, 0,
-1549, 0,
-1548, 0,
-1547, 0,
-1546, 0,
-1545, 0,
-1544, 0,
-1543, 0,
-1542, 0,
-1541, 0,
-1540, 0,
-1539, 0,
-1538, 0,
-1537, 0,
-1536, 0,
-1535, 0,
-1534, 0,
-1533, 0,
-1532, 0,
-1531, 0,
-1530, 0,
-1529, 0,
-1528, 0,
-1527, 0,
-1526, 0,
-1525, 0,
-1524, 0,
-1523, 0,
-1522, 0,
-1521, 0,
-1520, 0,
-1519, 0,
-1518, 0,
-1517, 0,
-1516, 0,
-1515, 0,
-1514, 0,
-1513, 0,
-1512, 0,
-1511, 0,
-1510, 0,
-1509, 0,
-1508, 0,
-1507, 0,
-1506, 0,
-1505, 0,
-1504, 0,
-1503, 0,
-1502, 0,
-1501, 0,
-1500, 0,
-1499, 0,
-1498, 0,
-1497, 0,
-1496, 0,
-1495, 0,
-1494, 0,
-1493, 0,
-1492, 0,
-1491, 0,
-1490, 0,
-1489, 0,
-1488, 0,
-1487, 0,
-1486, 0,
-1485, 0,
-1484, 0,
-1483, 0,
-1482, 0,
-1481, 0,
-1480, 0,
-1479, 0,
-1478, 0,
-1477, 0,
-1476, 0,
-1475, 0,
-1474, 0,
-1473, 0,
-1472, 0,
-1471, 0,
-1470, 0,
-1469, 0,
-1468, 0,
-1467, 0,
-1466, 0,
-1465, 0,
-1464, 0,
-1463, 0,
-1462, 0,
-1461, 0,
-1460, 0,
-1459, 0,
-1458, 0,
-1457, 0,
-1456, 0,
-1455, 0,
-1454, 0,
-1453, 0,
-1452, 0,
-1451, 0,
-1450, 0,
-1449, 0,
-1448, 0,
-1447, 0,
-1446, 0,
-1445, 1,
-1444, 0,
-1443, 0,
-1442, 0,
-1441, 0,
-1440, 0,
-1439, 0,
-1438, 0,
-1437, 0,
-1436, 0,
-1435, 0,
-1434, 0,
-1433, 0,
-1432, 0,
-1431, 0,
-1430, 0,
-1429, 0,
-1428, 0,
-1427, 0,
-1426, 0,
-1425, 0,
-1424, 0,
-1423, 0,
-1422, 0,
-1421, 0,
-1420, 0,
-1419, 0,
-1418, 0,
-1417, 0,
-1416, 0,
-1415, 0,
-1414, 0,
-1413, 0,
-1412, 0,
-1411, 1,
-1410, 0,
-1409, 0,
-1408, 0,
-1407, 0,
-1406, 0,
-1405, 0,
-1404, 0,
-1403, 0,
-1402, 0,
-1401, 0,
-1400, 0,
-1399, 0,
-1398, 0,
-1397, 1,
-1396, 0,
-1395, 0,
-1394, 0,
-1393, 1,
-1392, 0,
-1391, 0,
-1390, 0,
-1389, 0,
-1388, 0,
-1387, 0,
-1386, 0,
-1385, 0,
-1384, 0,
-1383, 0,
-1382, 0,
-1381, 0,
-1380, 0,
-1379, 0,
-1378, 0,
-1377, 0,
-1376, 0,
-1375, 0,
-1374, 1,
-1373, 1,
-1372, 0,
-1371, 0,
-1370, 0,
-1369, 0,
-1368, 0,
-1367, 0,
-1366, 0,
-1365, 0,
-1364, 0,
-1363, 0,
-1362, 1,
-1361, 0,
-1360, 0,
-1359, 0,
-1358, 0,
-1357, 0,
-1356, 0,
-1355, 0,
-1354, 0,
-1353, 1,
-1352, 1,
-1351, 0,
-1350, 0,
-1349, 0,
-1348, 0,
-1347, 0,
-1346, 0,
-1345, 1,
-1344, 0,
-1343, 0,
-1342, 0,
-1341, 1,
-1340, 0,
-1339, 1,
-1338, 1,
-1337, 0,
-1336, 0,
-1335, 0,
-1334, 1,
-1333, 1,
-1332, 2,
-1331, 0,
-1330, 2,
-1329, 1,
-1328, 0,
-1327, 2,
-1326, 0,
-1325, 0,
-1324, 0,
-1323, 1,
-1322, 1,
-1321, 0,
-1320, 1,
-1319, 1,
-1318, 1,
-1317, 0,
-1316, 0,
-1315, 1,
-1314, 1,
-1313, 1,
-1312, 1,
-1311, 1,
-1310, 1,
-1309, 1,
-1308, 2,
-1307, 1,
-1306, 3,
-1305, 2,
-1304, 3,
-1303, 3,
-1302, 1,
-1301, 4,
-1300, 0,
-1299, 2,
-1298, 1,
-1297, 2,
-1296, 1,
-1295, 3,
-1294, 3,
-1293, 1,
-1292, 2,
-1291, 1,
-1290, 0,
-1289, 1,
-1288, 1,
-1287, 0,
-1286, 2,
-1285, 0,
-1284, 1,
-1283, 3,
-1282, 1,
-1281, 3,
-1280, 2,
-1279, 3,
-1278, 1,
-1277, 1,
-1276, 8,
-1275, 4,
-1274, 6,
-1273, 4,
-1272, 3,
-1271, 2,
-1270, 4,
-1269, 2,
-1268, 6,
-1267, 4,
-1266, 9,
-1265, 4,
-1264, 1,
-1263, 10,
-1262, 6,
-1261, 2,
-1260, 6,
-1259, 6,
-1258, 8,
-1257, 11,
-1256, 7,
-1255, 10,
-1254, 5,
-1253, 7,
-1252, 8,
-1251, 6,
-1250, 6,
-1249, 5,
-1248, 4,
-1247, 10,
-1246, 4,
-1245, 6,
-1244, 6,
-1243, 14,
-1242, 9,
-1241, 7,
-1240, 11,
-1239, 12,
-1238, 8,
-1237, 7,
-1236, 10,
-1235, 6,
-1234, 10,
-1233, 11,
-1232, 8,
-1231, 16,
-1230, 6,
-1229, 12,
-1228, 4,
-1227, 17,
-1226, 13,
-1225, 15,
-1224, 18,
-1223, 12,
-1222, 11,
-1221, 11,
-1220, 22,
-1219, 14,
-1218, 13,
-1217, 12,
-1216, 12,
-1215, 16,
-1214, 15,
-1213, 16,
-1212, 14,
-1211, 27,
-1210, 12,
-1209, 19,
-1208, 19,
-1207, 25,
-1206, 17,
-1205, 20,
-1204, 20,
-1203, 24,
-1202, 33,
-1201, 32,
-1200, 16,
-1199, 26,
-1198, 18,
-1197, 25,
-1196, 27,
-1195, 27,
-1194, 21,
-1193, 32,
-1192, 32,
-1191, 38,
-1190, 26,
-1189, 29,
-1188, 30,
-1187, 34,
-1186, 24,
-1185, 32,
-1184, 42,
-1183, 32,
-1182, 41,
-1181, 31,
-1180, 47,
-1179, 42,
-1178, 37,
-1177, 43,
-1176, 45,
-1175, 46,
-1174, 52,
-1173, 40,
-1172, 55,
-1171, 56,
-1170, 52,
-1169, 44,
-1168, 48,
-1167, 50,
-1166, 54,
-1165, 66,
-1164, 65,
-1163, 51,
-1162, 54,
-1161, 67,
-1160, 64,
-1159, 51,
-1158, 76,
-1157, 83,
-1156, 83,
-1155, 72,
-1154, 71,
-1153, 90,
-1152, 77,
-1151, 80,
-1150, 83,
-1149, 95,
-1148, 71,
-1147, 104,
-1146, 84,
-1145, 88,
-1144, 94,
-1143, 123,
-1142, 98,
-1141, 98,
-1140, 108,
-1139, 120,
-1138, 115,
-1137, 108,
-1136, 135,
-1135, 110,
-1134, 130,
-1133, 147,
-1132, 147,
-1131, 135,
-1130, 125,
-1129, 137,
-1128, 135,
-1127, 160,
-1126, 144,
-1125, 148,
-1124, 167,
-1123, 195,
-1122, 166,
-1121, 189,
-1120, 168,
-1119, 159,
-1118, 173,
-1117, 204,
-1116, 193,
-1115, 183,
-1114, 220,
-1113, 230,
-1112, 203,
-1111, 236,
-1110, 239,
-1109, 243,
-1108, 222,
-1107, 248,
-1106, 245,
-1105, 251,
-1104, 281,
-1103, 266,
-1102, 280,
-1101, 296,
-1100, 298,
-1099, 285,
-1098, 336,
-1097, 294,
-1096, 309,
-1095, 305,
-1094, 330,
-1093, 330,
-1092, 376,
-1091, 369,
-1090, 380,
-1089, 377,
-1088, 383,
-1087, 392,
-1086, 429,
-1085, 431,
-1084, 449,
-1083, 423,
-1082, 463,
-1081, 488,
-1080, 470,
-1079, 473,
-1078, 491,
-1077, 507,
-1076, 478,
-1075, 504,
-1074, 539,
-1073, 521,
-1072, 573,
-1071, 553,
-1070, 562,
-1069, 636,
-1068, 608,
-1067, 591,
-1066, 622,
-1065, 669,
-1064, 646,
-1063, 657,
-1062, 653,
-1061, 671,
-1060, 737,
-1059, 782,
-1058, 758,
-1057, 785,
-1056, 799,
-1055, 793,
-1054, 856,
-1053, 794,
-1052, 884,
-1051, 923,
-1050, 944,
-1049, 926,
-1048, 973,
-1047, 898,
-1046, 1061,
-1045, 969,
-1044, 1003,
-1043, 1078,
-1042, 1084,
-1041, 1113,
-1040, 1171,
-1039, 1122,
-1038, 1167,
-1037, 1236,
-1036, 1286,
-1035, 1280,
-1034, 1290,
-1033, 1369,
-1032, 1407,
-1031, 1385,
-1030, 1456,
-1029, 1487,
-1028, 1523,
-1027, 1479,
-1026, 1517,
-1025, 1542,
-1024, 1607,
-1023, 1626,
-1022, 1759,
-1021, 1746,
-1020, 1768,
-1019, 1844,
-1018, 1794,
-1017, 1908,
-1016, 1971,
-1015, 1948,
-1014, 1992,
-1013, 2044,
-1012, 2111,
-1011, 2256,
-1010, 2158,
-1009, 2215,
-1008, 2321,
-1007, 2417,
-1006, 2447,
-1005, 2410,
-1004, 2455,
-1003, 2584,
-1002, 2701,
-1001, 2695,
-1000, 2827,
-999, 2794,
-998, 2876,
-997, 2922,
-996, 3047,
-995, 3007,
-994, 3119,
-993, 3144,
-992, 3211,
-991, 3344,
-990, 3373,
-989, 3463,
-988, 3516,
-987, 3567,
-986, 3617,
-985, 3716,
-984, 3872,
-983, 3986,
-982, 4022,
-981, 4135,
-980, 4228,
-979, 4272,
-978, 4454,
-977, 4411,
-976, 4532,
-975, 4633,
-974, 4709,
-973, 4813,
-972, 5044,
-971, 5048,
-970, 5194,
-969, 5217,
-968, 5318,
-967, 5416,
-966, 5619,
-965, 5833,
-964, 5826,
-963, 6017,
-962, 6233,
-961, 6280,
-960, 6416,
-959, 6455,
-958, 6632,
-957, 6801,
-956, 6819,
-955, 6998,
-954, 7020,
-953, 7329,
-952, 7431,
-951, 7665,
-950, 7848,
-949, 7851,
-948, 8136,
-947, 8260,
-946, 8445,
-945, 8645,
-944, 8825,
-943, 8988,
-942, 9248,
-941, 9520,
-940, 9613,
-939, 9759,
-938, 9737,
-937, 10308,
-936, 10233,
-935, 10375,
-934, 10743,
-933, 11017,
-932, 11319,
-931, 11501,
-930, 11575,
-929, 11935,
-928, 12073,
-927, 12369,
-926, 12665,
-925, 12765,
-924, 13127,
-923, 13537,
-922, 13818,
-921, 14029,
-920, 14299,
-919, 14726,
-918, 15102,
-917, 15118,
-916, 15533,
-915, 15800,
-914, 16083,
-913, 16374,
-912, 16535,
-911, 16941,
-910, 17404,
-909, 17815,
-908, 18295,
-907, 18516,
-906, 18772,
-905, 19065,
-904, 19341,
-903, 19900,
-902, 20205,
-901, 20691,
-900, 21111,
-899, 21678,
-898, 21990,
-897, 22315,
-896, 22737,
-895, 23213,
-894, 23523,
-893, 24106,
-892, 24544,
-891, 24968,
-890, 25559,
-889, 26174,
-888, 26784,
-887, 27064,
-886, 27652,
-885, 27953,
-884, 28699,
-883, 29391,
-882, 29584,
-881, 30285,
-880, 31128,
-879, 31444,
-878, 31836,
-877, 32876,
-876, 33343,
-875, 33981,
-874, 34448,
-873, 35459,
-872, 35643,
-871, 36411,
-870, 36954,
-869, 38458,
-868, 38889,
-867, 39569,
-866, 40251,
-865, 41143,
-864, 41869,
-863, 42324,
-862, 43077,
-861, 44070,
-860, 44888,
-859, 45734,
-858, 46799,
-857, 47775,
-856, 48350,
-855, 48884,
-854, 50203,
-853, 51211,
-852, 52123,
-851, 53227,
-850, 53859,
-849, 55157,
-848, 55775,
-847, 56957,
-846, 58305,
-845, 58871,
-844, 60159,
-843, 61097,
-842, 62223,
-841, 63654,
-840, 64741,
-839, 66273,
-838, 67652,
-837, 68086,
-836, 69778,
-835, 70858,
-834, 72099,
-833, 73500,
-832, 75030,
-831, 76376,
-830, 77572,
-829, 78688,
-828, 80218,
-827, 81700,
-826, 83028,
-825, 84455,
-824, 86026,
-823, 88009,
-822, 89849,
-821, 91206,
-820, 92547,
-819, 93732,
-818, 96728,
-817, 97515,
-816, 99408,
-815, 101420,
-814, 102772,
-813, 104915,
-812, 106914,
-811, 108417,
-810, 110494,
-809, 112176,
-808, 114398,
-807, 115367,
-806, 119011,
-805, 120429,
-804, 122637,
-803, 125886,
-802, 126707,
-801, 129475,
-800, 131057,
-799, 133331,
-798, 135618,
-797, 138476,
-796, 140197,
-795, 143140,
-794, 146067,
-793, 148010,
-792, 150146,
-791, 153026,
-790, 155553,
-789, 158470,
-788, 160334,
-787, 163741,
-786, 166443,
-785, 170110,
-784, 171818,
-783, 174827,
-782, 178661,
-781, 180897,
-780, 184337,
-779, 187167,
-778, 190810,
-777, 193394,
-776, 197478,
-775, 199962,
-774, 203253,
-773, 207095,
-772, 210245,
-771, 214211,
-770, 217453,
-769, 221725,
-768, 225286,
-767, 229365,
-766, 232488,
-765, 236499,
-764, 241515,
-763, 243468,
-762, 247903,
-761, 251705,
-760, 256933,
-759, 261410,
-758, 264796,
-757, 268644,
-756, 273767,
-755, 278078,
-754, 284050,
-753, 288188,
-752, 292285,
-751, 296566,
-750, 302383,
-749, 306626,
-748, 312083,
-747, 315900,
-746, 322250,
-745, 327686,
-744, 332616,
-743, 338374,
-742, 342928,
-741, 348636,
-740, 354243,
-739, 359951,
-738, 365935,
-737, 371867,
-736, 378053,
-735, 383307,
-734, 389221,
-733, 395483,
-732, 401202,
-731, 407215,
-730, 415248,
-729, 422179,
-728, 427466,
-727, 433615,
-726, 441830,
-725, 448883,
-724, 454851,
-723, 463090,
-722, 471156,
-721, 477598,
-720, 484016,
-719, 493255,
-718, 499521,
-717, 506930,
-716, 514965,
-715, 523970,
-714, 529818,
-713, 539015,
-712, 547492,
-711, 556665,
-710, 565542,
-709, 574512,
-708, 582237,
-707, 591843,
-706, 599065,
-705, 609888,
-704, 619677,
-703, 627689,
-702, 636875,
-701, 647027,
-700, 657112,
-699, 666531,
-698, 675929,
-697, 686060,
-696, 698451,
-695, 708406,
-694, 719108,
-693, 729922,
-692, 741530,
-691, 753618,
-690, 763483,
-689, 775258,
-688, 786734,
-687, 798584,
-686, 809490,
-685, 820915,
-684, 833564,
-683, 847303,
-682, 858590,
-681, 870958,
-680, 885144,
-679, 896721,
-678, 910761,
-677, 924721,
-676, 937127,
-675, 951318,
-674, 964248,
-673, 978974,
-672, 994432,
-671, 1009282,
-670, 1022441,
-669, 1037261,
-668, 1053351,
-667, 1067894,
-666, 1082877,
-665, 1098366,
-664, 1115245,
-663, 1128493,
-662, 1146102,
-661, 1160061,
-660, 1179854,
-659, 1195309,
-658, 1212999,
-657, 1227358,
-656, 1249353,
-655, 1266344,
-654, 1282999,
-653, 1302321,
-652, 1320341,
-651, 1338095,
-650, 1357193,
-649, 1377243,
-648, 1396440,
-647, 1417543,
-646, 1434200,
-645, 1455150,
-644, 1475784,
-643, 1498543,
-642, 1515384,
-641, 1538107,
-640, 1559542,
-639, 1581932,
-638, 1601192,
-637, 1625503,
-636, 1645093,
-635, 1668811,
-634, 1692104,
-633, 1715357,
-632, 1740515,
-631, 1764885,
-630, 1787811,
-629, 1810122,
-628, 1836540,
-627, 1859708,
-626, 1886491,
-625, 1910285,
-624, 1936145,
-623, 1962840,
-622, 1991571,
-621, 2016584,
-620, 2043574,
-619, 2070445,
-618, 2096802,
-617, 2125389,
-616, 2155096,
-615, 2181541,
-614, 2213074,
-613, 2243960,
-612, 2272282,
-611, 2305353,
-610, 2333130,
-609, 2362835,
-608, 2395721,
-607, 2428391,
-606, 2459332,
-605, 2491511,
-604, 2522668,
-603, 2555084,
-602, 2589957,
-601, 2626353,
-600, 2654987,
-599, 2690060,
-598, 2729947,
-597, 2760705,
-596, 2796779,
-595, 2834140,
-594, 2866498,
-593, 2906686,
-592, 2943929,
-591, 2980160,
-590, 3016767,
-589, 3057603,
-588, 3099625,
-587, 3135874,
-586, 3176556,
-585, 3215427,
-584, 3257384,
-583, 3297253,
-582, 3338591,
-581, 3378406,
-580, 3423652,
-579, 3466957,
-578, 3508013,
-577, 3552136,
-576, 3596225,
-575, 3643235,
-574, 3686720,
-573, 3735138,
-572, 3781210,
-571, 3827213,
-570, 3874057,
-569, 3919010,
-568, 3970249,
-567, 4018506,
-566, 4066866,
-565, 4119440,
-564, 4167675,
-563, 4221406,
-562, 4267339,
-561, 4322466,
-560, 4375219,
-559, 4425417,
-558, 4477062,
-557, 4532974,
-556, 4585897,
-555, 4646845,
-554, 4695041,
-553, 4755091,
-552, 4812509,
-551, 4871817,
-550, 4927296,
-549, 4989158,
-548, 5045382,
-547, 5105161,
-546, 5165409,
-545, 5223743,
-544, 5285110,
-543, 5353202,
-542, 5410506,
-541, 5471859,
-540, 5542174,
-539, 5605283,
-538, 5671536,
-537, 5737050,
-536, 5796486,
-535, 5875833,
-534, 5935875,
-533, 6007227,
-532, 6071892,
-531, 6144399,
-530, 6217140,
-529, 6283491,
-528, 6358598,
-527, 6427652,
-526, 6503240,
-525, 6577279,
-524, 6649244,
-523, 6727144,
-522, 6804097,
-521, 6879281,
-520, 6957557,
-519, 7032493,
-518, 7115814,
-517, 7189639,
-516, 7269660,
-515, 7353323,
-514, 7429339,
-513, 7519412,
-512, 7599439,
-511, 7684773,
-510, 7769225,
-509, 7858412,
-508, 7942461,
-507, 8029340,
-506, 8118528,
-505, 8203487,
-504, 8298296,
-503, 8383419,
-502, 8476724,
-501, 8569337,
-500, 8663788,
-499, 8754247,
-498, 8846754,
-497, 8946772,
-496, 9044720,
-495, 9136663,
-494, 9233522,
-493, 9334772,
-492, 9432476,
-491, 9533388,
-490, 9633815,
-489, 9731501,
-488, 9844995,
-487, 9941322,
-486, 10043912,
-485, 10145069,
-484, 10260726,
-483, 10369855,
-482, 10472344,
-481, 10583665,
-480, 10691575,
-479, 10797274,
-478, 10912894,
-477, 11022162,
-476, 11138795,
-475, 11259546,
-474, 11372115,
-473, 11492879,
-472, 11603793,
-471, 11717276,
-470, 11844658,
-469, 11965509,
-468, 12078178,
-467, 12197303,
-466, 12325890,
-465, 12450623,
-464, 12580778,
-463, 12703791,
-462, 12823840,
-461, 12955762,
-460, 13083842,
-459, 13209238,
-458, 13340548,
-457, 13477247,
-456, 13613505,
-455, 13745289,
-454, 13877666,
-453, 14010597,
-452, 14155508,
-451, 14293740,
-450, 14429363,
-449, 14562143,
-448, 14711134,
-447, 14845961,
-446, 14996026,
-445, 15138077,
-444, 15281842,
-443, 15429361,
-442, 15579140,
-441, 15730174,
-440, 15879861,
-439, 16025788,
-438, 16182420,
-437, 16328040,
-436, 16483627,
-435, 16639471,
-434, 16797731,
-433, 16957961,
-432, 17111244,
-431, 17269093,
-430, 17428109,
-429, 17588098,
-428, 17750603,
-427, 17915912,
-426, 18083332,
-425, 18251880,
-424, 18420473,
-423, 18586298,
-422, 18758079,
-421, 18926308,
-420, 19098516,
-419, 19275984,
-418, 19446493,
-417, 19614683,
-416, 19791700,
-415, 19971709,
-414, 20158752,
-413, 20327240,
-412, 20508717,
-411, 20697718,
-410, 20885662,
-409, 21063504,
-408, 21253300,
-407, 21438211,
-406, 21625298,
-405, 21815609,
-404, 22012791,
-403, 22205775,
-402, 22397231,
-401, 22576132,
-400, 22776290,
-399, 22974068,
-398, 23172641,
-397, 23370663,
-396, 23571824,
-395, 23774203,
-394, 23979743,
-393, 24176589,
-392, 24382319,
-391, 24586097,
-390, 24795649,
-389, 25005904,
-388, 25218699,
-387, 25426063,
-386, 25633380,
-385, 25854886,
-384, 26064883,
-383, 26281055,
-382, 26500577,
-381, 26711903,
-380, 26936737,
-379, 27152594,
-378, 27372443,
-377, 27598258,
-376, 27828585,
-375, 28053939,
-374, 28271376,
-373, 28492396,
-372, 28727171,
-371, 28959471,
-370, 29199041,
-369, 29427525,
-368, 29661861,
-367, 29894152,
-366, 30136774,
-365, 30371027,
-364, 30611633,
-363, 30840502,
-362, 31089147,
-361, 31332768,
-360, 31578431,
-359, 31835255,
-358, 32067980,
-357, 32311253,
-356, 32575006,
-355, 32822732,
-354, 33068373,
-353, 33317647,
-352, 33560913,
-351, 33821208,
-350, 34079278,
-349, 34324964,
-348, 34594720,
-347, 34866028,
-346, 35119572,
-345, 35378852,
-344, 35639817,
-343, 35914556,
-342, 36171734,
-341, 36429423,
-340, 36700787,
-339, 36966292,
-338, 37229499,
-337, 37511473,
-336, 37786823,
-335, 38048652,
-334, 38318598,
-333, 38603149,
-332, 38885890,
-331, 39156525,
-330, 39436662,
-329, 39723389,
-328, 40005829,
-327, 40290224,
-326, 40572692,
-325, 40849659,
-324, 41138130,
-323, 41428432,
-322, 41717724,
-321, 42003938,
-320, 42304503,
-319, 42584675,
-318, 42884819,
-317, 43171015,
-316, 43483005,
-315, 43764605,
-314, 44059113,
-313, 44359983,
-312, 44646293,
-311, 44957247,
-310, 45254888,
-309, 45563367,
-308, 45853347,
-307, 46160499,
-306, 46477333,
-305, 46772804,
-304, 47081917,
-303, 47397093,
-302, 47692952,
-301, 48005307,
-300, 48319497,
-299, 48644642,
-298, 48945420,
-297, 49265170,
-296, 49567365,
-295, 49905262,
-294, 50220528,
-293, 50517571,
-292, 50839231,
-291, 51164697,
-290, 51483226,
-289, 51811029,
-288, 52115468,
-287, 52461527,
-286, 52785683,
-285, 53090250,
-284, 53416856,
-283, 53756910,
-282, 54076326,
-281, 54403856,
-280, 54733555,
-279, 55068342,
-278, 55406947,
-277, 55728875,
-276, 56072785,
-275, 56398068,
-274, 56722997,
-273, 57053417,
-272, 57393255,
-271, 57739084,
-270, 58060974,
-269, 58410441,
-268, 58751331,
-267, 59080617,
-266, 59419422,
-265, 59759701,
-264, 60119572,
-263, 60452615,
-262, 60789824,
-261, 61123220,
-260, 61473814,
-259, 61810227,
-258, 62171592,
-257, 62503232,
-256, 62862751,
-255, 63202648,
-254, 63538525,
-253, 63896345,
-252, 64230739,
-251, 64578646,
-250, 64943757,
-249, 65269197,
-248, 65648787,
-247, 65967698,
-246, 66333405,
-245, 66692621,
-244, 67053486,
-243, 67379794,
-242, 67738383,
-241, 68081219,
-240, 68456115,
-239, 68801237,
-238, 69161979,
-237, 69499162,
-236, 69866843,
-235, 70215450,
-234, 70574428,
-233, 70923338,
-232, 71262244,
-231, 71631763,
-230, 71989691,
-229, 72332450,
-228, 72705015,
-227, 73057909,
-226, 73409567,
-225, 73772417,
-224, 74134834,
-223, 74487345,
-222, 74833615,
-221, 75202603,
-220, 75558593,
-219, 75908762,
-218, 76267620,
-217, 76614890,
-216, 76967537,
-215, 77348133,
-214, 77696523,
-213, 78036331,
-212, 78395303,
-211, 78784080,
-210, 79116062,
-209, 79486643,
-208, 79840503,
-207, 80198170,
-206, 80539650,
-205, 80907017,
-204, 81269536,
-203, 81630773,
-202, 81987023,
-201, 82326531,
-200, 82686400,
-199, 83041123,
-198, 83394075,
-197, 83763663,
-196, 84110954,
-195, 84473286,
-194, 84818737,
-193, 85154196,
-192, 85513496,
-191, 85878389,
-190, 86229236,
-189, 86576894,
-188, 86919126,
-187, 87259316,
-186, 87622140,
-185, 87983526,
-184, 88355066,
-183, 88669736,
-182, 89032921,
-181, 89382087,
-180, 89720514,
-179, 90059837,
-178, 90417758,
-177, 90756847,
-176, 91116506,
-175, 91445828,
-174, 91784423,
-173, 92125870,
-172, 92470418,
-171, 92827476,
-170, 93169919,
-169, 93485674,
-168, 93852774,
-167, 94176571,
-166, 94544163,
-165, 94848954,
-164, 95183278,
-163, 95506907,
-162, 95852797,
-161, 96192363,
-160, 96502420,
-159, 96848901,
-158, 97189465,
-157, 97520254,
-156, 97846807,
-155, 98178319,
-154, 98488354,
-153, 98840633,
-152, 99146660,
-151, 99491089,
-150, 99793548,
-149, 100118446,
-148, 100441560,
-147, 100753276,
-146, 101083141,
-145, 101394334,
-144, 101712831,
-143, 102009580,
-142, 102325163,
-141, 102631175,
-140, 102951809,
-139, 103252855,
-138, 103593287,
-137, 103852180,
-136, 104173177,
-135, 104494973,
-134, 104803740,
-133, 105077842,
-132, 105391297,
-131, 105681954,
-130, 105997734,
-129, 106260869,
-128, 106596226,
-127, 106866015,
-126, 107150593,
-125, 107457972,
-124, 107741231,
-123, 108032594,
-122, 108307966,
-121, 108603182,
-120, 108886903,
-119, 109156226,
-118, 109421582,
-117, 109711640,
-116, 109991846,
-115, 110250314,
-114, 110509267,
-113, 110794662,
-112, 111046151,
-111, 111326088,
-110, 111587632,
-109, 111862565,
-108, 112121568,
-107, 112362815,
-106, 112612383,
-105, 112885112,
-104, 113144233,
-103, 113388771,
-102, 113663645,
-101, 113899648,
-100, 114126666,
-99, 114384937,
-98, 114616992,
-97, 114862692,
-96, 115080681,
-95, 115329937,
-94, 115582229,
-93, 115813741,
-92, 116044292,
-91, 116250397,
-90, 116497983,
-89, 116717995,
-88, 116912066,
-87, 117171568,
-86, 117376228,
-85, 117591566,
-84, 117795003,
-83, 118017593,
-82, 118235442,
-81, 118430552,
-80, 118643888,
-79, 118850022,
-78, 119027671,
-77, 119241602,
-76, 119436266,
-75, 119636890,
-74, 119808402,
-73, 120000844,
-72, 120194140,
-71, 120381947,
-70, 120564190,
-69, 120748458,
-68, 120939274,
-67, 121092725,
-66, 121288811,
-65, 121429763,
-64, 121619979,
-63, 121783851,
-62, 121950100,
-61, 122098441,
-60, 122262258,
-59, 122424030,
-58, 122567004,
-57, 122726816,
-56, 122881309,
-55, 123008037,
-54, 123149839,
-53, 123305639,
-52, 123420259,
-51, 123590633,
-50, 123708005,
-49, 123864726,
-48, 123975489,
-47, 124104214,
-46, 124238978,
-45, 124348156,
-44, 124480514,
-43, 124581043,
-42, 124691787,
-41, 124802132,
-40, 124926673,
-39, 125012156,
-38, 125127572,
-37, 125229795,
-36, 125306894,
-35, 125424757,
-34, 125510197,
-33, 125591222,
-32, 125659930,
-31, 125771322,
-30, 125842081,
-29, 125942687,
-28, 126012837,
-27, 126115196,
-26, 126148786,
-25, 126240877,
-24, 126294168,
-23, 126362178,
-22, 126410074,
-21, 126477470,
-20, 126531395,
-19, 126591484,
-18, 126657525,
-17, 126665405,
-16, 126731518,
-15, 126781142,
-14, 126808275,
-13, 126858781,
-12, 126886222,
-11, 126901984,
-10, 126945348,
-9, 126973792,
-8, 127022688,
-7, 127007496,
-6, 127044439,
-5, 127035856,
-4, 127064056,
-3, 127052038,
-2, 127066050,
-1, 127092586,
0, 127079892,
1, 127080822,
2, 127055273,
3, 127087335,
4, 127061555,
5, 127034847,
6, 127030850,
7, 127012564,
8, 126980326,
9, 126965246,
10, 126934237,
11, 126908199,
12, 126875978,
13, 126843011,
14, 126801863,
15, 126797303,
16, 126752493,
17, 126698594,
18, 126635739,
19, 126589275,
20, 126539036,
21, 126477991,
22, 126405606,
23, 126353767,
24, 126279244,
25, 126246037,
26, 126163405,
27, 126072857,
28, 125986160,
29, 125944695,
30, 125860273,
31, 125756733,
32, 125686563,
33, 125620969,
34, 125518757,
35, 125431071,
36, 125301174,
37, 125222923,
38, 125124598,
39, 125015568,
40, 124906802,
41, 124816722,
42, 124696282,
43, 124580426,
44, 124469118,
45, 124353822,
46, 124236452,
47, 124103261,
48, 123958122,
49, 123839361,
50, 123723040,
51, 123583252,
52, 123458509,
53, 123291552,
54, 123158569,
55, 123008851,
56, 122865065,
57, 122715426,
58, 122578380,
59, 122421317,
60, 122245098,
61, 122108537,
62, 121935754,
63, 121781031,
64, 121608923,
65, 121457556,
66, 121267074,
67, 121097033,
68, 120921721,
69, 120741041,
70, 120547533,
71, 120389751,
72, 120178298,
73, 120009508,
74, 119820868,
75, 119621808,
76, 119441927,
77, 119253833,
78, 119060509,
79, 118837785,
80, 118646397,
81, 118445387,
82, 118222266,
83, 117994826,
84, 117793528,
85, 117602626,
86, 117380487,
87, 117159765,
88, 116951684,
89, 116713688,
90, 116484974,
91, 116251406,
92, 116026940,
93, 115789605,
94, 115580933,
95, 115341915,
96, 115102697,
97, 114867455,
98, 114623822,
99, 114384558,
100, 114131039,
101, 113897727,
102, 113622729,
103, 113378166,
104, 113132200,
105, 112903689,
106, 112629123,
107, 112388507,
108, 112125182,
109, 111852741,
110, 111579468,
111, 111326284,
112, 111079732,
113, 110781299,
114, 110530371,
115, 110239080,
116, 109973650,
117, 109703956,
118, 109414711,
119, 109162354,
120, 108868148,
121, 108574104,
122, 108324118,
123, 108028015,
124, 107713916,
125, 107443044,
126, 107155285,
127, 106870777,
128, 106576808,
129, 106245011,
130, 105984193,
131, 105695691,
132, 105393839,
133, 105073143,
134, 104785372,
135, 104491341,
136, 104172191,
137, 103879882,
138, 103586688,
139, 103272345,
140, 102951520,
141, 102637455,
142, 102320012,
143, 102018764,
144, 101694442,
145, 101408291,
146, 101062898,
147, 100773353,
148, 100435760,
149, 100102479,
150, 99775166,
151, 99473120,
152, 99148744,
153, 98827790,
154, 98501709,
155, 98184691,
156, 97826393,
157, 97502832,
158, 97176600,
159, 96859578,
160, 96530800,
161, 96175974,
162, 95858708,
163, 95525032,
164, 95191758,
165, 94857200,
166, 94525486,
167, 94180803,
168, 93827043,
169, 93498146,
170, 93158260,
171, 92827613,
172, 92473745,
173, 92131472,
174, 91803857,
175, 91443940,
176, 91113281,
177, 90760344,
178, 90415599,
179, 90067490,
180, 89727680,
181, 89370881,
182, 89024533,
183, 88703162,
184, 88329348,
185, 87974545,
186, 87630535,
187, 87285565,
188, 86939744,
189, 86589619,
190, 86228174,
191, 85863922,
192, 85523718,
193, 85175727,
194, 84822732,
195, 84469402,
196, 84108707,
197, 83750700,
198, 83390874,
199, 83039730,
200, 82673625,
201, 82333187,
202, 81974377,
203, 81602924,
204, 81250177,
205, 80904576,
206, 80557940,
207, 80197953,
208, 79843458,
209, 79458148,
210, 79126646,
211, 78772846,
212, 78411559,
213, 78061455,
214, 77702063,
215, 77344414,
216, 76989123,
217, 76619757,
218, 76276618,
219, 75918926,
220, 75553448,
221, 75193078,
222, 74840968,
223, 74470152,
224, 74127263,
225, 73772320,
226, 73416523,
227, 73049787,
228, 72696547,
229, 72334591,
230, 71990919,
231, 71633994,
232, 71278285,
233, 70926947,
234, 70553427,
235, 70207586,
236, 69850960,
237, 69508697,
238, 69144263,
239, 68794014,
240, 68436864,
241, 68079816,
242, 67738706,
243, 67396778,
244, 67041649,
245, 66690769,
246, 66331749,
247, 65972556,
248, 65633310,
249, 65276052,
250, 64917196,
251, 64572640,
252, 64237683,
253, 63882528,
254, 63544355,
255, 63187674,
256, 62847820,
257, 62516268,
258, 62150113,
259, 61820760,
260, 61472688,
261, 61131298,
262, 60782059,
263, 60433665,
264, 60097995,
265, 59754434,
266, 59437020,
267, 59076194,
268, 58742208,
269, 58408635,
270, 58074390,
271, 57747114,
272, 57385009,
273, 57048582,
274, 56718128,
275, 56395488,
276, 56075506,
277, 55723471,
278, 55385873,
279, 55070182,
280, 54738755,
281, 54406947,
282, 54090340,
283, 53735256,
284, 53425673,
285, 53102687,
286, 52763181,
287, 52460687,
288, 52127935,
289, 51800578,
290, 51491001,
291, 51168470,
292, 50840994,
293, 50528180,
294, 50200298,
295, 49905673,
296, 49571874,
297, 49251429,
298, 48942020,
299, 48629466,
300, 48318629,
301, 48013304,
302, 47701307,
303, 47379364,
304, 47082681,
305, 46783038,
306, 46473006,
307, 46176951,
308, 45854393,
309, 45562882,
310, 45256529,
311, 44957417,
312, 44645090,
313, 44373871,
314, 44048679,
315, 43760049,
316, 43461846,
317, 43164914,
318, 42874084,
319, 42588511,
320, 42293059,
321, 42008036,
322, 41713809,
323, 41429696,
324, 41131254,
325, 40848027,
326, 40572297,
327, 40287419,
328, 40006317,
329, 39723739,
330, 39443216,
331, 39164160,
332, 38886060,
333, 38610468,
334, 38329636,
335, 38054776,
336, 37786255,
337, 37505714,
338, 37232734,
339, 36980209,
340, 36709603,
341, 36431352,
342, 36167723,
343, 35905088,
344, 35647629,
345, 35371895,
346, 35116921,
347, 34849077,
348, 34595961,
349, 34340471,
350, 34087386,
351, 33822698,
352, 33571334,
353, 33322076,
354, 33060584,
355, 32814394,
356, 32572631,
357, 32308244,
358, 32061290,
359, 31821518,
360, 31567115,
361, 31327522,
362, 31095234,
363, 30846217,
364, 30622121,
365, 30367077,
366, 30143750,
367, 29896766,
368, 29655228,
369, 29424104,
370, 29198313,
371, 28952073,
372, 28735822,
373, 28503635,
374, 28283694,
375, 28046627,
376, 27825279,
377, 27604034,
378, 27376173,
379, 27151682,
380, 26928823,
381, 26715612,
382, 26503521,
383, 26283836,
384, 26068359,
385, 25851205,
386, 25636066,
387, 25422104,
388, 25201028,
389, 25005444,
390, 24790773,
391, 24588854,
392, 24379061,
393, 24175474,
394, 23970126,
395, 23768455,
396, 23577478,
397, 23369123,
398, 23174187,
399, 22973858,
400, 22783147,
401, 22587958,
402, 22392793,
403, 22196923,
404, 22002938,
405, 21818609,
406, 21625209,
407, 21436208,
408, 21253657,
409, 21055070,
410, 20880191,
411, 20700488,
412, 20514672,
413, 20341189,
414, 20153283,
415, 19980934,
416, 19796328,
417, 19616918,
418, 19442636,
419, 19272296,
420, 19106427,
421, 18932908,
422, 18760938,
423, 18591754,
424, 18412937,
425, 18246513,
426, 18087621,
427, 17924564,
428, 17753909,
429, 17586650,
430, 17433500,
431, 17272023,
432, 17109022,
433, 16949545,
434, 16795834,
435, 16638977,
436, 16479648,
437, 16336284,
438, 16175871,
439, 16031826,
440, 15873909,
441, 15723667,
442, 15583018,
443, 15429874,
444, 15284689,
445, 15140150,
446, 14998685,
447, 14847893,
448, 14713780,
449, 14566611,
450, 14423580,
451, 14292246,
452, 14153802,
453, 14008540,
454, 13880532,
455, 13741398,
456, 13604029,
457, 13473277,
458, 13351057,
459, 13211950,
460, 13086443,
461, 12952337,
462, 12825597,
463, 12707358,
464, 12575080,
465, 12447960,
466, 12327900,
467, 12203510,
468, 12080537,
469, 11960245,
470, 11844090,
471, 11719665,
472, 11607340,
473, 11484268,
474, 11367815,
475, 11256551,
476, 11139669,
477, 11027533,
478, 10915737,
479, 10803454,
480, 10693905,
481, 10582569,
482, 10470085,
483, 10366878,
484, 10256140,
485, 10151102,
486, 10048099,
487, 9940931,
488, 9839984,
489, 9732524,
490, 9631975,
491, 9533446,
492, 9430802,
493, 9340730,
494, 9235376,
495, 9135089,
496, 9036413,
497, 8951814,
498, 8848981,
499, 8761557,
500, 8658454,
501, 8573602,
502, 8473171,
503, 8387713,
504, 8293666,
505, 8203209,
506, 8117239,
507, 8028384,
508, 7940335,
509, 7858569,
510, 7768598,
511, 7688132,
512, 7600360,
513, 7517883,
514, 7433323,
515, 7354197,
516, 7277790,
517, 7189847,
518, 7117320,
519, 7030957,
520, 6955051,
521, 6884073,
522, 6804961,
523, 6724494,
524, 6652774,
525, 6575152,
526, 6505056,
527, 6432799,
528, 6353274,
529, 6284218,
530, 6211328,
531, 6145075,
532, 6069825,
533, 6005575,
534, 5938190,
535, 5863327,
536, 5803667,
537, 5736609,
538, 5668537,
539, 5603859,
540, 5537055,
541, 5480034,
542, 5415162,
543, 5351071,
544, 5287480,
545, 5223596,
546, 5162722,
547, 5103981,
548, 5044850,
549, 4987903,
550, 4928467,
551, 4869233,
552, 4812843,
553, 4756029,
554, 4696851,
555, 4640944,
556, 4590166,
557, 4534159,
558, 4482100,
559, 4426542,
560, 4371707,
561, 4322720,
562, 4269389,
563, 4218845,
564, 4164684,
565, 4116542,
566, 4067963,
567, 4015862,
568, 3971150,
569, 3920042,
570, 3874694,
571, 3825103,
572, 3779010,
573, 3734606,
574, 3689262,
575, 3641152,
576, 3598019,
577, 3553815,
578, 3510041,
579, 3462564,
580, 3423496,
581, 3379799,
582, 3340411,
583, 3297807,
584, 3254572,
585, 3214248,
586, 3175815,
587, 3136156,
588, 3096109,
589, 3056295,
590, 3018434,
591, 2980382,
592, 2941751,
593, 2903769,
594, 2867635,
595, 2832893,
596, 2797292,
597, 2760252,
598, 2726576,
599, 2690485,
600, 2656874,
601, 2624609,
602, 2590226,
603, 2553689,
604, 2520846,
605, 2490464,
606, 2459764,
607, 2425527,
608, 2399197,
609, 2359298,
610, 2330460,
611, 2302066,
612, 2272818,
613, 2244685,
614, 2214793,
615, 2185893,
616, 2156780,
617, 2127884,
618, 2097730,
619, 2071010,
620, 2042732,
621, 2017053,
622, 1992152,
623, 1963734,
624, 1935415,
625, 1912447,
626, 1887394,
627, 1861935,
628, 1838245,
629, 1813988,
630, 1787613,
631, 1763115,
632, 1737610,
633, 1714915,
634, 1693454,
635, 1670992,
636, 1648224,
637, 1624099,
638, 1601835,
639, 1581289,
640, 1558223,
641, 1538260,
642, 1517440,
643, 1495794,
644, 1474764,
645, 1455464,
646, 1432712,
647, 1415137,
648, 1399758,
649, 1374673,
650, 1358110,
651, 1335853,
652, 1320783,
653, 1300406,
654, 1283784,
655, 1262207,
656, 1249729,
657, 1230210,
658, 1211477,
659, 1197257,
660, 1179463,
661, 1162326,
662, 1145842,
663, 1131337,
664, 1114008,
665, 1098693,
666, 1082746,
667, 1066730,
668, 1053849,
669, 1036636,
670, 1023308,
671, 1007305,
672, 993140,
673, 977154,
674, 965195,
675, 950255,
676, 936765,
677, 923607,
678, 908748,
679, 896796,
680, 883729,
681, 869690,
682, 858375,
683, 846807,
684, 834953,
685, 820735,
686, 810250,
687, 799660,
688, 787345,
689, 774783,
690, 764797,
691, 752220,
692, 740642,
693, 729202,
694, 719839,
695, 708582,
696, 699822,
697, 688341,
698, 675533,
699, 667428,
700, 657627,
701, 647050,
702, 638447,
703, 627785,
704, 619203,
705, 609531,
706, 599209,
707, 592718,
708, 583667,
709, 574471,
710, 564954,
711, 555932,
712, 547289,
713, 539602,
714, 531582,
715, 522856,
716, 515702,
717, 507792,
718, 499892,
719, 494022,
720, 484367,
721, 477972,
722, 470025,
723, 462144,
724, 454611,
725, 449102,
726, 441326,
727, 434815,
728, 427220,
729, 422115,
730, 414052,
731, 407158,
732, 401162,
733, 395527,
734, 389408,
735, 382813,
736, 376540,
737, 370399,
738, 365748,
739, 360305,
740, 353397,
741, 347704,
742, 342321,
743, 336804,
744, 332764,
745, 326839,
746, 321063,
747, 315962,
748, 311305,
749, 305636,
750, 301391,
751, 297060,
752, 291342,
753, 287900,
754, 283379,
755, 278657,
756, 273649,
757, 269067,
758, 264382,
759, 260875,
760, 256824,
761, 253662,
762, 248125,
763, 244039,
764, 240188,
765, 236457,
766, 231910,
767, 228330,
768, 225182,
769, 221853,
770, 217887,
771, 213830,
772, 211174,
773, 207765,
774, 203091,
775, 200402,
776, 196752,
777, 193178,
778, 190187,
779, 186978,
780, 183955,
781, 180943,
782, 177629,
783, 174333,
784, 172295,
785, 169521,
786, 166747,
787, 164577,
788, 160781,
789, 157363,
790, 155702,
791, 153516,
792, 150101,
793, 148126,
794, 145497,
795, 143036,
796, 140829,
797, 138371,
798, 136199,
799, 133399,
800, 131477,
801, 128342,
802, 126918,
803, 124204,
804, 121800,
805, 120645,
806, 118546,
807, 116088,
808, 114072,
809, 111637,
810, 110136,
811, 108518,
812, 106961,
813, 104816,
814, 102515,
815, 101498,
816, 98926,
817, 97956,
818, 95843,
819, 94383,
820, 92389,
821, 90763,
822, 89249,
823, 87582,
824, 85911,
825, 84556,
826, 83353,
827, 81818,
828, 80332,
829, 79296,
830, 77318,
831, 76491,
832, 75076,
833, 73602,
834, 72253,
835, 71101,
836, 69783,
837, 68104,
838, 67182,
839, 66006,
840, 65037,
841, 63507,
842, 62596,
843, 61765,
844, 60470,
845, 58978,
846, 57879,
847, 56870,
848, 56222,
849, 54509,
850, 53819,
851, 53110,
852, 52259,
853, 51547,
854, 50223,
855, 49273,
856, 48440,
857, 47757,
858, 46732,
859, 45664,
860, 44761,
861, 43979,
862, 43428,
863, 42643,
864, 41816,
865, 40836,
866, 40190,
867, 39472,
868, 39126,
869, 38324,
870, 37298,
871, 36736,
872, 36155,
873, 35346,
874, 34641,
875, 33791,
876, 33723,
877, 32868,
878, 32363,
879, 31834,
880, 31017,
881, 29904,
882, 29908,
883, 29017,
884, 28810,
885, 28157,
886, 27730,
887, 26953,
888, 26806,
889, 26303,
890, 25761,
891, 25012,
892, 24514,
893, 23990,
894, 23601,
895, 23252,
896, 22844,
897, 22470,
898, 22127,
899, 21703,
900, 20991,
901, 20809,
902, 20160,
903, 20005,
904, 19361,
905, 19057,
906, 18871,
907, 18379,
908, 17951,
909, 17800,
910, 17460,
911, 16984,
912, 16758,
913, 16082,
914, 16110,
915, 15848,
916, 15209,
917, 15086,
918, 14546,
919, 14478,
920, 14396,
921, 14243,
922, 13613,
923, 13608,
924, 13187,
925, 12960,
926, 12655,
927, 12410,
928, 12293,
929, 11889,
930, 11999,
931, 11386,
932, 11178,
933, 11109,
934, 10865,
935, 10528,
936, 10481,
937, 10399,
938, 9999,
939, 9656,
940, 9586,
941, 9450,
942, 9161,
943, 8945,
944, 8651,
945, 8878,
946, 8424,
947, 8219,
948, 8154,
949, 7981,
950, 7775,
951, 7668,
952, 7492,
953, 7336,
954, 7159,
955, 7191,
956, 7056,
957, 6748,
958, 6543,
959, 6551,
960, 6275,
961, 6290,
962, 6133,
963, 6011,
964, 5867,
965, 5751,
966, 5493,
967, 5507,
968, 5352,
969, 5322,
970, 5216,
971, 5096,
972, 4976,
973, 4829,
974, 4699,
975, 4508,
976, 4572,
977, 4440,
978, 4424,
979, 4359,
980, 4147,
981, 4112,
982, 3989,
983, 3946,
984, 3924,
985, 3738,
986, 3830,
987, 3603,
988, 3507,
989, 3466,
990, 3377,
991, 3277,
992, 3391,
993, 3196,
994, 3115,
995, 3086,
996, 2992,
997, 2855,
998, 2869,
999, 2806,
1000, 2726,
1001, 2603,
1002, 2687,
1003, 2571,
1004, 2539,
1005, 2540,
1006, 2498,
1007, 2326,
1008, 2262,
1009, 2317,
1010, 2091,
1011, 2129,
1012, 2151,
1013, 2090,
1014, 1990,
1015, 2012,
1016, 1913,
1017, 1907,
1018, 1881,
1019, 1817,
1020, 1804,
1021, 1783,
1022, 1750,
1023, 1636,
1024, 1541,
1025, 1602,
1026, 1585,
1027, 1447,
1028, 1492,
1029, 1443,
1030, 1426,
1031, 1440,
1032, 1381,
1033, 1349,
1034, 1319,
1035, 1269,
1036, 1306,
1037, 1292,
1038, 1219,
1039, 1219,
1040, 1157,
1041, 1156,
1042, 1096,
1043, 1070,
1044, 1043,
1045, 1042,
1046, 1019,
1047, 970,
1048, 992,
1049, 905,
1050, 899,
1051, 913,
1052, 910,
1053, 850,
1054, 832,
1055, 825,
1056, 788,
1057, 787,
1058, 744,
1059, 738,
1060, 737,
1061, 729,
1062, 657,
1063, 689,
1064, 709,
1065, 628,
1066, 630,
1067, 634,
1068, 578,
1069, 564,
1070, 600,
1071, 570,
1072, 580,
1073, 527,
1074, 514,
1075, 519,
1076, 533,
1077, 447,
1078, 449,
1079, 436,
1080, 454,
1081, 484,
1082, 466,
1083, 457,
1084, 413,
1085, 424,
1086, 386,
1087, 383,
1088, 402,
1089, 386,
1090, 341,
1091, 355,
1092, 353,
1093, 325,
1094, 335,
1095, 317,
1096, 326,
1097, 283,
1098, 314,
1099, 297,
1100, 280,
1101, 295,
1102, 252,
1103, 286,
1104, 254,
1105, 240,
1106, 234,
1107, 253,
1108, 239,
1109, 235,
1110, 223,
1111, 223,
1112, 225,
1113, 223,
1114, 194,
1115, 186,
1116, 193,
1117, 189,
1118, 226,
1119, 160,
1120, 162,
1121, 180,
1122, 162,
1123, 162,
1124, 163,
1125, 149,
1126, 150,
1127, 150,
1128, 136,
1129, 169,
1130, 147,
1131, 112,
1132, 133,
1133, 132,
1134, 124,
1135, 114,
1136, 104,
1137, 120,
1138, 102,
1139, 125,
1140, 108,
1141, 88,
1142, 95,
1143, 110,
1144, 106,
1145, 108,
1146, 104,
1147, 106,
1148, 112,
1149, 77,
1150, 86,
1151, 86,
1152, 88,
1153, 78,
1154, 80,
1155, 87,
1156, 83,
1157, 66,
1158, 67,
1159, 68,
1160, 87,
1161, 60,
1162, 62,
1163, 63,
1164, 69,
1165, 65,
1166, 53,
1167, 50,
1168, 44,
1169, 44,
1170, 43,
1171, 59,
1172, 46,
1173, 49,
1174, 43,
1175, 41,
1176, 35,
1177, 58,
1178, 39,
1179, 51,
1180, 40,
1181, 49,
1182, 41,
1183, 30,
1184, 38,
1185, 31,
1186, 42,
1187, 27,
1188, 29,
1189, 31,
1190, 33,
1191, 31,
1192, 32,
1193, 30,
1194, 31,
1195, 25,
1196, 27,
1197, 36,
1198, 21,
1199, 20,
1200, 25,
1201, 20,
1202, 15,
1203, 26,
1204, 18,
1205, 18,
1206, 29,
1207, 21,
1208, 17,
1209, 22,
1210, 19,
1211, 16,
1212, 17,
1213, 12,
1214, 13,
1215, 21,
1216, 9,
1217, 12,
1218, 7,
1219, 13,
1220, 15,
1221, 17,
1222, 12,
1223, 13,
1224, 13,
1225, 11,
1226, 16,
1227, 11,
1228, 15,
1229, 11,
1230, 14,
1231, 10,
1232, 7,
1233, 9,
1234, 2,
1235, 11,
1236, 5,
1237, 6,
1238, 12,
1239, 9,
1240, 8,
1241, 9,
1242, 8,
1243, 7,
1244, 8,
1245, 5,
1246, 6,
1247, 10,
1248, 10,
1249, 8,
1250, 7,
1251, 7,
1252, 10,
1253, 9,
1254, 3,
1255, 6,
1256, 6,
1257, 2,
1258, 4,
1259, 3,
1260, 6,
1261, 5,
1262, 11,
1263, 8,
1264, 2,
1265, 6,
1266, 5,
1267, 2,
1268, 4,
1269, 3,
1270, 2,
1271, 3,
1272, 4,
1273, 7,
1274, 5,
1275, 2,
1276, 5,
1277, 3,
1278, 4,
1279, 6,
1280, 2,
1281, 0,
1282, 3,
1283, 2,
1284, 2,
1285, 3,
1286, 3,
1287, 4,
1288, 1,
1289, 5,
1290, 2,
1291, 1,
1292, 5,
1293, 0,
1294, 3,
1295, 1,
1296, 3,
1297, 0,
1298, 0,
1299, 1,
1300, 0,
1301, 1,
1302, 2,
1303, 1,
1304, 2,
1305, 2,
1306, 4,
1307, 1,
1308, 1,
1309, 2,
1310, 1,
1311, 0,
1312, 0,
1313, 0,
1314, 0,
1315, 0,
1316, 0,
1317, 0,
1318, 0,
1319, 3,
1320, 1,
1321, 0,
1322, 0,
1323, 0,
1324, 0,
1325, 0,
1326, 0,
1327, 1,
1328, 1,
1329, 0,
1330, 1,
1331, 2,
1332, 2,
1333, 0,
1334, 0,
1335, 0,
1336, 1,
1337, 0,
1338, 1,
1339, 0,
1340, 0,
1341, 0,
1342, 1,
1343, 2,
1344, 0,
1345, 0,
1346, 1,
1347, 1,
1348, 0,
1349, 3,
1350, 0,
1351, 0,
1352, 1,
1353, 0,
1354, 0,
1355, 0,
1356, 2,
1357, 0,
1358, 0,
1359, 0,
1360, 1,
1361, 0,
1362, 1,
1363, 0,
1364, 1,
1365, 0,
1366, 0,
1367, 0,
1368, 0,
1369, 0,
1370, 0,
1371, 1,
1372, 0,
1373, 1,
1374, 0,
1375, 0,
1376, 0,
1377, 0,
1378, 0,
1379, 0,
1380, 0,
1381, 3,
1382, 0,
1383, 0,
1384, 0,
1385, 0,
1386, 0,
1387, 0,
1388, 0,
1389, 0,
1390, 0,
1391, 0,
1392, 0,
1393, 0,
1394, 0,
1395, 0,
1396, 0,
1397, 0,
1398, 0,
1399, 0,
1400, 0,
1401, 0,
1402, 0,
1403, 0,
1404, 0,
1405, 0,
1406, 1,
1407, 0,
1408, 0,
1409, 0,
1410, 0,
1411, 0,
1412, 0,
1413, 0,
1414, 0,
1415, 0,
1416, 0,
1417, 0,
1418, 1,
1419, 0,
1420, 0,
1421, 0,
1422, 0,
1423, 0,
1424, 0,
1425, 0,
1426, 0,
1427, 1,
1428, 0,
1429, 0,
1430, 0,
1431, 0,
1432, 0,
1433, 0,
1434, 1,
1435, 0,
1436, 0,
1437, 0,
1438, 0,
1439, 0,
1440, 0,
1441, 0,
1442, 0,
1443, 0,
1444, 0,
1445, 0,
1446, 0,
1447, 0,
1448, 0,
1449, 0,
1450, 0,
1451, 0,
1452, 0,
1453, 0,
1454, 0,
1455, 0,
1456, 0,
1457, 0,
1458, 0,
1459, 0,
1460, 0,
1461, 0,
1462, 0,
1463, 0,
1464, 0,
1465, 0,
1466, 0,
1467, 0,
1468, 0,
1469, 0,
1470, 0,
1471, 0,
1472, 0,
1473, 0,
1474, 0,
1475, 0,
1476, 0,
1477, 0,
1478, 0,
1479, 0,
1480, 0,
1481, 0,
1482, 0,
1483, 0,
1484, 0,
1485, 0,
1486, 0,
1487, 0,
1488, 0,
1489, 0,
1490, 0,
1491, 0,
1492, 0,
1493, 0,
1494, 0,
1495, 0,
1496, 0,
1497, 0,
1498, 0,
1499, 0,
1500, 0,
1501, 0,
1502, 0,
1503, 0,
1504, 0,
1505, 0,
1506, 0,
1507, 0,
1508, 0,
1509, 0,
1510, 0,
1511, 0,
1512, 0,
1513, 0,
1514, 0,
1515, 0,
1516, 0,
1517, 0,
1518, 0,
1519, 0,
1520, 0,
1521, 0,
1522, 0,
1523, 0,
1524, 0,
1525, 0,
1526, 0,
1527, 0,
1528, 0,
1529, 0,
1530, 0,
1531, 0,
1532, 0,
1533, 0,
1534, 0,
1535, 0,
1536, 0,
1537, 0,
1538, 0,
1539, 0,
1540, 0,
1541, 0,
1542, 0,
1543, 0,
1544, 0,
1545, 0,
1546, 0,
1547, 0,
1548, 0,
1549, 0,
1550, 0,
1551, 0,
1552, 0,
1553, 0,
1554, 0,
1555, 0,
1556, 0,
1557, 0,
1558, 0,
1559, 0,
1560, 0,
1561, 0,
1562, 0,
1563, 0,
1564, 0,
1565, 0,
1566, 0,
1567, 0,
1568, 0,
1569, 0,
1570, 0,
1571, 0,
1572, 0,
1573, 0,
1574, 0,
1575, 0,
1576, 0,
1577, 0,
1578, 0,
1579, 0,
1580, 0,
1581, 0,
1582, 0,
1583, 0,
1584, 0,
1585, 0,
1586, 0,
1587, 0,
1588, 0,
1589, 0,
1590, 0,
1591, 0,
1592, 0,
1593, 0,
1594, 0,
1595, 0,
1596, 0,
1597, 0,
1598, 0,
1599, 0,
1600, 0,
1601, 0,
1602, 0,
1603, 0,
1604, 0,
1605, 0,
1606, 0,
1607, 0,
1608, 0,
1609, 0,
1610, 0,
1611, 0,
1612, 0,
1613, 0,
1614, 0,
1615, 0,
1616, 0,
1617, 0,
1618, 0,
1619, 0,
1620, 0,
1621, 0,
1622, 0,
1623, 0,
1624, 0,
1625, 0,
1626, 0,
1627, 0,
1628, 0,
1629, 0,
1630, 0,
1631, 0,
1632, 0,
1633, 0,
1634, 0,
1635, 0,
1636, 0,
1637, 0,
1638, 0,
1639, 0,
1640, 0,
1641, 0,
1642, 0,
1643, 0,
1644, 0,
1645, 0,
1646, 0,
1647, 0,
1648, 0,
1649, 0,
1650, 0,
1651, 0,
1652, 0,
1653, 0,
1654, 0,
1655, 0,
1656, 0,
1657, 0,
1658, 0,
1659, 0,
1660, 0,
1661, 0,
1662, 0,
1663, 0,
1664, 0,
1665, 0,
1666, 0,
1667, 0,
1668, 0,
1669, 0,
1670, 0,
1671, 0,
1672, 0,
1673, 0,
1674, 0,
1675, 0,
1676, 0,
1677, 0,
1678, 0,
1679, 0,
1680, 0,
1681, 0,
1682, 0,
1683, 0,
1684, 0,
1685, 0,
1686, 0,
1687, 0,
1688, 0,
1689, 0,
1690, 0,
1691, 0,
1692, 0,
1693, 0,
1694, 0,
1695, 0,
1696, 0,
1697, 0,
1698, 0,
1699, 0,
1700, 0,
1701, 0,
1702, 0,
1703, 0,
1704, 0,
1705, 0,
1706, 0,
1707, 0,
1708, 0,
1709, 0,
1710, 0,
1711, 0,
1712, 0,
1713, 0,
1714, 0,
1715, 0,
1716, 0,
1717, 0,
1718, 0,
1719, 0,
1720, 0,
1721, 0,
1722, 0,
1723, 0,
1724, 0,
1725, 0,
1726, 0,
1727, 0,
1728, 0,
1729, 0,
1730, 0,
1731, 0,
1732, 0,
1733, 0,
1734, 0,
1735, 0,
1736, 0,
1737, 0,
1738, 0,
1739, 0,
1740, 0,
1741, 0,
1742, 0,
1743, 0,
1744, 0,
1745, 0,
1746, 0,
1747, 0,
1748, 0,
1749, 0,
1750, 0,
1751, 0,
1752, 0,
1753, 0,
1754, 0,
1755, 0,
1756, 0,
1757, 0,
1758, 0,
1759, 0,
1760, 0,
1761, 0,
1762, 0,
1763, 0,
1764, 0,
1765, 0,
1766, 0,
1767, 0,
1768, 0,
1769, 0,
1770, 0,
1771, 0,
1772, 0,
1773, 0,
1774, 0,
1775, 0,
1776, 0,
1777, 0,
1778, 0,
1779, 0,
1780, 0,
1781, 0,
1782, 0,
1783, 0,
1784, 0,
1785, 0,
1786, 0,
1787, 0,
1788, 0,
1789, 0,
1790, 0,
1791, 0,
1792, 0,
1793, 0,
1794, 0,
1795, 0,
1796, 0,
1797, 0,
1798, 0,
1799, 0,
1800, 0,
1801, 0,
1802, 0,
1803, 0,
1804, 0,
1805, 0,
1806, 0,
1807, 0,
1808, 0,
1809, 0,
1810, 0,
1811, 0,
1812, 0,
1813, 0,
1814, 0,
1815, 0,
1816, 0,
1817, 0,
1818, 0,
1819, 0,
1820, 0,
1821, 0,
1822, 0,
1823, 0,
1824, 0,
1825, 0,
1826, 0,
1827, 0,
1828, 0,
1829, 0,
1830, 0,
1831, 0,
1832, 0,
1833, 0,
1834, 0,
1835, 0,
1836, 0,
1837, 0,
1838, 0,
1839, 0,
1840, 0,
1841, 0,
1842, 0,
1843, 0,
1844, 0,
1845, 0,
1846, 0,
1847, 0,
1848, 0,
1849, 0,
1850, 0,
1851, 0,
1852, 0,
1853, 0,
1854, 0,
1855, 0,
1856, 0,
1857, 0,
1858, 0,
1859, 0,
1860, 0,
1861, 0,
1862, 0,
1863, 0,
1864, 0,
1865, 0,
1866, 0,
1867, 0,
1868, 0,
1869, 0,
1870, 0,
1871, 0,
1872, 0,
1873, 0,
1874, 0,
1875, 0,
1876, 0,
1877, 0,
1878, 0,
1879, 0,
1880, 0,
1881, 0,
1882, 0,
1883, 0,
1884, 0,
1885, 0,
1886, 0,
1887, 0,
1888, 0,
1889, 0,
1890, 0,
1891, 0,
1892, 0,
1893, 0,
1894, 0,
1895, 0,
1896, 0,
1897, 0,
1898, 0,
1899, 0,
1900, 0,
1901, 0,
1902, 0,
1903, 0,
1904, 0,
1905, 0,
1906, 0,
1907, 0,
1908, 0,
1909, 0,
1910, 0,
1911, 0,
1912, 0,
1913, 0,
1914, 0,
1915, 0,
1916, 0,
1917, 0,
1918, 0,
1919, 0,
1920, 0,
1921, 0,
1922, 0,
1923, 0,
1924, 0,
1925, 0,
1926, 0,
1927, 0,
1928, 0,
1929, 0,
1930, 0,
1931, 0,
1932, 0,
1933, 0,
1934, 0,
1935, 0,
1936, 0,
1937, 0,
1938, 0,
1939, 0,
1940, 0,
1941, 0,
1942, 0,
1943, 0,
1944, 0,
1945, 0,
1946, 0,
1947, 0,
1948, 0,
1949, 0,
1950, 0,
1951, 0,
1952, 0,
1953, 0,
1954, 0,
1955, 0,
1956, 0,
1957, 0,
1958, 0,
1959, 0,
1960, 0,
1961, 0,
1962, 0,
1963, 0,
1964, 0,
1965, 0,
1966, 0,
1967, 0,
1968, 0,
1969, 0,
1970, 0,
1971, 0,
1972, 0,
1973, 0,
1974, 0,
1975, 0,
1976, 0,
1977, 0,
1978, 0,
1979, 0,
1980, 0,
1981, 0,
1982, 0,
1983, 0,
1984, 0,
1985, 0,
1986, 0,
1987, 0,
1988, 0,
1989, 0,
1990, 0,
1991, 0,
1992, 0,
1993, 0,
1994, 0,
1995, 0,
1996, 0,
1997, 0,
1998, 0,
1999, 0,
2000, 0,
2001, 0,
2002, 0,
2003, 0,
2004, 0,
2005, 0,
2006, 0,
2007, 0,
2008, 0,
2009, 0,
2010, 0,
2011, 0,
2012, 0,
2013, 0,
2014, 0,
2015, 0,
2016, 0,
2017, 0,
2018, 0,
2019, 0,
2020, 0,
2021, 0,
2022, 0,
2023, 0,
2024, 0,
2025, 0,
2026, 0,
2027, 0,
2028, 0,
2029, 0,
2030, 0,
2031, 0,
2032, 0,
2033, 0,
2034, 0,
2035, 0,
2036, 0,
2037, 0,
2038, 0,
2039, 0,
2040, 0,
2041, 0,
2042, 0,
2043, 0,
2044, 0,
2045, 0,
2046, 0,
2047, 0,
2048, 0,
2049, 0,
2050, 0,
2051, 0,
2052, 0,
2053, 0,
2054, 0,
2055, 0,
2056, 0,
2057, 0,
2058, 0,
2059, 0,
2060, 0,
2061, 0,
2062, 0,
2063, 0,
2064, 0,
2065, 0,
2066, 0,
2067, 0,
2068, 0,
2069, 0,
2070, 0,
2071, 0,
2072, 0,
2073, 0,
2074, 0,
2075, 0,
2076, 0,
2077, 0,
2078, 0,
2079, 0,
2080, 0,
2081, 0,
2082, 0,
2083, 0,
2084, 0,
2085, 0,
2086, 0,
2087, 0,
2088, 0,
2089, 0,
2090, 0,
2091, 0,
2092, 0,
2093, 0,
2094, 0,
2095, 0,
2096, 0,
2097, 0,
2098, 0,
2099, 0,
2100, 0,
2101, 0,
2102, 0,
2103, 0,
2104, 0,
2105, 0,
2106, 0,
2107, 0,
2108, 0,
2109, 0,
2110, 0,
2111, 0,
2112, 0,
2113, 0,
2114, 0,
2115, 0,
2116, 0,
2117, 0,
2118, 0,
2119, 0,
2120, 0,
2121, 0,
2122, 0,
2123, 0,
2124, 0,
2125, 0,
2126, 0,
2127, 0,
2128, 0,
2129, 0,
2130, 0,
2131, 0,
2132, 0,
2133, 0,
2134, 0,
2135, 0,
2136, 0,
2137, 0,
2138, 0,
2139, 0,
2140, 0,
2141, 0,
2142, 0,
2143, 0,
2144, 0,
2145, 0,
2146, 0,
2147, 0,
2148, 0,
2149, 0,
2150, 0,
2151, 0,
2152, 0,
2153, 0,
2154, 0,
2155, 0,
2156, 0,
2157, 0,
2158, 0,
2159, 0,
2160, 0,
2161, 0,
2162, 0,
2163, 0,
2164, 0,
2165, 0,
2166, 0,
2167, 0,
2168, 0,
2169, 0,
2170, 0,
2171, 0,
2172, 0,
2173, 0,
2174, 0,
2175, 0,
2176, 0,
2177, 0,
2178, 0,
2179, 0,
2180, 0,
2181, 0,
2182, 0,
2183, 0,
2184, 0,
2185, 0,
2186, 0,
2187, 0,
2188, 0,
2189, 0,
2190, 0,
2191, 0,
2192, 0,
2193, 0,
2194, 0,
2195, 0,
2196, 0,
2197, 0,
2198, 0,
2199, 0,
2200, 0,
2201, 0,
2202, 0,
2203, 0,
2204, 0,
2205, 0,
2206, 0,
2207, 0,
2208, 0,
2209, 0,
2210, 0,
2211, 0,
2212, 0,
2213, 0,
2214, 0,
2215, 0,
2216, 0,
2217, 0,
2218, 0,
2219, 0,
2220, 0,
2221, 0,
2222, 0,
2223, 0,
2224, 0,
2225, 0,
2226, 0,
2227, 0,
2228, 0,
2229, 0,
2230, 0,
2231, 0,
2232, 0,
2233, 0,
2234, 0,
2235, 0,
2236, 0,
2237, 0,
2238, 0,
2239, 0,
2240, 0,
2241, 0,
2242, 0,
2243, 0,
2244, 0,
2245, 0,
2246, 0,
2247, 0,
2248, 0,
2249, 0,
2250, 0,
2251, 0,
2252, 0,
2253, 0,
2254, 0,
2255, 0,
2256, 0,
2257, 0,
2258, 0,
2259, 0,
2260, 0,
2261, 0,
2262, 0,
2263, 0,
2264, 0,
2265, 0,
2266, 0,
2267, 0,
2268, 0,
2269, 0,
2270, 0,
2271, 0,
2272, 0,
2273, 0,
2274, 0,
2275, 0,
2276, 0,
2277, 0,
2278, 0,
2279, 0,
2280, 0,
2281, 0,
2282, 0,
2283, 0,
2284, 0,
2285, 0,
2286, 0,
2287, 0,
2288, 0,
2289, 0,
2290, 0,
2291, 0,
2292, 0,
2293, 0,
2294, 0,
2295, 0,
2296, 0,
2297, 0,
2298, 0,
2299, 0,
2300, 0,
2301, 0,
2302, 0,
2303, 0,
2304, 0,
2305, 0,
2306, 0,
2307, 0,
2308, 0,
2309, 0,
2310, 0,
2311, 0,
2312, 0,
2313, 0,
2314, 0,
2315, 0,
2316, 0,
2317, 0,
2318, 0,
2319, 0,
2320, 0,
2321, 0,
2322, 0,
2323, 0,
2324, 0,
2325, 0,
2326, 0,
2327, 0,
2328, 0,
2329, 0,
2330, 0,
2331, 0,
2332, 0,
2333, 0,
2334, 0,
2335, 0,
2336, 0,
2337, 0,
2338, 0,
2339, 0,
2340, 0,
2341, 0,
2342, 0,
2343, 0,
2344, 0,
2345, 0,
2346, 0,
2347, 0,
2348, 0,
2349, 0,
2350, 0,
2351, 0,
2352, 0,
2353, 0,
2354, 0,
2355, 0,
2356, 0,
2357, 0,
2358, 0,
2359, 0,
2360, 0,
2361, 0,
2362, 0,
2363, 0,
2364, 0,
2365, 0,
2366, 0,
2367, 0,
2368, 0,
2369, 0,
2370, 0,
2371, 0,
2372, 0,
2373, 0,
2374, 0,
2375, 0,
2376, 0,
2377, 0,
2378, 0,
2379, 0,
2380, 0,
2381, 0,
2382, 0,
2383, 0,
2384, 0,
2385, 0,
2386, 0,
2387, 0,
2388, 0,
2389, 0,
2390, 0,
2391, 0,
2392, 0,
2393, 0,
2394, 0,
2395, 0,
2396, 0,
2397, 0,
2398, 0,
2399, 0,
2400, 0,
2401, 0,
2402, 0,
2403, 0,
2404, 0,
2405, 0,
2406, 0,
2407, 0,
2408, 0,
2409, 0,
2410, 0,
2411, 0,
2412, 0,
2413, 0,
2414, 0,
2415, 0,
2416, 0,
2417, 0,
2418, 0,
2419, 0,
2420, 0,
2421, 0,
2422, 0,
2423, 0,
2424, 0,
2425, 0,
2426, 0,
2427, 0,
2428, 0,
2429, 0,
2430, 0,
2431, 0,
2432, 0,
2433, 0,
2434, 0,
2435, 0,
2436, 0,
2437, 0,
2438, 0,
2439, 0,
2440, 0,
2441, 0,
2442, 0,
2443, 0,
2444, 0,
2445, 0,
2446, 0,
2447, 0,
2448, 0,
2449, 0,
2450, 0,
2451, 0,
2452, 0,
2453, 0,
2454, 0,
2455, 0,
2456, 0,
2457, 0,
2458, 0,
2459, 0,
2460, 0,
2461, 0,
2462, 0,
2463, 0,
2464, 0,
2465, 0,
2466, 0,
2467, 0,
2468, 0,
2469, 0,
2470, 0,
2471, 0,
2472, 0,
2473, 0,
2474, 0,
2475, 0,
2476, 0,
2477, 0,
2478, 0,
2479, 0,
2480, 0,
2481, 0,
2482, 0,
2483, 0,
2484, 0,
2485, 0,
2486, 0,
2487, 0,
2488, 0,
2489, 0,
2490, 0,
2491, 0,
2492, 0,
2493, 0,
2494, 0,
2495, 0,
2496, 0,
2497, 0,
2498, 0,
2499, 0,
2500, 0,
2501, 0,
2502, 0,
2503, 0,
2504, 0,
2505, 0,
2506, 0,
2507, 0,
2508, 0,
2509, 0,
2510, 0,
2511, 0,
2512, 0,
2513, 0,
2514, 0,
2515, 0,
2516, 0,
2517, 0,
2518, 0,
2519, 0,
2520, 0,
2521, 0,
2522, 0,
2523, 0,
2524, 0,
2525, 0,
2526, 0,
2527, 0,
2528, 0,
2529, 0,
2530, 0,
2531, 0,
2532, 0,
2533, 0,
2534, 0,
2535, 0,
2536, 0,
2537, 0,
2538, 0,
2539, 0,
2540, 0,
2541, 0,
2542, 0,
2543, 0,
2544, 0,
2545, 0,
2546, 0,
2547, 0,
2548, 0,
2549, 0,
2550, 0,
2551, 0,
2552, 0,
2553, 0,
2554, 0,
2555, 0,
2556, 0,
2557, 0,
2558, 0,
2559, 0,
2560, 0,
2561, 0,
2562, 0,
2563, 0,
2564, 0,
2565, 0,
2566, 0,
2567, 0,
2568, 0,
2569, 0,
2570, 0,
2571, 0,
2572, 0,
2573, 0,
2574, 0,
2575, 0,
2576, 0,
2577, 0,
2578, 0,
2579, 0,
2580, 0,
2581, 0,
2582, 0,
2583, 0,
2584, 0,
2585, 0,
2586, 0,
2587, 0,
2588, 0,
2589, 0,
2590, 0,
2591, 0,
2592, 0,
2593, 0,
2594, 0,
2595, 0,
2596, 0,
2597, 0,
2598, 0,
2599, 0,
2600, 0,
2601, 0,
2602, 0,
2603, 0,
2604, 0,
2605, 0,
2606, 0,
2607, 0,
2608, 0,
2609, 0,
2610, 0,
2611, 0,
2612, 0,
2613, 0,
2614, 0,
2615, 0,
2616, 0,
2617, 0,
2618, 0,
2619, 0,
2620, 0,
2621, 0,
2622, 0,
2623, 0,
2624, 0,
2625, 0,
2626, 0,
2627, 0,
2628, 0,
2629, 0,
2630, 0,
2631, 0,
2632, 0,
2633, 0,
2634, 0,
2635, 0,
2636, 0,
2637, 0,
2638, 0,
2639, 0,
2640, 0,
2641, 0,
2642, 0,
2643, 0,
2644, 0,
2645, 0,
2646, 0,
2647, 0,
2648, 0,
2649, 0,
2650, 0,
2651, 0,
2652, 0,
2653, 0,
2654, 0,
2655, 0,
2656, 0,
2657, 0,
2658, 0,
2659, 0,
2660, 0,
2661, 0,
2662, 0,
2663, 0,
2664, 0,
2665, 0,
2666, 0,
2667, 0,
2668, 0,
2669, 0,
2670, 0,
2671, 0,
2672, 0,
2673, 0,
2674, 0,
2675, 0,
2676, 0,
2677, 0,
2678, 0,
2679, 0,
2680, 0,
2681, 0,
2682, 0,
2683, 0,
2684, 0,
2685, 0,
2686, 0,
2687, 0,
2688, 0,
2689, 0,
2690, 0,
2691, 0,
2692, 0,
2693, 0,
2694, 0,
2695, 0,
2696, 0,
2697, 0,
2698, 0,
2699, 0,
2700, 0,
2701, 0,
2702, 0,
2703, 0,
2704, 0,
2705, 0,
2706, 0,
2707, 0,
2708, 0,
2709, 0,
2710, 0,
2711, 0,
2712, 0,
2713, 0,
2714, 0,
2715, 0,
2716, 0,
2717, 0,
2718, 0,
2719, 0,
2720, 0,
2721, 0,
2722, 0,
2723, 0,
2724, 0,
2725, 0,
2726, 0,
2727, 0,
2728, 0,
2729, 0,
2730, 0,
2731, 0,
2732, 0,
2733, 0,
2734, 0,
2735, 0,
2736, 0,
2737, 0,
2738, 0,
2739, 0,
2740, 0,
2741, 0,
2742, 0,
2743, 0,
2744, 0,
2745, 0,
2746, 0,
2747, 0,
2748, 0,
2749, 0,
2750, 0,
2751, 0,
2752, 0,
2753, 0,
2754, 0,
2755, 0,
2756, 0,
2757, 0,
2758, 0,
2759, 0,
2760, 0,
2761, 0,
2762, 0,
2763, 0,
2764, 0,
2765, 0,
2766, 0,
2767, 0,
2768, 0,
2769, 0,
2770, 0,
2771, 0,
2772, 0,
2773, 0,
2774, 0,
2775, 0,
2776, 0,
2777, 0,
2778, 0,
2779, 0,
2780, 0,
2781, 0,
2782, 0,
2783, 0,
2784, 0,
2785, 0,
2786, 0,
2787, 0,
2788, 0,
2789, 0,
2790, 0,
2791, 0,
2792, 0,
2793, 0,
2794, 0,
2795, 0,
2796, 0,
2797, 0,
2798, 0,
2799, 0,
2800, 0,
2801, 0,
2802, 0,
2803, 0,
2804, 0,
