-2805, 0,
-2804, 0,
-2803, 0,
-2802, 0,
-2801, 0,
-2800, 0,
-2799, 0,
-2798, 0,
-2797, 0,
-2796, 0,
-2795, 0,
-2794, 0,
-2793, 0,
-2792, 0,
-2791, 0,
-2790, 0,
-2789, 0,
-2788, 0,
-2787, 0,
-2786, 0,
-2785, 0,
-2784, 0,
-2783, 0,
-2782, 0,
-2781, 0,
-2780, 0,
-2779, 0,
-2778, 0,
-2777, 0,
-2776, 0,
-2775, 0,
-2774, 0,
-2773, 0,
-2772, 0,
-2771, 0,
-2770, 0,
-2769, 0,
-2768, 0,
-2767, 0,
-2766, 0,
-2765, 0,
-2764, 0,
-2763, 0,
-2762, 0,
-2761, 0,
-2760, 0,
-2759, 0,
-2758, 0,
-2757, 0,
-2756, 0,
-2755, 0,
-2754, 0,
-2753, 0,
-2752, 0,
-2751, 0,
-2750, 0,
-2749, 0,
-2748, 0,
-2747, 0,
-2746, 0,
-2745, 0,
-2744, 0,
-2743, 0,
-2742, 0,
-2741, 0,
-2740, 0,
-2739, 0,
-2738, 0,
-2737, 0,
-2736, 0,
-2735, 0,
-2734, 0,
-2733, 0,
-2732, 0,
-2731, 0,
-2730, 0,
-2729, 0,
-2728, 0,
-2727, 0,
-2726, 0,
-2725, 0,
-2724, 0,
-2723, 0,
-2722, 0,
-2721, 0,
-2720, 0,
-2719, 0,
-2718, 0,
-2717, 0,
-2716, 0,
-2715, 0,
-2714, 0,
-2713, 0,
-2712, 0,
-2711, 0,
-2710, 0,
-2709, 0,
-2708, 0,
-2707, 0,
-2706, 0,
-2705, 0,
-2704, 0,
-2703, 0,
-2702, 0,
-2701, 0,
-2700, 0,
-2699, 0,
-2698, 0,
-2697, 0,
-2696, 0,
-2695, 0,
-2694, 0,
-2693, 0,
-2692, 0,
-2691, 0,
-2690, 0,
-2689, 0,
-2688, 0,
-2687, 0,
-2686, 0,
-2685, 0,
-2684, 0,
-2683, 0,
-2682, 0,
-2681, 0,
-2680, 0,
-2679, 0,
-2678, 0,
-2677, 0,
-2676, 0,
-2675, 0,
-2674, 0,
-2673, 0,
-2672, 0,
-2671, 0,
-2670, 0,
-2669, 0,
-2668, 0,
-2667, 0,
-2666, 0,
-2665, 0,
-2664, 0,
-2663, 0,
-2662, 0,
-2661, 0,
-2660, 0,
-2659, 0,
-2658, 0,
-2657, 0,
-2656, 0,
-2655, 0,
-2654, 0,
-2653, 0,
-2652, 0,
-2651, 0,
-2650, 0,
-2649, 0,
-2648, 0,
-2647, 0,
-2646, 0,
-2645, 0,
-2644, 0,
-2643, 0,
-2642, 0,
-2641, 0,
-2640, 0,
-2639, 0,
-2638, 0,
-2637, 0,
-2636, 0,
-2635, 0,
-2634, 0,
-2633, 0,
-2632, 0,
-2631, 0,
-2630, 0,
-2629, 0,
-2628, 0,
-2627, 0,
-2626, 0,
-2625, 0,
-2624, 0,
-2623, 0,
-2622, 0,
-2621, 0,
-2620, 0,
-2619, 0,
-2618, 0,
-2617, 0,
-2616, 0,
-2615, 0,
-2614, 0,
-2613, 0,
-2612, 0,
-2611, 0,
-2610, 0,
-2609, 0,
-2608, 0,
-2607, 0,
-2606, 0,
-2605, 0,
-2604, 0,
-2603, 0,
-2602, 0,
-2601, 0,
-2600, 0,
-2599, 0,
-2598, 0,
-2597, 0,
-2596, 0,
-2595, 0,
-2594, 0,
-2593, 0,
-2592, 0,
-2591, 0,
-2590, 0,
-2589, 0,
-2588, 0,
-2587, 0,
-2586, 0,
-2585, 0,
-2584, 0,
-2583, 0,
-2582, 0,
-2581, 0,
-2580, 0,
-2579, 0,
-2578, 0,
-2577, 0,
-2576, 0,
-2575, 0,
-2574, 0,
-2573, 0,
-2572, 0,
-2571, 0,
-2570, 0,
-2569, 0,
-2568, 0,
-2567, 0,
-2566, 0,
-2565, 0,
-2564, 0,
-2563, 0,
-2562, 0,
-2561, 0,
-2560, 0,
-2559, 0,
-2558, 0,
-2557, 0,
-2556, 0,
-2555, 0,
-2554, 0,
-2553, 0,
-2552, 0,
-2551, 0,
-2550, 0,
-2549, 0,
-2548, 0,
-2547, 0,
-2546, 0,
-2545, 0,
-2544, 0,
-2543, 0,
-2542, 0,
-2541, 0,
-2540, 0,
-2539, 0,
-2538, 0,
-2537, 0,
-2536, 0,
-2535, 0,
-2534, 0,
-2533, 0,
-2532, 0,
-2531, 0,
-2530, 0,
-2529, 0,
-2528, 0,
-2527, 0,
-2526, 0,
-2525, 0,
-2524, 0,
-2523, 0,
-2522, 0,
-2521, 0,
-2520, 0,
-2519, 0,
-2518, 0,
-2517, 0,
-2516, 0,
-2515, 0,
-2514, 0,
-2513, 0,
-2512, 0,
-2511, 0,
-2510, 0,
-2509, 0,
-2508, 0,
-2507, 0,
-2506, 0,
-2505, 0,
-2504, 0,
-2503, 0,
-2502, 0,
-2501, 0,
-2500, 0,
-2499, 0,
-2498, 0,
-2497, 0,
-2496, 0,
-2495, 0,
-2494, 0,
-2493, 0,
-2492, 0,
-2491, 0,
-2490, 0,
-2489, 0,
-2488, 0,
-2487, 0,
-2486, 0,
-2485, 0,
-2484, 0,
-2483, 0,
-2482, 0,
-2481, 0,
-2480, 0,
-2479, 0,
-2478, 0,
-2477, 0,
-2476, 0,
-2475, 0,
-2474, 0,
-2473, 0,
-2472, 0,
-2471, 0,
-2470, 0,
-2469, 0,
-2468, 0,
-2467, 0,
-2466, 0,
-2465, 0,
-2464, 0,
-2463, 0,
-2462, 0,
-2461, 0,
-2460, 0,
-2459, 0,
-2458, 0,
-2457, 0,
-2456, 0,
-2455, 0,
-2454, 0,
-2453, 0,
-2452, 0,
-2451, 0,
-2450, 0,
-2449, 0,
-2448, 0,
-2447, 0,
-2446, 0,
-2445, 0,
-2444, 0,
-2443, 0,
-2442, 0,
-2441, 0,
-2440, 0,
-2439, 0,
-2438, 0,
-2437, 0,
-2436, 0,
-2435, 0,
-2434, 0,
-2433, 0,
-2432, 0,
-2431, 0,
-2430, 0,
-2429, 0,
-2428, 0,
-2427, 0,
-2426, 0,
-2425, 0,
-2424, 0,
-2423, 0,
-2422, 0,
-2421, 0,
-2420, 0,
-2419, 0,
-2418, 0,
-2417, 0,
-2416, 0,
-2415, 0,
-2414, 0,
-2413, 0,
-2412, 0,
-2411, 0,
-2410, 0,
-2409, 0,
-2408, 0,
-2407, 0,
-2406, 0,
-2405, 0,
-2404, 0,
-2403, 0,
-2402, 1,
-2401, 0,
-2400, 0,
-2399, 0,
-2398, 0,
-2397, 0,
-2396, 0,
-2395, 0,
-2394, 0,
-2393, 0,
-2392, 0,
-2391, 0,
-2390, 0,
-2389, 0,
-2388, 0,
-2387, 0,
-2386, 0,
-2385, 0,
-2384, 0,
-2383, 0,
-2382, 0,
-2381, 0,
-2380, 0,
-2379, 0,
-2378, 0,
-2377, 0,
-2376, 0,
-2375, 0,
-2374, 0,
-2373, 0,
-2372, 0,
-2371, 0,
-2370, 0,
-2369, 0,
-2368, 0,
-2367, 0,
-2366, 0,
-2365, 0,
-2364, 0,
-2363, 0,
-2362, 0,
-2361, 0,
-2360, 0,
-2359, 0,
-2358, 0,
-2357, 0,
-2356, 0,
-2355, 0,
-2354, 0,
-2353, 0,
-2352, 0,
-2351, 0,
-2350, 1,
-2349, 0,
-2348, 0,
-2347, 0,
-2346, 0,
-2345, 0,
-2344, 1,
-2343, 0,
-2342, 0,
-2341, 0,
-2340, 1,
-2339, 0,
-2338, 0,
-2337, 0,
-2336, 0,
-2335, 0,
-2334, 0,
-2333, 0,
-2332, 1,
-2331, 0,
-2330, 1,
-2329, 1,
-2328, 0,
-2327, 0,
-2326, 0,
-2325, 0,
-2324, 0,
-2323, 0,
-2322, 0,
-2321, 0,
-2320, 0,
-2319, 0,
-2318, 1,
-2317, 0,
-2316, 0,
-2315, 0,
-2314, 0,
-2313, 1,
-2312, 0,
-2311, 2,
-2310, 1,
-2309, 0,
-2308, 1,
-2307, 0,
-2306, 0,
-2305, 0,
-2304, 1,
-2303, 2,
-2302, 2,
-2301, 1,
-2300, 0,
-2299, 0,
-2298, 1,
-2297, 1,
-2296, 0,
-2295, 0,
-2294, 1,
-2293, 2,
-2292, 0,
-2291, 2,
-2290, 1,
-2289, 0,
-2288, 2,
-2287, 2,
-2286, 2,
-2285, 0,
-2284, 0,
-2283, 0,
-2282, 0,
-2281, 0,
-2280, 0,
-2279, 0,
-2278, 0,
-2277, 0,
-2276, 0,
-2275, 0,
-2274, 0,
-2273, 0,
-2272, 0,
-2271, 0,
-2270, 0,
-2269, 0,
-2268, 0,
-2267, 0,
-2266, 0,
-2265, 0,
-2264, 0,
-2263, 0,
-2262, 0,
-2261, 0,
-2260, 0,
-2259, 0,
-2258, 0,
-2257, 0,
-2256, 0,
-2255, 0,
-2254, 0,
-2253, 0,
-2252, 0,
-2251, 0,
-2250, 0,
-2249, 0,
-2248, 0,
-2247, 0,
-2246, 0,
-2245, 0,
-2244, 0,
-2243, 0,
-2242, 0,
-2241, 0,
-2240, 0,
-2239, 0,
-2238, 0,
-2237, 0,
-2236, 0,
-2235, 0,
-2234, 0,
-2233, 0,
-2232, 0,
-2231, 0,
-2230, 0,
-2229, 0,
-2228, 0,
-2227, 0,
-2226, 0,
-2225, 0,
-2224, 0,
-2223, 0,
-2222, 0,
-2221, 0,
-2220, 0,
-2219, 0,
-2218, 0,
-2217, 0,
-2216, 0,
-2215, 0,
-2214, 0,
-2213, 0,
-2212, 0,
-2211, 0,
-2210, 0,
-2209, 0,
-2208, 0,
-2207, 0,
-2206, 0,
-2205, 0,
-2204, 0,
-2203, 0,
-2202, 0,
-2201, 0,
-2200, 0,
-2199, 0,
-2198, 0,
-2197, 0,
-2196, 0,
-2195, 0,
-2194, 0,
-2193, 0,
-2192, 0,
-2191, 0,
-2190, 0,
-2189, 0,
-2188, 0,
-2187, 0,
-2186, 0,
-2185, 0,
-2184, 0,
-2183, 0,
-2182, 0,
-2181, 0,
-2180, 0,
-2179, 0,
-2178, 0,
-2177, 0,
-2176, 0,
-2175, 0,
-2174, 0,
-2173, 0,
-2172, 0,
-2171, 0,
-2170, 0,
-2169, 0,
-2168, 0,
-2167, 0,
-2166, 0,
-2165, 0,
-2164, 0,
-2163, 0,
-2162, 0,
-2161, 0,
-2160, 0,
-2159, 0,
-2158, 0,
-2157, 0,
-2156, 0,
-2155, 0,
-2154, 0,
-2153, 0,
-2152, 0,
-2151, 0,
-2150, 0,
-2149, 0,
-2148, 0,
-2147, 0,
-2146, 0,
-2145, 0,
-2144, 0,
-2143, 0,
-2142, 0,
-2141, 0,
-2140, 0,
-2139, 0,
-2138, 0,
-2137, 0,
-2136, 0,
-2135, 0,
-2134, 0,
-2133, 0,
-2132, 0,
-2131, 0,
-2130, 0,
-2129, 0,
-2128, 0,
-2127, 0,
-2126, 0,
-2125, 0,
-2124, 0,
-2123, 0,
-2122, 0,
-2121, 0,
-2120, 0,
-2119, 0,
-2118, 0,
-2117, 0,
-2116, 0,
-2115, 0,
-2114, 0,
-2113, 0,
-2112, 0,
-2111, 0,
-2110, 0,
-2109, 0,
-2108, 0,
-2107, 0,
-2106, 0,
-2105, 0,
-2104, 0,
-2103, 0,
-2102, 0,
-2101, 0,
-2100, 0,
-2099, 0,
-2098, 0,
-2097, 0,
-2096, 0,
-2095, 0,
-2094, 0,
-2093, 0,
-2092, 0,
-2091, 0,
-2090, 0,
-2089, 0,
-2088, 0,
-2087, 0,
-2086, 0,
-2085, 0,
-2084, 0,
-2083, 0,
-2082, 0,
-2081, 0,
-2080, 0,
-2079, 0,
-2078, 0,
-2077, 0,
-2076, 0,
-2075, 0,
-2074, 0,
-2073, 0,
-2072, 0,
-2071, 0,
-2070, 0,
-2069, 0,
-2068, 0,
-2067, 0,
-2066, 0,
-2065, 0,
-2064, 0,
-2063, 0,
-2062, 0,
-2061, 0,
-2060, 0,
-2059, 0,
-2058, 0,
-2057, 0,
-2056, 0,
-2055, 0,
-2054, 0,
-2053, 0,
-2052, 0,
-2051, 0,
-2050, 0,
-2049, 0,
-2048, 0,
-2047, 0,
-2046, 0,
-2045, 0,
-2044, 0,
-2043, 0,
-2042, 0,
-2041, 0,
-2040, 0,
-2039, 0,
-2038, 0,
-2037, 0,
-2036, 0,
-2035, 0,
-2034, 0,
-2033, 0,
-2032, 0,
-2031, 0,
-2030, 0,
-2029, 0,
-2028, 0,
-2027, 0,
-2026, 0,
-2025, 0,
-2024, 0,
-2023, 0,
-2022, 0,
-2021, 0,
-2020, 0,
-2019, 0,
-2018, 0,
-2017, 0,
-2016, 0,
-2015, 0,
-2014, 0,
-2013, 0,
-2012, 0,
-2011, 0,
-2010, 0,
-2009, 0,
-2008, 0,
-2007, 0,
-2006, 0,
-2005, 0,
-2004, 0,
-2003, 0,
-2002, 0,
-2001, 0,
-2000, 0,
-1999, 0,
-1998, 0,
-1997, 0,
-1996, 0,
-1995, 0,
-1994, 0,
-1993, 0,
-1992, 0,
-1991, 0,
-1990, 0,
-1989, 0,
-1988, 0,
-1987, 0,
-1986, 0,
-1985, 0,
-1984, 0,
-1983, 0,
-1982, 0,
-1981, 0,
-1980, 0,
-1979, 0,
-1978, 0,
-1977, 0,
-1976, 0,
-1975, 0,
-1974, 0,
-1973, 0,
-1972, 0,
-1971, 0,
-1970, 0,
-1969, 0,
-1968, 0,
-1967, 0,
-1966, 0,
-1965, 0,
-1964, 0,
-1963, 0,
-1962, 0,
-1961, 0,
-1960, 0,
-1959, 0,
-1958, 0,
-1957, 0,
-1956, 0,
-1955, 0,
-1954, 0,
-1953, 0,
-1952, 0,
-1951, 0,
-1950, 0,
-1949, 0,
-1948, 0,
-1947, 0,
-1946, 0,
-1945, 0,
-1944, 0,
-1943, 0,
-1942, 0,
-1941, 0,
-1940, 0,
-1939, 0,
-1938, 0,
-1937, 0,
-1936, 0,
-1935, 0,
-1934, 0,
-1933, 0,
-1932, 0,
-1931, 0,
-1930, 0,
-1929, 0,
-1928, 0,
-1927, 0,
-1926, 0,
-1925, 0,
-1924, 0,
-1923, 0,
-1922, 0,
-1921, 0,
-1920, 0,
-1919, 0,
-1918, 0,
-1917, 0,
-1916, 0,
-1915, 0,
-1914, 0,
-1913, 0,
-1912, 0,
-1911, 0,
-1910, 0,
-1909, 0,
-1908, 0,
-1907, 0,
-1906, 0,
-1905, 0,
-1904, 0,
-1903, 0,
-1902, 0,
-1901, 0,
-1900, 0,
-1899, 0,
-1898, 0,
-1897, 0,
-1896, 0,
-1895, 0,
-1894, 0,
-1893, 0,
-1892, 0,
-1891, 0,
-1890, 0,
-1889, 0,
-1888, 0,
-1887, 0,
-1886, 0,
-1885, 0,
-1884, 0,
-1883, 0,
-1882, 0,
-1881, 0,
-1880, 0,
-1879, 0,
-1878, 0,
-1877, 0,
-1876, 0,
-1875, 0,
-1874, 0,
-1873, 0,
-1872, 0,
-1871, 0,
-1870, 0,
-1869, 0,
-1868, 0,
-1867, 0,
-1866, 0,
-1865, 0,
-1864, 0,
-1863, 0,
-1862, 0,
-1861, 0,
-1860, 0,
-1859, 0,
-1858, 0,
-1857, 0,
-1856, 0,
-1855, 0,
-1854, 0,
-1853, 0,
-1852, 0,
-1851, 0,
-1850, 0,
-1849, 0,
-1848, 0,
-1847, 0,
-1846, 0,
-1845, 0,
-1844, 0,
-1843, 0,
-1842, 0,
-1841, 0,
-1840, 0,
-1839, 0,
-1838, 0,
-1837, 0,
-1836, 0,
-1835, 0,
-1834, 0,
-1833, 0,
-1832, 0,
-1831, 0,
-1830, 0,
-1829, 0,
-1828, 0,
-1827, 0,
-1826, 0,
-1825, 0,
-1824, 0,
-1823, 0,
-1822, 0,
-1821, 0,
-1820, 0,
-1819, 0,
-1818, 0,
-1817, 0,
-1816, 0,
-1815, 0,
-1814, 0,
-1813, 0,
-1812, 0,
-1811, 0,
-1810, 0,
-1809, 0,
-1808, 0,
-1807, 0,
-1806, 0,
-1805, 0,
-1804, 0,
-1803, 0,
-1802, 0,
-1801, 0,
-1800, 0,
-1799, 0,
-1798, 0,
-1797, 0,
-1796, 0,
-1795, 0,
-1794, 0,
-1793, 0,
-1792, 0,
-1791, 0,
-1790, 0,
-1789, 0,
-1788, 0,
-1787, 0,
-1786, 0,
-1785, 0,
-1784, 0,
-1783, 0,
-1782, 0,
-1781, 0,
-1780, 0,
-1779, 0,
-1778, 0,
-1777, 0,
-1776, 0,
-1775, 0,
-1774, 0,
-1773, 0,
-1772, 0,
-1771, 0,
-1770, 0,
-1769, 0,
-1768, 0,
-1767, 0,
-1766, 0,
-1765, 0,
-1764, 0,
-1763, 0,
-1762, 0,
-1761, 0,
-1760, 0,
-1759, 0,
-1758, 0,
-1757, 0,
-1756, 0,
-1755, 0,
-1754, 0,
-1753, 0,
-1752, 0,
-1751, 0,
-1750, 0,
-1749, 0,
-1748, 0,
-1747, 0,
-1746, 0,
-1745, 0,
-1744, 0,
-1743, 0,
-1742, 0,
-1741, 0,
-1740, 0,
-1739, 0,
-1738, 0,
-1737, 0,
-1736, 0,
-1735, 0,
-1734, 0,
-1733, 0,
-1732, 0,
-1731, 0,
-1730, 0,
-1729, 0,
-1728, 0,
-1727, 0,
-1726, 0,
-1725, 0,
-1724, 0,
-1723, 0,
-1722, 0,
-1721, 0,
-1720, 0,
-1719, 0,
-1718, 0,
-1717, 0,
-1716, 0,
-1715, 0,
-1714, 0,
-1713, 0,
-1712, 0,
-1711, 0,
-1710, 0,
-1709, 0,
-1708, 0,
-1707, 0,
-1706, 0,
-1705, 0,
-1704, 0,
-1703, 0,
-1702, 0,
-1701, 0,
-1700, 0,
-1699, 0,
-1698, 0,
-1697, 0,
-1696, 0,
-1695, 0,
-1694, 0,
-1693, 0,
-1692, 0,
-1691, 0,
-1690, 0,
-1689, 0,
-1688, 0,
-1687, 0,
-1686, 0,
-1685, 0,
-1684, 0,
-1683, 0,
-1682, 0,
-1681, 0,
-1680, 0,
-1679, 0,
-1678, 0,
-1677, 0,
-1676, 0,
-1675, 0,
-1674, 0,
-1673, 0,
-1672, 0,
-1671, 0,
-1670, 0,
-1669, 0,
-1668, 0,
-1667, 0,
-1666, 0,
-1665, 0,
-1664, 0,
-1663, 0,
-1662, 0,
-1661, 0,
-1660, 0,
-1659, 0,
-1658, 0,
-1657, 0,
-1656, 0,
-1655, 0,
-1654, 0,
-1653, 0,
-1652, 0,
-1651, 0,
-1650, 0,
-1649, 0,
-1648, 0,
-1647, 0,
-1646, 0,
-1645, 0,
-1644, 0,
-1643, 0,
-1642, 0,
-1641, 0,
-1640, 0,
-1639, 0,
-1638, 0,
-1637, 0,
-1636, 0,
-1635, 0,
-1634, 0,
-1633, 0,
-1632, 0,
-1631, 0,
-1630, 0,
-1629, 0,
-1628, 0,
-1627, 0,
-1626, 0,
-1625, 0,
-1624, 0,
-1623, 0,
-1622, 0,
-1621, 0,
-1620, 0,
-1619, 0,
-1618, 0,
-1617, 0,
-1616, 0,
-1615, 0,
-1614, 0,
-1613, 0,
-1612, 0,
-1611, 0,
-1610, 0,
-1609, 0,
-1608, 0,
-1607, 0,
-1606, 0,
-1605, 0,
-1604, 0,
-1603, 0,
-1602, 0,
-1601, 0,
-1600, 0,
-1599, 0,
-1598, 0,
-1597, 0,
-1596, 0,
-1595, 0,
-1594, 0,
-1593, 0,
-1592, 0,
-1591, 0,
-1590, 0,
-1589, 0,
-1588, 0,
-1587, 0,
-1586, 0,
-1585, 0,
-1584, 0,
-1583, 0,
-1582, 0,
-1581, 0,
-1580, 0,
-1579, 0,
-1578, 0,
-1577, 0,
-1576, 0,
-1575, 0,
-1574, 0,
-1573, 0,
-1572, 0,
-1571, 0,
-1570, 0,
-1569, 0,
-1568, 0,
-1567, 0,
-1566, 0,
-1565, 0,
-1564, 0,
-1563, 0,
-1562, 0,
-1561, 0,
-1560, 0,
-1559, 0,
-1558, 0,
-1557, 0,
-1556, 0,
-1555, 0,
-1554, 0,
-1553, 0,
-1552, 0,
-1551, 0,
-1550, 0,
-1549, 0,
-1548, 0,
-1547, 0,
-1546, 0,
-1545, 0,
-1544, 0,
-1543, 0,
-1542, 0,
-1541, 0,
-1540, 0,
-1539, 0,
-1538, 0,
-1537, 0,
-1536, 0,
-1535, 0,
-1534, 0,
-1533, 0,
-1532, 0,
-1531, 0,
-1530, 0,
-1529, 0,
-1528, 0,
-1527, 0,
-1526, 0,
-1525, 0,
-1524, 0,
-1523, 0,
-1522, 0,
-1521, 0,
-1520, 0,
-1519, 0,
-1518, 0,
-1517, 0,
-1516, 0,
-1515, 0,
-1514, 0,
-1513, 0,
-1512, 0,
-1511, 0,
-1510, 0,
-1509, 0,
-1508, 0,
-1507, 0,
-1506, 0,
-1505, 0,
-1504, 0,
-1503, 0,
-1502, 0,
-1501, 0,
-1500, 0,
-1499, 0,
-1498, 0,
-1497, 0,
-1496, 0,
-1495, 0,
-1494, 0,
-1493, 0,
-1492, 0,
-1491, 0,
-1490, 0,
-1489, 0,
-1488, 0,
-1487, 0,
-1486, 0,
-1485, 0,
-1484, 0,
-1483, 0,
-1482, 0,
-1481, 0,
-1480, 0,
-1479, 0,
-1478, 0,
-1477, 0,
-1476, 0,
-1475, 0,
-1474, 0,
-1473, 0,
-1472, 0,
-1471, 0,
-1470, 0,
-1469, 0,
-1468, 0,
-1467, 0,
-1466, 0,
-1465, 0,
-1464, 0,
-1463, 0,
-1462, 0,
-1461, 0,
-1460, 0,
-1459, 0,
-1458, 0,
-1457, 1,
-1456, 0,
-1455, 0,
-1454, 0,
-1453, 0,
-1452, 0,
-1451, 0,
-1450, 0,
-1449, 1,
-1448, 0,
-1447, 0,
-1446, 0,
-1445, 0,
-1444, 0,
-1443, 0,
-1442, 0,
-1441, 0,
-1440, 0,
-1439, 0,
-1438, 0,
-1437, 0,
-1436, 0,
-1435, 0,
-1434, 0,
-1433, 0,
-1432, 0,
-1431, 1,
-1430, 0,
-1429, 0,
-1428, 0,
-1427, 0,
-1426, 0,
-1425, 0,
-1424, 0,
-1423, 0,
-1422, 0,
-1421, 0,
-1420, 0,
-1419, 0,
-1418, 0,
-1417, 0,
-1416, 0,
-1415, 0,
-1414, 0,
-1413, 0,
-1412, 0,
-1411, 0,
-1410, 0,
-1409, 0,
-1408, 0,
-1407, 1,
-1406, 0,
-1405, 0,
-1404, 0,
-1403, 0,
-1402, 0,
-1401, 0,
-1400, 0,
-1399, 0,
-1398, 0,
-1397, 0,
-1396, 0,
-1395, 1,
-1394, 0,
-1393, 0,
-1392, 0,
-1391, 0,
-1390, 0,
-1389, 0,
-1388, 0,
-1387, 0,
-1386, 0,
-1385, 0,
-1384, 0,
-1383, 0,
-1382, 0,
-1381, 0,
-1380, 0,
-1379, 0,
-1378, 0,
-1377, 0,
-1376, 0,
-1375, 0,
-1374, 0,
-1373, 0,
-1372, 0,
-1371, 0,
-1370, 0,
-1369, 0,
-1368, 0,
-1367, 0,
-1366, 0,
-1365, 0,
-1364, 0,
-1363, 0,
-1362, 0,
-1361, 0,
-1360, 0,
-1359, 0,
-1358, 0,
-1357, 0,
-1356, 1,
-1355, 1,
-1354, 0,
-1353, 0,
-1352, 0,
-1351, 1,
-1350, 0,
-1349, 0,
-1348, 0,
-1347, 0,
-1346, 0,
-1345, 0,
-1344, 1,
-1343, 0,
-1342, 0,
-1341, 2,
-1340, 1,
-1339, 0,
-1338, 0,
-1337, 0,
-1336, 0,
-1335, 1,
-1334, 0,
-1333, 1,
-1332, 0,
-1331, 0,
-1330, 0,
-1329, 0,
-1328, 0,
-1327, 0,
-1326, 0,
-1325, 0,
-1324, 0,
-1323, 1,
-1322, 1,
-1321, 1,
-1320, 0,
-1319, 1,
-1318, 0,
-1317, 1,
-1316, 1,
-1315, 0,
-1314, 0,
-1313, 1,
-1312, 2,
-1311, 0,
-1310, 0,
-1309, 0,
-1308, 0,
-1307, 1,
-1306, 0,
-1305, 2,
-1304, 1,
-1303, 0,
-1302, 1,
-1301, 0,
-1300, 4,
-1299, 0,
-1298, 2,
-1297, 4,
-1296, 1,
-1295, 3,
-1294, 1,
-1293, 1,
-1292, 0,
-1291, 1,
-1290, 2,
-1289, 4,
-1288, 1,
-1287, 4,
-1286, 2,
-1285, 3,
-1284, 2,
-1283, 3,
-1282, 4,
-1281, 2,
-1280, 1,
-1279, 3,
-1278, 3,
-1277, 3,
-1276, 8,
-1275, 2,
-1274, 3,
-1273, 1,
-1272, 3,
-1271, 4,
-1270, 4,
-1269, 0,
-1268, 2,
-1267, 3,
-1266, 4,
-1265, 4,
-1264, 6,
-1263, 4,
-1262, 7,
-1261, 5,
-1260, 2,
-1259, 5,
-1258, 4,
-1257, 7,
-1256, 6,
-1255, 5,
-1254, 4,
-1253, 10,
-1252, 9,
-1251, 1,
-1250, 8,
-1249, 14,
-1248, 6,
-1247, 8,
-1246, 12,
-1245, 2,
-1244, 10,
-1243, 11,
-1242, 3,
-1241, 11,
-1240, 10,
-1239, 14,
-1238, 13,
-1237, 10,
-1236, 13,
-1235, 8,
-1234, 9,
-1233, 15,
-1232, 10,
-1231, 15,
-1230, 8,
-1229, 13,
-1228, 14,
-1227, 14,
-1226, 16,
-1225, 9,
-1224, 14,
-1223, 17,
-1222, 9,
-1221, 14,
-1220, 8,
-1219, 11,
-1218, 15,
-1217, 16,
-1216, 11,
-1215, 14,
-1214, 18,
-1213, 17,
-1212, 19,
-1211, 12,
-1210, 25,
-1209, 18,
-1208, 24,
-1207, 18,
-1206, 13,
-1205, 17,
-1204, 19,
-1203, 28,
-1202, 17,
-1201, 23,
-1200, 36,
-1199, 34,
-1198, 19,
-1197, 21,
-1196, 20,
-1195, 34,
-1194, 21,
-1193, 30,
-1192, 39,
-1191, 28,
-1190, 28,
-1189, 37,
-1188, 42,
-1187, 44,
-1186, 28,
-1185, 30,
-1184, 32,
-1183, 24,
-1182, 35,
-1181, 35,
-1180, 30,
-1179, 43,
-1178, 45,
-1177, 38,
-1176, 61,
-1175, 41,
-1174, 60,
-1173, 47,
-1172, 49,
-1171, 55,
-1170, 44,
-1169, 57,
-1168, 60,
-1167, 68,
-1166, 52,
-1165, 63,
-1164, 45,
-1163, 58,
-1162, 63,
-1161, 73,
-1160, 76,
-1159, 57,
-1158, 70,
-1157, 71,
-1156, 72,
-1155, 69,
-1154, 90,
-1153, 92,
-1152, 83,
-1151, 80,
-1150, 87,
-1149, 80,
-1148, 77,
-1147, 86,
-1146, 99,
-1145, 87,
-1144, 100,
-1143, 91,
-1142, 105,
-1141, 99,
-1140, 107,
-1139, 114,
-1138, 138,
-1137, 131,
-1136, 140,
-1135, 140,
-1134, 117,
-1133, 139,
-1132, 133,
-1131, 142,
-1130, 150,
-1129, 115,
-1128, 153,
-1127, 136,
-1126, 150,
-1125, 149,
-1124, 165,
-1123, 177,
-1122, 156,
-1121, 163,
-1120, 186,
-1119, 197,
-1118, 169,
-1117, 179,
-1116, 198,
-1115, 200,
-1114, 232,
-1113, 210,
-1112, 165,
-1111, 239,
-1110, 229,
-1109, 248,
-1108, 235,
-1107, 243,
-1106, 254,
-1105, 285,
-1104, 227,
-1103, 272,
-1102, 290,
-1101, 263,
-1100, 297,
-1099, 275,
-1098, 281,
-1097, 318,
-1096, 353,
-1095, 359,
-1094, 311,
-1093, 371,
-1092, 374,
-1091, 351,
-1090, 370,
-1089, 365,
-1088, 424,
-1087, 386,
-1086, 402,
-1085, 411,
-1084, 435,
-1083, 425,
-1082, 452,
-1081, 433,
-1080, 474,
-1079, 501,
-1078, 465,
-1077, 481,
-1076, 498,
-1075, 509,
-1074, 515,
-1073, 546,
-1072, 537,
-1071, 534,
-1070, 575,
-1069, 609,
-1068, 599,
-1067, 625,
-1066, 597,
-1065, 631,
-1064, 654,
-1063, 641,
-1062, 714,
-1061, 730,
-1060, 729,
-1059, 724,
-1058, 764,
-1057, 781,
-1056, 805,
-1055, 808,
-1054, 850,
-1053, 816,
-1052, 863,
-1051, 894,
-1050, 903,
-1049, 950,
-1048, 962,
-1047, 925,
-1046, 979,
-1045, 1016,
-1044, 1059,
-1043, 1033,
-1042, 1048,
-1041, 1155,
-1040, 1113,
-1039, 1216,
-1038, 1203,
-1037, 1261,
-1036, 1222,
-1035, 1335,
-1034, 1309,
-1033, 1330,
-1032, 1352,
-1031, 1417,
-1030, 1416,
-1029, 1487,
-1028, 1511,
-1027, 1514,
-1026, 1526,
-1025, 1606,
-1024, 1621,
-1023, 1677,
-1022, 1660,
-1021, 1661,
-1020, 1830,
-1019, 1828,
-1018, 1803,
-1017, 1888,
-1016, 1905,
-1015, 2068,
-1014, 2006,
-1013, 2104,
-1012, 2070,
-1011, 2160,
-1010, 2186,
-1009, 2227,
-1008, 2287,
-1007, 2383,
-1006, 2442,
-1005, 2523,
-1004, 2576,
-1003, 2589,
-1002, 2729,
-1001, 2631,
-1000, 2778,
-999, 2827,
-998, 2849,
-997, 2917,
-996, 2996,
-995, 3041,
-994, 3041,
-993, 3318,
-992, 3228,
-991, 3368,
-990, 3379,
-989, 3413,
-988, 3507,
-987, 3715,
-986, 3740,
-985, 3829,
-984, 3844,
-983, 4009,
-982, 4028,
-981, 4151,
-980, 4142,
-979, 4289,
-978, 4337,
-977, 4617,
-976, 4535,
-975, 4703,
-974, 4755,
-973, 5021,
-972, 5066,
-971, 5152,
-970, 5162,
-969, 5215,
-968, 5460,
-967, 5557,
-966, 5672,
-965, 5662,
-964, 5986,
-963, 5815,
-962, 6064,
-961, 6146,
-960, 6421,
-959, 6596,
-958, 6728,
-957, 6906,
-956, 6890,
-955, 6940,
-954, 7272,
-953, 7282,
-952, 7513,
-951, 7792,
-950, 7972,
-949, 8042,
-948, 8219,
-947, 8312,
-946, 8490,
-945, 8567,
-944, 8700,
-943, 8930,
-942, 9173,
-941, 9448,
-940, 9711,
-939, 9792,
-938, 9940,
-937, 10210,
-936, 10493,
-935, 10482,
-934, 11019,
-933, 10941,
-932, 11487,
-931, 11587,
-930, 11684,
-929, 11922,
-928, 12120,
-927, 12532,
-926, 12728,
-925, 12815,
-924, 13391,
-923, 13484,
-922, 13741,
-921, 14129,
-920, 14328,
-919, 14899,
-918, 14878,
-917, 15257,
-916, 15453,
-915, 15652,
-914, 16109,
-913, 16373,
-912, 16782,
-911, 16787,
-910, 17542,
-909, 17913,
-908, 18147,
-907, 18442,
-906, 18653,
-905, 19039,
-904, 19458,
-903, 19884,
-902, 20312,
-901, 20642,
-900, 20902,
-899, 21727,
-898, 21891,
-897, 22421,
-896, 22783,
-895, 23348,
-894, 23674,
-893, 24266,
-892, 25063,
-891, 24868,
-890, 25846,
-889, 26267,
-888, 26737,
-887, 26850,
-886, 27658,
-885, 28088,
-884, 28771,
-883, 29169,
-882, 29520,
-881, 30264,
-880, 31056,
-879, 31478,
-878, 32038,
-877, 33009,
-876, 33370,
-875, 33612,
-874, 34483,
-873, 35581,
-872, 35945,
-871, 36625,
-870, 37131,
-869, 38247,
-868, 38900,
-867, 39277,
-866, 40286,
-865, 41290,
-864, 41778,
-863, 42779,
-862, 43545,
-861, 44282,
-860, 45009,
-859, 46184,
-858, 46562,
-857, 47329,
-856, 48463,
-855, 49120,
-854, 50140,
-853, 51026,
-852, 52169,
-851, 52667,
-850, 54408,
-849, 54996,
-848, 55475,
-847, 56904,
-846, 58098,
-845, 59009,
-844, 60152,
-843, 61315,
-842, 62551,
-841, 63911,
-840, 64905,
-839, 65939,
-838, 67372,
-837, 68137,
-836, 69008,
-835, 70973,
-834, 72568,
-833, 72997,
-832, 75204,
-831, 76004,
-830, 77994,
-829, 79172,
-828, 80601,
-827, 81767,
-826, 83691,
-825, 84755,
-824, 87114,
-823, 88055,
-822, 89008,
-821, 90852,
-820, 92397,
-819, 94505,
-818, 95712,
-817, 97816,
-816, 99006,
-815, 101098,
-814, 103235,
-813, 104390,
-812, 106647,
-811, 108556,
-810, 110175,
-809, 112742,
-808, 114478,
-807, 115736,
-806, 118130,
-805, 120172,
-804, 122342,
-803, 124483,
-802, 127114,
-801, 128762,
-800, 130725,
-799, 133530,
-798, 135907,
-797, 138678,
-796, 140471,
-795, 142631,
-794, 144483,
-793, 146954,
-792, 149629,
-791, 152698,
-790, 155883,
-789, 158121,
-788, 160943,
-787, 163551,
-786, 167123,
-785, 169332,
-784, 172940,
-783, 174584,
-782, 178085,
-781, 180889,
-780, 184147,
-779, 187869,
-778, 190855,
-777, 193805,
-776, 196750,
-775, 200380,
-774, 203759,
-773, 207402,
-772, 211100,
-771, 213880,
-770, 217456,
-769, 221780,
-768, 224925,
-767, 229644,
-766, 232139,
-765, 235859,
-764, 240825,
-763, 243763,
-762, 247957,
-761, 253089,
-760, 256623,
-759, 259863,
-758, 264263,
-757, 269241,
-756, 274610,
-755, 278030,
-754, 282788,
-753, 287595,
-752, 291744,
-751, 296136,
-750, 301976,
-749, 305876,
-748, 311620,
-747, 316233,
-746, 322151,
-745, 326435,
-744, 332158,
-743, 337658,
-742, 343390,
-741, 348421,
-740, 353935,
-739, 360157,
-738, 365487,
-737, 370878,
-736, 377549,
-735, 383062,
-734, 388468,
-733, 394365,
-732, 400936,
-731, 408654,
-730, 414492,
-729, 422265,
-728, 428027,
-727, 433819,
-726, 441666,
-725, 447509,
-724, 453961,
-723, 461989,
-722, 469407,
-721, 477527,
-720, 483561,
-719, 491986,
-718, 499852,
-717, 506485,
-716, 515027,
-715, 523368,
-714, 531511,
-713, 539920,
-712, 548701,
-711, 556585,
-710, 564421,
-709, 572341,
-708, 582610,
-707, 591160,
-706, 600334,
-705, 610522,
-704, 621248,
-703, 628427,
-702, 638605,
-701, 647873,
-700, 657846,
-699, 666152,
-698, 677405,
-697, 687714,
-696, 698733,
-695, 708617,
-694, 718294,
-693, 730547,
-692, 741187,
-691, 751150,
-690, 760829,
-689, 776256,
-688, 785238,
-687, 797398,
-686, 810373,
-685, 820976,
-684, 833720,
-683, 845606,
-682, 858538,
-681, 870764,
-680, 882951,
-679, 897507,
-678, 909649,
-677, 923040,
-676, 937553,
-675, 949422,
-674, 964289,
-673, 979324,
-672, 993075,
-671, 1006493,
-670, 1020267,
-669, 1035954,
-668, 1051995,
-667, 1066718,
-666, 1080127,
-665, 1098510,
-664, 1112976,
-663, 1128203,
-662, 1149054,
-661, 1163525,
-660, 1178887,
-659, 1197097,
-658, 1213842,
-657, 1229792,
-656, 1248656,
-655, 1266196,
-654, 1284304,
-653, 1305289,
-652, 1319194,
-651, 1338240,
-650, 1357338,
-649, 1377233,
-648, 1395379,
-647, 1416857,
-646, 1435719,
-645, 1457382,
-644, 1474746,
-643, 1496550,
-642, 1516114,
-641, 1537267,
-640, 1557931,
-639, 1581931,
-638, 1603291,
-637, 1623923,
-636, 1647028,
-635, 1671450,
-634, 1691279,
-633, 1718091,
-632, 1741322,
-631, 1762745,
-630, 1787365,
-629, 1811468,
-628, 1834543,
-627, 1860533,
-626, 1886051,
-625, 1912507,
-624, 1937026,
-623, 1964597,
-622, 1988659,
-621, 2014555,
-620, 2044345,
-619, 2071678,
-618, 2097205,
-617, 2127573,
-616, 2157290,
-615, 2182937,
-614, 2212872,
-613, 2241885,
-612, 2270954,
-611, 2304479,
-610, 2332272,
-609, 2364081,
-608, 2393728,
-607, 2425439,
-606, 2457727,
-605, 2489016,
-604, 2520855,
-603, 2556568,
-602, 2591510,
-601, 2621095,
-600, 2658480,
-599, 2689913,
-598, 2726616,
-597, 2758924,
-596, 2799884,
-595, 2832355,
-594, 2864812,
-593, 2904458,
-592, 2942753,
-591, 2983568,
-590, 3019128,
-589, 3057349,
-588, 3096597,
-587, 3134594,
-586, 3177457,
-585, 3216176,
-584, 3255408,
-583, 3298133,
-582, 3341208,
-581, 3382452,
-580, 3426616,
-579, 3462943,
-578, 3509104,
-577, 3553126,
-576, 3597308,
-575, 3641687,
-574, 3687214,
-573, 3732658,
-572, 3779227,
-571, 3827083,
-570, 3871017,
-569, 3924123,
-568, 3967026,
-567, 4017931,
-566, 4066964,
-565, 4116526,
-564, 4168999,
-563, 4217759,
-562, 4273263,
-561, 4319606,
-560, 4373578,
-559, 4425522,
-558, 4483383,
-557, 4530924,
-556, 4588483,
-555, 4642748,
-554, 4698194,
-553, 4756117,
-552, 4812828,
-551, 4874342,
-550, 4926838,
-549, 4987291,
-548, 5044843,
-547, 5104537,
-546, 5163704,
-545, 5224762,
-544, 5285871,
-543, 5348564,
-542, 5413395,
-541, 5473077,
-540, 5537298,
-539, 5606183,
-538, 5668378,
-537, 5731151,
-536, 5800022,
-535, 5868277,
-534, 5931611,
-533, 6003049,
-532, 6074745,
-531, 6145992,
-530, 6215158,
-529, 6283642,
-528, 6358384,
-527, 6427399,
-526, 6505773,
-525, 6571577,
-524, 6656338,
-523, 6728756,
-522, 6803016,
-521, 6876251,
-520, 6959087,
-519, 7035965,
-518, 7109671,
-517, 7195972,
-516, 7275659,
-515, 7354626,
-514, 7438470,
-513, 7518501,
-512, 7597980,
-511, 7688567,
-510, 7766507,
-509, 7857137,
-508, 7936487,
-507, 8029093,
-506, 8116313,
-505, 8204753,
-504, 8294117,
-503, 8383876,
-502, 8475634,
-501, 8568482,
-500, 8665086,
-499, 8752488,
-498, 8853027,
-497, 8940057,
-496, 9042172,
-495, 9143309,
-494, 9235005,
-493, 9332671,
-492, 9438594,
-491, 9530469,
-490, 9632361,
-489, 9742918,
-488, 9836601,
-487, 9941424,
-486, 10045741,
-485, 10141450,
-484, 10261618,
-483, 10364296,
-482, 10477344,
-481, 10578295,
-480, 10687216,
-479, 10799031,
-478, 10909719,
-477, 11024600,
-476, 11144859,
-475, 11259270,
-474, 11372305,
-473, 11492635,
-472, 11598502,
-471, 11720810,
-470, 11840363,
-469, 11958484,
-468, 12071369,
-467, 12203445,
-466, 12323775,
-465, 12448398,
-464, 12581075,
-463, 12692562,
-462, 12827692,
-461, 12959815,
-460, 13085710,
-459, 13222018,
-458, 13343493,
-457, 13483172,
-456, 13609644,
-455, 13741308,
-454, 13877220,
-453, 14013369,
-452, 14154152,
-451, 14291722,
-450, 14429105,
-449, 14567668,
-448, 14710581,
-447, 14859908,
-446, 14997874,
-445, 15128373,
-444, 15280258,
-443, 15432682,
-442, 15580940,
-441, 15732280,
-440, 15877569,
-439, 16024486,
-438, 16176543,
-437, 16330933,
-436, 16484566,
-435, 16641872,
-434, 16798966,
-433, 16950746,
-432, 17113931,
-431, 17271204,
-430, 17428431,
-429, 17590846,
-428, 17758929,
-427, 17922513,
-426, 18084914,
-425, 18244161,
-424, 18416699,
-423, 18587868,
-422, 18752277,
-421, 18925003,
-420, 19103343,
-419, 19267205,
-418, 19438181,
-417, 19618180,
-416, 19799200,
-415, 19981610,
-414, 20153318,
-413, 20334930,
-412, 20520649,
-411, 20702229,
-410, 20879297,
-409, 21064732,
-408, 21243909,
-407, 21440855,
-406, 21631392,
-405, 21814203,
-404, 22005765,
-403, 22188595,
-402, 22388521,
-401, 22579960,
-400, 22782362,
-399, 22972887,
-398, 23172804,
-397, 23373698,
-396, 23577741,
-395, 23768634,
-394, 23973930,
-393, 24181018,
-392, 24382866,
-391, 24594507,
-390, 24793060,
-389, 25009650,
-388, 25214002,
-387, 25420789,
-386, 25632536,
-385, 25856884,
-384, 26066291,
-383, 26286099,
-382, 26489269,
-381, 26716097,
-380, 26932794,
-379, 27151017,
-378, 27376682,
-377, 27605293,
-376, 27824346,
-375, 28047292,
-374, 28276535,
-373, 28503280,
-372, 28732836,
-371, 28962775,
-370, 29194043,
-369, 29427105,
-368, 29659850,
-367, 29897633,
-366, 30136410,
-365, 30380164,
-364, 30603154,
-363, 30848751,
-362, 31092847,
-361, 31329622,
-360, 31590391,
-359, 31817396,
-358, 32074676,
-357, 32323138,
-356, 32556109,
-355, 32805029,
-354, 33057872,
-353, 33308020,
-352, 33571223,
-351, 33826498,
-350, 34077870,
-349, 34340463,
-348, 34587164,
-347, 34862607,
-346, 35119222,
-345, 35383836,
-344, 35640786,
-343, 35907641,
-342, 36161250,
-341, 36443203,
-340, 36699803,
-339, 36972446,
-338, 37232721,
-337, 37513087,
-336, 37776187,
-335, 38043963,
-334, 38326494,
-333, 38613277,
-332, 38893025,
-331, 39166065,
-330, 39441002,
-329, 39728573,
-328, 40001568,
-327, 40284665,
-326, 40581950,
-325, 40852093,
-324, 41134534,
-323, 41431893,
-322, 41710043,
-321, 42008970,
-320, 42296489,
-319, 42578352,
-318, 42886408,
-317, 43167340,
-316, 43466092,
-315, 43763387,
-314, 44064916,
-313, 44364311,
-312, 44647600,
-311, 44955121,
-310, 45261851,
-309, 45556565,
-308, 45861283,
-307, 46179099,
-306, 46482261,
-305, 46771088,
-304, 47080972,
-303, 47389180,
-302, 47698848,
-301, 48025982,
-300, 48323039,
-299, 48639352,
-298, 48929731,
-297, 49262277,
-296, 49579681,
-295, 49886237,
-294, 50209709,
-293, 50525752,
-292, 50849567,
-291, 51168016,
-290, 51478028,
-289, 51810098,
-288, 52116350,
-287, 52459663,
-286, 52767488,
-285, 53101532,
-284, 53424148,
-283, 53744252,
-282, 54091250,
-281, 54396049,
-280, 54738365,
-279, 55063613,
-278, 55394248,
-277, 55722663,
-276, 56059022,
-275, 56392673,
-274, 56727219,
-273, 57055924,
-272, 57390417,
-271, 57723803,
-270, 58055524,
-269, 58400163,
-268, 58747710,
-267, 59087868,
-266, 59420159,
-265, 59755896,
-264, 60100515,
-263, 60444180,
-262, 60783462,
-261, 61130733,
-260, 61459059,
-259, 61808601,
-258, 62155959,
-257, 62500395,
-256, 62839032,
-255, 63200839,
-254, 63522115,
-253, 63895356,
-252, 64243272,
-251, 64599083,
-250, 64927025,
-249, 65276581,
-248, 65634153,
-247, 65976022,
-246, 66332745,
-245, 66685238,
-244, 67036675,
-243, 67370684,
-242, 67735073,
-241, 68097251,
-240, 68447934,
-239, 68779429,
-238, 69145049,
-237, 69499033,
-236, 69873247,
-235, 70189295,
-234, 70562261,
-233, 70914908,
-232, 71277090,
-231, 71616338,
-230, 71983415,
-229, 72335666,
-228, 72693032,
-227, 73061520,
-226, 73408817,
-225, 73759551,
-224, 74126127,
-223, 74486080,
-222, 74841548,
-221, 75196285,
-220, 75553073,
-219, 75920861,
-218, 76249197,
-217, 76615130,
-216, 76977859,
-215, 77341673,
-214, 77698782,
-213, 78043879,
-212, 78412363,
-211, 78755184,
-210, 79141885,
-209, 79502060,
-208, 79849496,
-207, 80195497,
-206, 80547224,
-205, 80916760,
-204, 81255397,
-203, 81631316,
-202, 81958153,
-201, 82320588,
-200, 82703263,
-199, 83028381,
-198, 83409851,
-197, 83751891,
-196, 84118175,
-195, 84456218,
-194, 84812365,
-193, 85179684,
-192, 85515470,
-191, 85874838,
-190, 86228161,
-189, 86561066,
-188, 86941140,
-187, 87291085,
-186, 87629380,
-185, 87986547,
-184, 88339696,
-183, 88672793,
-182, 89037079,
-181, 89365329,
-180, 89713513,
-179, 90070318,
-178, 90415238,
-177, 90754466,
-176, 91109934,
-175, 91446294,
-174, 91781896,
-173, 92157734,
-172, 92463170,
-171, 92821661,
-170, 93158558,
-169, 93505514,
-168, 93864504,
-167, 94174206,
-166, 94509803,
-165, 94868580,
-164, 95190049,
-163, 95541394,
-162, 95849864,
-161, 96191426,
-160, 96514582,
-159, 96854109,
-158, 97199673,
-157, 97525249,
-156, 97843891,
-155, 98166585,
-154, 98494830,
-153, 98831044,
-152, 99149091,
-151, 99476955,
-150, 99793378,
-149, 100110273,
-148, 100427681,
-147, 100756310,
-146, 101073616,
-145, 101390420,
-144, 101715779,
-143, 101996686,
-142, 102308229,
-141, 102641843,
-140, 102949760,
-139, 103269133,
-138, 103587961,
-137, 103881043,
-136, 104171307,
-135, 104488370,
-134, 104784243,
-133, 105098507,
-132, 105381812,
-131, 105669822,
-130, 105987999,
-129, 106274179,
-128, 106577823,
-127, 106859658,
-126, 107139292,
-125, 107443662,
-124, 107723519,
-123, 108017399,
-122, 108297540,
-121, 108569434,
-120, 108859466,
-119, 109120927,
-118, 109432179,
-117, 109708997,
-116, 109972213,
-115, 110253084,
-114, 110537438,
-113, 110807829,
-112, 111048919,
-111, 111335759,
-110, 111591160,
-109, 111878869,
-108, 112112278,
-107, 112383432,
-106, 112631709,
-105, 112886428,
-104, 113149988,
-103, 113395428,
-102, 113668060,
-101, 113899785,
-100, 114140383,
-99, 114387885,
-98, 114609481,
-97, 114852025,
-96, 115118302,
-95, 115340000,
-94, 115568051,
-93, 115822033,
-92, 116040751,
-91, 116255696,
-90, 116484236,
-89, 116711593,
-88, 116929926,
-87, 117154989,
-86, 117371532,
-85, 117587523,
-84, 117797249,
-83, 118012833,
-82, 118240326,
-81, 118440238,
-80, 118632675,
-79, 118840237,
-78, 119032752,
-77, 119229924,
-76, 119437502,
-75, 119633610,
-74, 119816444,
-73, 120001498,
-72, 120201859,
-71, 120400370,
-70, 120550136,
-69, 120739175,
-68, 120934429,
-67, 121093086,
-66, 121280891,
-65, 121449762,
-64, 121625639,
-63, 121779142,
-62, 121940761,
-61, 122103132,
-60, 122265422,
-59, 122430836,
-58, 122570754,
-57, 122703693,
-56, 122888460,
-55, 123030611,
-54, 123156457,
-53, 123318198,
-52, 123446258,
-51, 123581739,
-50, 123713347,
-49, 123833992,
-48, 123970154,
-47, 124102985,
-46, 124229509,
-45, 124370109,
-44, 124481936,
-43, 124582778,
-42, 124699334,
-41, 124801566,
-40, 124898532,
-39, 125019368,
-38, 125118133,
-37, 125229893,
-36, 125309207,
-35, 125410659,
-34, 125520666,
-33, 125591517,
-32, 125700576,
-31, 125772295,
-30, 125866727,
-29, 125952898,
-28, 126003728,
-27, 126090630,
-26, 126173731,
-25, 126226981,
-24, 126288206,
-23, 126385194,
-22, 126430939,
-21, 126479007,
-20, 126534676,
-19, 126587863,
-18, 126642261,
-17, 126692257,
-16, 126739905,
-15, 126775632,
-14, 126810683,
-13, 126837590,
-12, 126865078,
-11, 126935269,
-10, 126947193,
-9, 126953001,
-8, 127009418,
-7, 127003435,
-6, 127051852,
-5, 127037958,
-4, 127071059,
-3, 127055152,
-2, 127079282,
-1, 127075570,
0, 127098652,
1, 127101571,
2, 127090587,
3, 127075198,
4, 127076265,
5, 127049884,
6, 127026890,
7, 127026281,
8, 126986442,
9, 126970029,
10, 126926385,
11, 126919662,
12, 126880657,
13, 126862131,
14, 126829253,
15, 126779419,
16, 126723797,
17, 126702325,
18, 126641957,
19, 126595906,
20, 126553123,
21, 126469038,
22, 126395300,
23, 126365743,
24, 126280850,
25, 126235896,
26, 126161578,
27, 126079106,
28, 126008428,
29, 125940795,
30, 125847411,
31, 125793424,
32, 125707726,
33, 125582769,
34, 125505483,
35, 125444064,
36, 125320811,
37, 125231830,
38, 125116156,
39, 125027991,
40, 124892688,
41, 124804178,
42, 124689700,
43, 124600400,
44, 124459635,
45, 124347682,
46, 124219047,
47, 124098632,
48, 123972236,
49, 123834695,
50, 123731658,
51, 123579057,
52, 123433452,
53, 123294728,
54, 123154159,
55, 123024528,
56, 122859479,
57, 122716604,
58, 122563450,
59, 122405051,
60, 122260838,
61, 122100084,
62, 121929407,
63, 121766623,
64, 121612231,
65, 121448772,
66, 121265999,
67, 121103643,
68, 120936343,
69, 120736337,
70, 120562572,
71, 120379570,
72, 120195102,
73, 120015832,
74, 119804816,
75, 119624737,
76, 119426411,
77, 119222567,
78, 119024468,
79, 118847583,
80, 118625444,
81, 118431225,
82, 118219025,
83, 117998520,
84, 117809357,
85, 117580991,
86, 117384433,
87, 117150261,
88, 116935842,
89, 116709067,
90, 116483794,
91, 116255597,
92, 116026033,
93, 115802505,
94, 115569789,
95, 115339185,
96, 115105818,
97, 114853174,
98, 114627377,
99, 114403145,
100, 114170461,
101, 113915783,
102, 113654630,
103, 113408016,
104, 113142189,
105, 112873324,
106, 112645254,
107, 112366630,
108, 112123487,
109, 111832766,
110, 111602045,
111, 111314960,
112, 111054594,
113, 110800482,
114, 110531895,
115, 110256041,
116, 109981305,
117, 109693544,
118, 109418023,
119, 109153232,
120, 108866828,
121, 108586927,
122, 108297316,
123, 108007880,
124, 107733975,
125, 107437284,
126, 107145328,
127, 106864162,
128, 106578501,
129, 106289084,
130, 106003748,
131, 105673857,
132, 105393205,
133, 105100199,
134, 104791603,
135, 104475632,
136, 104152544,
137, 103895209,
138, 103581922,
139, 103241262,
140, 102945470,
141, 102644007,
142, 102344391,
143, 102019873,
144, 101710338,
145, 101408836,
146, 101068702,
147, 100771341,
148, 100443440,
149, 100123259,
150, 99793093,
151, 99481531,
152, 99152268,
153, 98821543,
154, 98489766,
155, 98177465,
156, 97830178,
157, 97521174,
158, 97178916,
159, 96867318,
160, 96519474,
161, 96184285,
162, 95858502,
163, 95509823,
164, 95174238,
165, 94851220,
166, 94518462,
167, 94177446,
168, 93834397,
169, 93491811,
170, 93159128,
171, 92816222,
172, 92475960,
173, 92138209,
174, 91793431,
175, 91439354,
176, 91117476,
177, 90750652,
178, 90404863,
179, 90073167,
180, 89719403,
181, 89363361,
182, 89015464,
183, 88692087,
184, 88326303,
185, 87985105,
186, 87646653,
187, 87280220,
188, 86937609,
189, 86580840,
190, 86230892,
191, 85860581,
192, 85531108,
193, 85165476,
194, 84808757,
195, 84452565,
196, 84100671,
197, 83774000,
198, 83392411,
199, 83058837,
200, 82690824,
201, 82323283,
202, 81973053,
203, 81618443,
204, 81262802,
205, 80915188,
206, 80542810,
207, 80213683,
208, 79842208,
209, 79476759,
210, 79118685,
211, 78769930,
212, 78404014,
213, 78039472,
214, 77700112,
215, 77351009,
216, 77020335,
217, 76611692,
218, 76263060,
219, 75915841,
220, 75548694,
221, 75193113,
222, 74845282,
223, 74488761,
224, 74113268,
225, 73768309,
226, 73413249,
227, 73053804,
228, 72701850,
229, 72326660,
230, 72007329,
231, 71641479,
232, 71263574,
233, 70929304,
234, 70558715,
235, 70219338,
236, 69855539,
237, 69498335,
238, 69133278,
239, 68795863,
240, 68441909,
241, 68091396,
242, 67722321,
243, 67379509,
244, 67036054,
245, 66699912,
246, 66329731,
247, 65984477,
248, 65630293,
249, 65277359,
250, 64919354,
251, 64569906,
252, 64233213,
253, 63890617,
254, 63553685,
255, 63184180,
256, 62845350,
257, 62516884,
258, 62150497,
259, 61803773,
260, 61467629,
261, 61119865,
262, 60781709,
263, 60451809,
264, 60122586,
265, 59767818,
266, 59419921,
267, 59079532,
268, 58726885,
269, 58396948,
270, 58077242,
271, 57720949,
272, 57404871,
273, 57047622,
274, 56733017,
275, 56392288,
276, 56065594,
277, 55722634,
278, 55391324,
279, 55061094,
280, 54732834,
281, 54413352,
282, 54088564,
283, 53757407,
284, 53422168,
285, 53102362,
286, 52784552,
287, 52448028,
288, 52123579,
289, 51808831,
290, 51485739,
291, 51166368,
292, 50838251,
293, 50530727,
294, 50208228,
295, 49906935,
296, 49585307,
297, 49254375,
298, 48933712,
299, 48626655,
300, 48339088,
301, 48005667,
302, 47699170,
303, 47379570,
304, 47071673,
305, 46780480,
306, 46472468,
307, 46164758,
308, 45860032,
309, 45565989,
310, 45255203,
311, 44953082,
312, 44646535,
313, 44353082,
314, 44064851,
315, 43769274,
316, 43477594,
317, 43174324,
318, 42882959,
319, 42586188,
320, 42296825,
321, 41997073,
322, 41714892,
323, 41433333,
324, 41140563,
325, 40853678,
326, 40575567,
327, 40270916,
328, 39998938,
329, 39728607,
330, 39447596,
331, 39164029,
332, 38877618,
333, 38603146,
334, 38330355,
335, 38062394,
336, 37786857,
337, 37512815,
338, 37244577,
339, 36974289,
340, 36692029,
341, 36438660,
342, 36173497,
343, 35895856,
344, 35643227,
345, 35376234,
346, 35115353,
347, 34856470,
348, 34601610,
349, 34337413,
350, 34081464,
351, 33830237,
352, 33571345,
353, 33310102,
354, 33070248,
355, 32809259,
356, 32569168,
357, 32315007,
358, 32067709,
359, 31815744,
360, 31574296,
361, 31324472,
362, 31090090,
363, 30843560,
364, 30609169,
365, 30377898,
366, 30125145,
367, 29901194,
368, 29660706,
369, 29422381,
370, 29196886,
371, 28967548,
372, 28733752,
373, 28504915,
374, 28282854,
375, 28049575,
376, 27828641,
377, 27604563,
378, 27372752,
379, 27161103,
380, 26937534,
381, 26714362,
382, 26501049,
383, 26282567,
384, 26065717,
385, 25844918,
386, 25630172,
387, 25428864,
388, 25214010,
389, 25004133,
390, 24789680,
391, 24587246,
392, 24382946,
393, 24175850,
394, 23976288,
395, 23767098,
396, 23571377,
397, 23380209,
398, 23172152,
399, 22972328,
400, 22778747,
401, 22586521,
402, 22394865,
403, 22194211,
404, 22009442,
405, 21813687,
406, 21624766,
407, 21435892,
408, 21249170,
409, 21065801,
410, 20883401,
411, 20694241,
412, 20513279,
413, 20329828,
414, 20155243,
415, 19972301,
416, 19802243,
417, 19615102,
418, 19446114,
419, 19267092,
420, 19097139,
421, 18931203,
422, 18759694,
423, 18592806,
424, 18415706,
425, 18255952,
426, 18081976,
427, 17921164,
428, 17759336,
429, 17594822,
430, 17434157,
431, 17271478,
432, 17111339,
433, 16960875,
434, 16788242,
435, 16639126,
436, 16486569,
437, 16339213,
438, 16171958,
439, 16029349,
440, 15879134,
441, 15735207,
442, 15572527,
443, 15431900,
444, 15288776,
445, 15140890,
446, 14989000,
447, 14851817,
448, 14703344,
449, 14566966,
450, 14426411,
451, 14287752,
452, 14159226,
453, 14013532,
454, 13879048,
455, 13744336,
456, 13606440,
457, 13474989,
458, 13345639,
459, 13212142,
460, 13082489,
461, 12960027,
462, 12823909,
463, 12697019,
464, 12571129,
465, 12447622,
466, 12330112,
467, 12206316,
468, 12082902,
469, 11959390,
470, 11845314,
471, 11721112,
472, 11600464,
473, 11489469,
474, 11375256,
475, 11258711,
476, 11140921,
477, 11030460,
478, 10912092,
479, 10802834,
480, 10686340,
481, 10576974,
482, 10475261,
483, 10365315,
484, 10253668,
485, 10153299,
486, 10051815,
487, 9938611,
488, 9840884,
489, 9736020,
490, 9637586,
491, 9530665,
492, 9431368,
493, 9333183,
494, 9234254,
495, 9135027,
496, 9040582,
497, 8946682,
498, 8849810,
499, 8757320,
500, 8658242,
501, 8568324,
502, 8477038,
503, 8386193,
504, 8293999,
505, 8206034,
506, 8117617,
507, 8028011,
508, 7944587,
509, 7855271,
510, 7772421,
511, 7683724,
512, 7600565,
513, 7522207,
514, 7436309,
515, 7352945,
516, 7275282,
517, 7194289,
518, 7114615,
519, 7034632,
520, 6959436,
521, 6880218,
522, 6803210,
523, 6727035,
524, 6650660,
525, 6576934,
526, 6502947,
527, 6433358,
528, 6355742,
529, 6284815,
530, 6212749,
531, 6145421,
532, 6075974,
533, 6005431,
534, 5935962,
535, 5871476,
536, 5801643,
537, 5733861,
538, 5669364,
539, 5606329,
540, 5537284,
541, 5477043,
542, 5414392,
543, 5351099,
544, 5287120,
545, 5229048,
546, 5166559,
547, 5102473,
548, 5048830,
549, 4987363,
550, 4927866,
551, 4866460,
552, 4809790,
553, 4756758,
554, 4698491,
555, 4641317,
556, 4584535,
557, 4537174,
558, 4477129,
559, 4429161,
560, 4375784,
561, 4319947,
562, 4270318,
563, 4220296,
564, 4166647,
565, 4119209,
566, 4066601,
567, 4016462,
568, 3971122,
569, 3922692,
570, 3874461,
571, 3830012,
572, 3777857,
573, 3734560,
574, 3688493,
575, 3642017,
576, 3597178,
577, 3551611,
578, 3507183,
579, 3467007,
580, 3421709,
581, 3377311,
582, 3342791,
583, 3296670,
584, 3258572,
585, 3214924,
586, 3175641,
587, 3134596,
588, 3093021,
589, 3058991,
590, 3018921,
591, 2979048,
592, 2944065,
593, 2905063,
594, 2870346,
595, 2833734,
596, 2795771,
597, 2762603,
598, 2725587,
599, 2689326,
600, 2655306,
601, 2622093,
602, 2590846,
603, 2554570,
604, 2521033,
605, 2488308,
606, 2457588,
607, 2425415,
608, 2395334,
609, 2362561,
610, 2333001,
611, 2301006,
612, 2274567,
613, 2244067,
614, 2212879,
615, 2186247,
616, 2155605,
617, 2124885,
618, 2101177,
619, 2073056,
620, 2042744,
621, 2016367,
622, 1992224,
623, 1962281,
624, 1937909,
625, 1913371,
626, 1885774,
627, 1859797,
628, 1833261,
629, 1811323,
630, 1788310,
631, 1763297,
632, 1741647,
633, 1716388,
634, 1691471,
635, 1670199,
636, 1644952,
637, 1625768,
638, 1603631,
639, 1580211,
640, 1558678,
641, 1537909,
642, 1515819,
643, 1495981,
644, 1476645,
645, 1454794,
646, 1433567,
647, 1413048,
648, 1395263,
649, 1376047,
650, 1356044,
651, 1337786,
652, 1319146,
653, 1302166,
654, 1283047,
655, 1266813,
656, 1245748,
657, 1232661,
658, 1213349,
659, 1192755,
660, 1178407,
661, 1160688,
662, 1145672,
663, 1132194,
664, 1114291,
665, 1098639,
666, 1082280,
667, 1068331,
668, 1052046,
669, 1038828,
670, 1021447,
671, 1008164,
672, 992612,
673, 978005,
674, 964697,
675, 951825,
676, 937789,
677, 923792,
678, 911475,
679, 897665,
680, 885387,
681, 872785,
682, 858339,
683, 845426,
684, 834283,
685, 823133,
686, 809905,
687, 797572,
688, 787168,
689, 775149,
690, 763376,
691, 749836,
692, 741873,
693, 729850,
694, 717897,
695, 709719,
696, 697166,
697, 686235,
698, 677241,
699, 667767,
700, 656077,
701, 647637,
702, 638915,
703, 627084,
704, 617604,
705, 608720,
706, 599556,
707, 591745,
708, 582500,
709, 572968,
710, 563926,
711, 556232,
712, 548147,
713, 539786,
714, 532119,
715, 524361,
716, 514907,
717, 507054,
718, 500194,
719, 492382,
720, 482382,
721, 477660,
722, 468665,
723, 462813,
724, 455827,
725, 447802,
726, 440286,
727, 434857,
728, 428079,
729, 419682,
730, 414625,
731, 408517,
732, 401830,
733, 393246,
734, 388718,
735, 382251,
736, 377054,
737, 372249,
738, 366042,
739, 359451,
740, 354061,
741, 348634,
742, 343453,
743, 337984,
744, 332544,
745, 326455,
746, 322523,
747, 316210,
748, 310917,
749, 306953,
750, 301896,
751, 297471,
752, 293008,
753, 286439,
754, 282704,
755, 278485,
756, 274194,
757, 269806,
758, 265328,
759, 261160,
760, 256592,
761, 251628,
762, 248849,
763, 243386,
764, 240590,
765, 236709,
766, 232867,
767, 228293,
768, 225486,
769, 221678,
770, 218907,
771, 214161,
772, 210096,
773, 207127,
774, 204027,
775, 201253,
776, 196165,
777, 193881,
778, 190167,
779, 187734,
780, 183942,
781, 181744,
782, 178129,
783, 174747,
784, 171749,
785, 170080,
786, 166774,
787, 163495,
788, 162279,
789, 158156,
790, 155811,
791, 153358,
792, 150150,
793, 147755,
794, 145512,
795, 142980,
796, 140129,
797, 138605,
798, 135476,
799, 133013,
800, 131224,
801, 128739,
802, 126903,
803, 125101,
804, 122396,
805, 120814,
806, 117896,
807, 116513,
808, 114289,
809, 112326,
810, 110420,
811, 108265,
812, 106372,
813, 105218,
814, 103008,
815, 101243,
816, 99488,
817, 97574,
818, 96084,
819, 94215,
820, 93149,
821, 90526,
822, 90012,
823, 87735,
824, 85640,
825, 85229,
826, 82908,
827, 81430,
828, 80509,
829, 78907,
830, 77608,
831, 75707,
832, 74962,
833, 73422,
834, 72221,
835, 70772,
836, 69596,
837, 68555,
838, 67165,
839, 65681,
840, 64562,
841, 63396,
842, 62453,
843, 61373,
844, 60718,
845, 59357,
846, 57996,
847, 57669,
848, 55951,
849, 55077,
850, 53944,
851, 53425,
852, 52148,
853, 51382,
854, 49933,
855, 49353,
856, 48437,
857, 47401,
858, 46972,
859, 45924,
860, 44538,
861, 44244,
862, 43380,
863, 42309,
864, 41672,
865, 41191,
866, 40403,
867, 39605,
868, 38802,
869, 38090,
870, 37166,
871, 36781,
872, 36033,
873, 35190,
874, 34934,
875, 33920,
876, 33277,
877, 32603,
878, 32065,
879, 31575,
880, 30767,
881, 30539,
882, 29916,
883, 29198,
884, 28672,
885, 27986,
886, 27673,
887, 27217,
888, 26659,
889, 26002,
890, 25607,
891, 25096,
892, 24710,
893, 23901,
894, 23806,
895, 23306,
896, 22784,
897, 22180,
898, 22016,
899, 21494,
900, 21092,
901, 20919,
902, 20484,
903, 19906,
904, 19250,
905, 19444,
906, 18457,
907, 18507,
908, 18266,
909, 17517,
910, 17447,
911, 17099,
912, 16896,
913, 16208,
914, 15991,
915, 15763,
916, 15467,
917, 15055,
918, 14726,
919, 14483,
920, 14373,
921, 13801,
922, 13711,
923, 13489,
924, 13074,
925, 13067,
926, 12692,
927, 12356,
928, 12129,
929, 11939,
930, 11554,
931, 11566,
932, 11029,
933, 10976,
934, 10892,
935, 10658,
936, 10604,
937, 10231,
938, 9902,
939, 9812,
940, 9721,
941, 9252,
942, 9299,
943, 9011,
944, 8854,
945, 8673,
946, 8416,
947, 8349,
948, 8227,
949, 8064,
950, 7769,
951, 7593,
952, 7511,
953, 7324,
954, 7147,
955, 6954,
956, 7012,
957, 6747,
958, 6580,
959, 6583,
960, 6441,
961, 6238,
962, 6054,
963, 6033,
964, 5883,
965, 5697,
966, 5552,
967, 5486,
968, 5338,
969, 5329,
970, 5154,
971, 5144,
972, 4983,
973, 4786,
974, 4840,
975, 4601,
976, 4565,
977, 4324,
978, 4418,
979, 4360,
980, 4262,
981, 4137,
982, 4000,
983, 3887,
984, 3885,
985, 3746,
986, 3616,
987, 3644,
988, 3474,
989, 3374,
990, 3350,
991, 3301,
992, 3320,
993, 3218,
994, 3062,
995, 3086,
996, 3025,
997, 2872,
998, 2799,
999, 2820,
1000, 2745,
1001, 2718,
1002, 2598,
1003, 2603,
1004, 2605,
1005, 2527,
1006, 2489,
1007, 2243,
1008, 2269,
1009, 2311,
1010, 2220,
1011, 2245,
1012, 2128,
1013, 2132,
1014, 2030,
1015, 1969,
1016, 1969,
1017, 1930,
1018, 1869,
1019, 1848,
1020, 1777,
1021, 1742,
1022, 1726,
1023, 1690,
1024, 1679,
1025, 1603,
1026, 1524,
1027, 1488,
1028, 1465,
1029, 1513,
1030, 1495,
1031, 1380,
1032, 1408,
1033, 1318,
1034, 1302,
1035, 1285,
1036, 1194,
1037, 1248,
1038, 1111,
1039, 1141,
1040, 1093,
1041, 1075,
1042, 1127,
1043, 1038,
1044, 1047,
1045, 1029,
1046, 971,
1047, 982,
1048, 923,
1049, 908,
1050, 955,
1051, 898,
1052, 889,
1053, 873,
1054, 847,
1055, 788,
1056, 814,
1057, 819,
1058, 748,
1059, 780,
1060, 737,
1061, 692,
1062, 685,
1063, 697,
1064, 665,
1065, 657,
1066, 644,
1067, 581,
1068, 611,
1069, 580,
1070, 556,
1071, 606,
1072, 553,
1073, 587,
1074, 546,
1075, 516,
1076, 501,
1077, 485,
1078, 498,
1079, 513,
1080, 462,
1081, 426,
1082, 414,
1083, 431,
1084, 424,
1085, 446,
1086, 422,
1087, 362,
1088, 378,
1089, 363,
1090, 372,
1091, 372,
1092, 327,
1093, 334,
1094, 313,
1095, 324,
1096, 328,
1097, 300,
1098, 306,
1099, 296,
1100, 255,
1101, 258,
1102, 271,
1103, 275,
1104, 269,
1105, 260,
1106, 242,
1107, 239,
1108, 216,
1109, 237,
1110, 219,
1111, 221,
1112, 219,
1113, 255,
1114, 203,
1115, 210,
1116, 182,
1117, 196,
1118, 192,
1119, 175,
1120, 193,
1121, 169,
1122, 196,
1123, 172,
1124, 157,
1125, 152,
1126, 153,
1127, 172,
1128, 142,
1129, 151,
1130, 136,
1131, 139,
1132, 127,
1133, 144,
1134, 144,
1135, 122,
1136, 137,
1137, 118,
1138, 122,
1139, 110,
1140, 125,
1141, 112,
1142, 108,
1143, 102,
1144, 114,
1145, 96,
1146, 84,
1147, 90,
1148, 95,
1149, 77,
1150, 96,
1151, 99,
1152, 90,
1153, 93,
1154, 78,
1155, 72,
1156, 73,
1157, 66,
1158, 73,
1159, 78,
1160, 60,
1161, 64,
1162, 81,
1163, 70,
1164, 40,
1165, 45,
1166, 46,
1167, 55,
1168, 53,
1169, 48,
1170, 44,
1171, 52,
1172, 63,
1173, 34,
1174, 48,
1175, 44,
1176, 48,
1177, 35,
1178, 45,
1179, 37,
1180, 29,
1181, 31,
1182, 42,
1183, 34,
1184, 33,
1185, 36,
1186, 33,
1187, 33,
1188, 35,
1189, 30,
1190, 22,
1191, 26,
1192, 38,
1193, 31,
1194, 23,
1195, 25,
1196, 29,
1197, 36,
1198, 25,
1199, 34,
1200, 31,
1201, 24,
1202, 22,
1203, 21,
1204, 29,
1205, 16,
1206, 24,
1207, 24,
1208, 20,
1209, 19,
1210, 21,
1211, 21,
1212, 15,
1213, 18,
1214, 16,
1215, 15,
1216, 18,
1217, 14,
1218, 11,
1219, 19,
1220, 13,
1221, 22,
1222, 19,
1223, 11,
1224, 15,
1225, 12,
1226, 16,
1227, 15,
1228, 17,
1229, 10,
1230, 10,
1231, 10,
1232, 10,
1233, 9,
1234, 14,
1235, 12,
1236, 7,
1237, 8,
1238, 4,
1239, 10,
1240, 6,
1241, 8,
1242, 5,
1243, 7,
1244, 10,
1245, 16,
1246, 6,
1247, 5,
1248, 9,
1249, 8,
1250, 7,
1251, 6,
1252, 5,
1253, 2,
1254, 5,
1255, 5,
1256, 5,
1257, 4,
1258, 3,
1259, 7,
1260, 4,
1261, 5,
1262, 5,
1263, 9,
1264, 4,
1265, 6,
1266, 6,
1267, 6,
1268, 5,
1269, 7,
1270, 3,
1271, 4,
1272, 1,
1273, 7,
1274, 3,
1275, 5,
1276, 3,
1277, 4,
1278, 0,
1279, 1,
1280, 4,
1281, 1,
1282, 2,
1283, 0,
1284, 4,
1285, 2,
1286, 3,
1287, 3,
1288, 4,
1289, 2,
1290, 1,
1291, 1,
1292, 2,
1293, 2,
1294, 1,
1295, 0,
1296, 1,
1297, 1,
1298, 3,
1299, 1,
1300, 2,
1301, 0,
1302, 0,
1303, 1,
1304, 1,
1305, 2,
1306, 0,
1307, 0,
1308, 2,
1309, 0,
1310, 1,
1311, 1,
1312, 1,
1313, 0,
1314, 1,
1315, 1,
1316, 2,
1317, 2,
1318, 0,
1319, 1,
1320, 0,
1321, 0,
1322, 2,
1323, 1,
1324, 0,
1325, 1,
1326, 1,
1327, 0,
1328, 2,
1329, 1,
1330, 0,
1331, 0,
1332, 1,
1333, 0,
1334, 0,
1335, 1,
1336, 1,
1337, 0,
1338, 0,
1339, 1,
1340, 0,
1341, 1,
1342, 0,
1343, 0,
1344, 0,
1345, 1,
1346, 0,
1347, 0,
1348, 0,
1349, 1,
1350, 0,
1351, 0,
1352, 0,
1353, 0,
1354, 0,
1355, 0,
1356, 0,
1357, 0,
1358, 0,
1359, 0,
1360, 0,
1361, 1,
1362, 0,
1363, 0,
1364, 0,
1365, 0,
1366, 0,
1367, 1,
1368, 0,
1369, 1,
1370, 0,
1371, 0,
1372, 0,
1373, 1,
1374, 0,
1375, 0,
1376, 0,
1377, 1,
1378, 0,
1379, 0,
1380, 1,
1381, 0,
1382, 0,
1383, 1,
1384, 0,
1385, 0,
1386, 0,
1387, 0,
1388, 0,
1389, 1,
1390, 0,
1391, 0,
1392, 0,
1393, 0,
1394, 0,
1395, 0,
1396, 0,
1397, 0,
1398, 0,
1399, 0,
1400, 0,
1401, 0,
1402, 0,
1403, 0,
1404, 0,
1405, 0,
1406, 0,
1407, 0,
1408, 0,
1409, 0,
1410, 0,
1411, 0,
1412, 0,
1413, 0,
1414, 0,
1415, 0,
1416, 0,
1417, 0,
1418, 0,
1419, 0,
1420, 0,
1421, 0,
1422, 0,
1423, 0,
1424, 0,
1425, 0,
1426, 0,
1427, 0,
1428, 0,
1429, 0,
1430, 0,
1431, 0,
1432, 0,
1433, 0,
1434, 0,
1435, 0,
1436, 0,
1437, 0,
1438, 0,
1439, 0,
1440, 0,
1441, 0,
1442, 0,
1443, 0,
1444, 0,
1445, 0,
1446, 0,
1447, 0,
1448, 0,
1449, 0,
1450, 0,
1451, 0,
1452, 0,
1453, 0,
1454, 0,
1455, 0,
1456, 0,
1457, 0,
1458, 0,
1459, 0,
1460, 0,
1461, 0,
1462, 0,
1463, 0,
1464, 0,
1465, 0,
1466, 0,
1467, 0,
1468, 0,
1469, 0,
1470, 0,
1471, 0,
1472, 0,
1473, 0,
1474, 0,
1475, 0,
1476, 0,
1477, 0,
1478, 0,
1479, 0,
1480, 0,
1481, 0,
1482, 0,
1483, 0,
1484, 0,
1485, 0,
1486, 0,
1487, 0,
1488, 0,
1489, 0,
1490, 0,
1491, 0,
1492, 0,
1493, 0,
1494, 0,
1495, 0,
1496, 0,
1497, 0,
1498, 0,
1499, 0,
1500, 0,
1501, 0,
1502, 0,
1503, 0,
1504, 0,
1505, 0,
1506, 0,
1507, 0,
1508, 0,
1509, 0,
1510, 0,
1511, 0,
1512, 0,
1513, 0,
1514, 0,
1515, 0,
1516, 0,
1517, 0,
1518, 0,
1519, 0,
1520, 0,
1521, 0,
1522, 0,
1523, 0,
1524, 0,
1525, 0,
1526, 0,
1527, 0,
1528, 0,
1529, 0,
1530, 0,
1531, 0,
1532, 0,
1533, 0,
1534, 0,
1535, 0,
1536, 0,
1537, 0,
1538, 0,
1539, 0,
1540, 0,
1541, 0,
1542, 0,
1543, 0,
1544, 0,
1545, 0,
1546, 0,
1547, 0,
1548, 0,
1549, 0,
1550, 0,
1551, 0,
1552, 0,
1553, 0,
1554, 0,
1555, 0,
1556, 0,
1557, 0,
1558, 0,
1559, 0,
1560, 0,
1561, 0,
1562, 0,
1563, 0,
1564, 0,
1565, 0,
1566, 0,
1567, 0,
1568, 0,
1569, 0,
1570, 0,
1571, 0,
1572, 0,
1573, 0,
1574, 0,
1575, 0,
1576, 0,
1577, 0,
1578, 0,
1579, 0,
1580, 0,
1581, 0,
1582, 0,
1583, 0,
1584, 0,
1585, 0,
1586, 0,
1587, 0,
1588, 0,
1589, 0,
1590, 0,
1591, 0,
1592, 0,
1593, 0,
1594, 0,
1595, 0,
1596, 0,
1597, 0,
1598, 0,
1599, 0,
1600, 0,
1601, 0,
1602, 0,
1603, 0,
1604, 0,
1605, 0,
1606, 0,
1607, 0,
1608, 0,
1609, 0,
1610, 0,
1611, 0,
1612, 0,
1613, 0,
1614, 0,
1615, 0,
1616, 0,
1617, 0,
1618, 0,
1619, 0,
1620, 0,
1621, 0,
1622, 0,
1623, 0,
1624, 0,
1625, 0,
1626, 0,
1627, 0,
1628, 0,
1629, 0,
1630, 0,
1631, 0,
1632, 0,
1633, 0,
1634, 0,
1635, 0,
1636, 0,
1637, 0,
1638, 0,
1639, 0,
1640, 0,
1641, 0,
1642, 0,
1643, 0,
1644, 0,
1645, 0,
1646, 0,
1647, 0,
1648, 0,
1649, 0,
1650, 0,
1651, 0,
1652, 0,
1653, 0,
1654, 0,
1655, 0,
1656, 0,
1657, 0,
1658, 0,
1659, 0,
1660, 0,
1661, 0,
1662, 0,
1663, 0,
1664, 0,
1665, 0,
1666, 0,
1667, 0,
1668, 0,
1669, 0,
1670, 0,
1671, 0,
1672, 0,
1673, 0,
1674, 0,
1675, 0,
1676, 0,
1677, 0,
1678, 0,
1679, 0,
1680, 0,
1681, 0,
1682, 0,
1683, 0,
1684, 0,
1685, 0,
1686, 0,
1687, 0,
1688, 0,
1689, 0,
1690, 0,
1691, 0,
1692, 0,
1693, 0,
1694, 0,
1695, 0,
1696, 0,
1697, 0,
1698, 0,
1699, 0,
1700, 0,
1701, 0,
1702, 0,
1703, 0,
1704, 0,
1705, 0,
1706, 0,
1707, 0,
1708, 0,
1709, 0,
1710, 0,
1711, 0,
1712, 0,
1713, 0,
1714, 0,
1715, 0,
1716, 0,
1717, 0,
1718, 0,
1719, 0,
1720, 0,
1721, 0,
1722, 0,
1723, 0,
1724, 0,
1725, 0,
1726, 0,
1727, 0,
1728, 0,
1729, 0,
1730, 0,
1731, 0,
1732, 0,
1733, 0,
1734, 0,
1735, 0,
1736, 0,
1737, 0,
1738, 0,
1739, 0,
1740, 0,
1741, 0,
1742, 0,
1743, 0,
1744, 0,
1745, 0,
1746, 0,
1747, 0,
1748, 0,
1749, 0,
1750, 0,
1751, 0,
1752, 0,
1753, 0,
1754, 0,
1755, 0,
1756, 0,
1757, 0,
1758, 0,
1759, 0,
1760, 0,
1761, 0,
1762, 0,
1763, 0,
1764, 0,
1765, 0,
1766, 0,
1767, 0,
1768, 0,
1769, 0,
1770, 0,
1771, 0,
1772, 0,
1773, 0,
1774, 0,
1775, 0,
1776, 0,
1777, 0,
1778, 0,
1779, 0,
1780, 0,
1781, 0,
1782, 0,
1783, 0,
1784, 0,
1785, 0,
1786, 0,
1787, 0,
1788, 0,
1789, 0,
1790, 0,
1791, 0,
1792, 0,
1793, 0,
1794, 0,
1795, 0,
1796, 0,
1797, 0,
1798, 0,
1799, 0,
1800, 0,
1801, 0,
1802, 0,
1803, 0,
1804, 0,
1805, 0,
1806, 0,
1807, 0,
1808, 0,
1809, 0,
1810, 0,
1811, 0,
1812, 0,
1813, 0,
1814, 0,
1815, 0,
1816, 0,
1817, 0,
1818, 0,
1819, 0,
1820, 0,
1821, 0,
1822, 0,
1823, 0,
1824, 0,
1825, 0,
1826, 0,
1827, 0,
1828, 0,
1829, 0,
1830, 0,
1831, 0,
1832, 0,
1833, 0,
1834, 0,
1835, 0,
1836, 0,
1837, 0,
1838, 0,
1839, 0,
1840, 0,
1841, 0,
1842, 0,
1843, 0,
1844, 0,
1845, 0,
1846, 0,
1847, 0,
1848, 0,
1849, 0,
1850, 0,
1851, 0,
1852, 0,
1853, 0,
1854, 0,
1855, 0,
1856, 0,
1857, 0,
1858, 0,
1859, 0,
1860, 0,
1861, 0,
1862, 0,
1863, 0,
1864, 0,
1865, 0,
1866, 0,
1867, 0,
1868, 0,
1869, 0,
1870, 0,
1871, 0,
1872, 0,
1873, 0,
1874, 0,
1875, 0,
1876, 0,
1877, 0,
1878, 0,
1879, 0,
1880, 0,
1881, 0,
1882, 0,
1883, 0,
1884, 0,
1885, 0,
1886, 0,
1887, 0,
1888, 0,
1889, 0,
1890, 0,
1891, 0,
1892, 0,
1893, 0,
1894, 0,
1895, 0,
1896, 0,
1897, 0,
1898, 0,
1899, 0,
1900, 0,
1901, 0,
1902, 0,
1903, 0,
1904, 0,
1905, 0,
1906, 0,
1907, 0,
1908, 0,
1909, 0,
1910, 0,
1911, 0,
1912, 0,
1913, 0,
1914, 0,
1915, 0,
1916, 0,
1917, 0,
1918, 0,
1919, 0,
1920, 0,
1921, 0,
1922, 0,
1923, 0,
1924, 0,
1925, 0,
1926, 0,
1927, 0,
1928, 0,
1929, 0,
1930, 0,
1931, 0,
1932, 0,
1933, 0,
1934, 0,
1935, 0,
1936, 0,
1937, 0,
1938, 0,
1939, 0,
1940, 0,
1941, 0,
1942, 0,
1943, 0,
1944, 0,
1945, 0,
1946, 0,
1947, 0,
1948, 0,
1949, 0,
1950, 0,
1951, 0,
1952, 0,
1953, 0,
1954, 0,
1955, 0,
1956, 0,
1957, 0,
1958, 0,
1959, 0,
1960, 0,
1961, 0,
1962, 0,
1963, 0,
1964, 0,
1965, 0,
1966, 0,
1967, 0,
1968, 0,
1969, 0,
1970, 0,
1971, 0,
1972, 0,
1973, 0,
1974, 0,
1975, 0,
1976, 0,
1977, 0,
1978, 0,
1979, 0,
1980, 0,
1981, 0,
1982, 0,
1983, 0,
1984, 0,
1985, 0,
1986, 0,
1987, 0,
1988, 0,
1989, 0,
1990, 0,
1991, 0,
1992, 0,
1993, 0,
1994, 0,
1995, 0,
1996, 0,
1997, 0,
1998, 0,
1999, 0,
2000, 0,
2001, 0,
2002, 0,
2003, 0,
2004, 0,
2005, 0,
2006, 0,
2007, 0,
2008, 0,
2009, 0,
2010, 0,
2011, 0,
2012, 0,
2013, 0,
2014, 0,
2015, 0,
2016, 0,
2017, 0,
2018, 0,
2019, 0,
2020, 0,
2021, 0,
2022, 0,
2023, 0,
2024, 0,
2025, 0,
2026, 0,
2027, 0,
2028, 0,
2029, 0,
2030, 0,
2031, 0,
2032, 0,
2033, 0,
2034, 0,
2035, 0,
2036, 0,
2037, 0,
2038, 0,
2039, 0,
2040, 0,
2041, 0,
2042, 0,
2043, 0,
2044, 0,
2045, 0,
2046, 0,
2047, 0,
2048, 0,
2049, 0,
2050, 0,
2051, 0,
2052, 0,
2053, 0,
2054, 0,
2055, 0,
2056, 0,
2057, 0,
2058, 0,
2059, 0,
2060, 0,
2061, 0,
2062, 0,
2063, 0,
2064, 0,
2065, 0,
2066, 0,
2067, 0,
2068, 0,
2069, 0,
2070, 0,
2071, 0,
2072, 0,
2073, 0,
2074, 0,
2075, 0,
2076, 0,
2077, 0,
2078, 0,
2079, 0,
2080, 0,
2081, 0,
2082, 0,
2083, 0,
2084, 0,
2085, 0,
2086, 0,
2087, 0,
2088, 0,
2089, 0,
2090, 0,
2091, 0,
2092, 0,
2093, 0,
2094, 0,
2095, 0,
2096, 0,
2097, 0,
2098, 0,
2099, 0,
2100, 0,
2101, 0,
2102, 0,
2103, 0,
2104, 0,
2105, 0,
2106, 0,
2107, 0,
2108, 0,
2109, 0,
2110, 0,
2111, 0,
2112, 0,
2113, 0,
2114, 0,
2115, 0,
2116, 0,
2117, 0,
2118, 0,
2119, 0,
2120, 0,
2121, 0,
2122, 0,
2123, 0,
2124, 0,
2125, 0,
2126, 0,
2127, 0,
2128, 0,
2129, 0,
2130, 0,
2131, 0,
2132, 0,
2133, 0,
2134, 0,
2135, 0,
2136, 0,
2137, 0,
2138, 0,
2139, 0,
2140, 0,
2141, 0,
2142, 0,
2143, 0,
2144, 0,
2145, 0,
2146, 0,
2147, 0,
2148, 0,
2149, 0,
2150, 0,
2151, 0,
2152, 0,
2153, 0,
2154, 0,
2155, 0,
2156, 0,
2157, 0,
2158, 0,
2159, 0,
2160, 0,
2161, 0,
2162, 0,
2163, 0,
2164, 0,
2165, 0,
2166, 0,
2167, 0,
2168, 0,
2169, 0,
2170, 0,
2171, 0,
2172, 0,
2173, 0,
2174, 0,
2175, 0,
2176, 0,
2177, 0,
2178, 0,
2179, 0,
2180, 0,
2181, 0,
2182, 0,
2183, 0,
2184, 0,
2185, 0,
2186, 0,
2187, 0,
2188, 0,
2189, 0,
2190, 0,
2191, 0,
2192, 0,
2193, 0,
2194, 0,
2195, 0,
2196, 0,
2197, 0,
2198, 0,
2199, 0,
2200, 0,
2201, 0,
2202, 0,
2203, 0,
2204, 0,
2205, 0,
2206, 0,
2207, 0,
2208, 0,
2209, 0,
2210, 0,
2211, 0,
2212, 0,
2213, 0,
2214, 0,
2215, 0,
2216, 0,
2217, 0,
2218, 0,
2219, 0,
2220, 0,
2221, 0,
2222, 0,
2223, 0,
2224, 0,
2225, 0,
2226, 0,
2227, 0,
2228, 0,
2229, 0,
2230, 0,
2231, 0,
2232, 0,
2233, 0,
2234, 0,
2235, 0,
2236, 0,
2237, 0,
2238, 0,
2239, 0,
2240, 0,
2241, 0,
2242, 0,
2243, 0,
2244, 0,
2245, 0,
2246, 0,
2247, 0,
2248, 0,
2249, 0,
2250, 0,
2251, 0,
2252, 0,
2253, 0,
2254, 0,
2255, 0,
2256, 0,
2257, 0,
2258, 0,
2259, 0,
2260, 0,
2261, 0,
2262, 0,
2263, 0,
2264, 0,
2265, 0,
2266, 0,
2267, 0,
2268, 0,
2269, 0,
2270, 0,
2271, 0,
2272, 0,
2273, 0,
2274, 0,
2275, 0,
2276, 0,
2277, 0,
2278, 0,
2279, 0,
2280, 0,
2281, 0,
2282, 0,
2283, 0,
2284, 0,
2285, 0,
2286, 0,
2287, 1,
2288, 1,
2289, 1,
2290, 0,
2291, 0,
2292, 0,
2293, 1,
2294, 0,
2295, 1,
2296, 0,
2297, 3,
2298, 0,
2299, 2,
2300, 2,
2301, 0,
2302, 0,
2303, 1,
2304, 1,
2305, 0,
2306, 3,
2307, 0,
2308, 0,
2309, 0,
2310, 0,
2311, 0,
2312, 0,
2313, 0,
2314, 1,
2315, 0,
2316, 0,
2317, 0,
2318, 0,
2319, 0,
2320, 1,
2321, 0,
2322, 0,
2323, 1,
2324, 0,
2325, 0,
2326, 0,
2327, 1,
2328, 0,
2329, 0,
2330, 0,
2331, 1,
2332, 2,
2333, 0,
2334, 0,
2335, 0,
2336, 0,
2337, 0,
2338, 0,
2339, 0,
2340, 0,
2341, 0,
2342, 0,
2343, 0,
2344, 0,
2345, 0,
2346, 0,
2347, 0,
2348, 1,
2349, 0,
2350, 0,
2351, 0,
2352, 0,
2353, 0,
2354, 0,
2355, 0,
2356, 0,
2357, 0,
2358, 0,
2359, 0,
2360, 0,
2361, 0,
2362, 0,
2363, 1,
2364, 0,
2365, 0,
2366, 0,
2367, 0,
2368, 0,
2369, 0,
2370, 0,
2371, 0,
2372, 0,
2373, 0,
2374, 0,
2375, 0,
2376, 0,
2377, 0,
2378, 0,
2379, 0,
2380, 0,
2381, 0,
2382, 0,
2383, 0,
2384, 0,
2385, 0,
2386, 0,
2387, 0,
2388, 0,
2389, 0,
2390, 0,
2391, 0,
2392, 0,
2393, 0,
2394, 0,
2395, 0,
2396, 0,
2397, 0,
2398, 0,
2399, 0,
2400, 0,
2401, 0,
2402, 0,
2403, 0,
2404, 0,
2405, 0,
2406, 0,
2407, 0,
2408, 0,
2409, 0,
2410, 0,
2411, 0,
2412, 0,
2413, 0,
2414, 0,
2415, 0,
2416, 0,
2417, 0,
2418, 0,
2419, 0,
2420, 0,
2421, 0,
2422, 0,
2423, 0,
2424, 0,
2425, 0,
2426, 0,
2427, 0,
2428, 0,
2429, 0,
2430, 0,
2431, 0,
2432, 0,
2433, 0,
2434, 0,
2435, 0,
2436, 0,
2437, 0,
2438, 0,
2439, 0,
2440, 0,
2441, 0,
2442, 0,
2443, 0,
2444, 0,
2445, 0,
2446, 0,
2447, 0,
2448, 0,
2449, 0,
2450, 0,
2451, 0,
2452, 0,
2453, 0,
2454, 0,
2455, 0,
2456, 0,
2457, 0,
2458, 0,
2459, 0,
2460, 0,
2461, 0,
2462, 0,
2463, 0,
2464, 0,
2465, 0,
2466, 0,
2467, 0,
2468, 0,
2469, 0,
2470, 0,
2471, 0,
2472, 0,
2473, 0,
2474, 0,
2475, 0,
2476, 0,
2477, 0,
2478, 0,
2479, 0,
2480, 0,
2481, 0,
2482, 0,
2483, 0,
2484, 0,
2485, 0,
2486, 0,
2487, 0,
2488, 0,
2489, 0,
2490, 0,
2491, 0,
2492, 0,
2493, 0,
2494, 0,
2495, 0,
2496, 0,
2497, 0,
2498, 0,
2499, 0,
2500, 0,
2501, 0,
2502, 0,
2503, 0,
2504, 0,
2505, 0,
2506, 0,
2507, 0,
2508, 0,
2509, 0,
2510, 0,
2511, 0,
2512, 0,
2513, 0,
2514, 0,
2515, 0,
2516, 0,
2517, 0,
2518, 0,
2519, 0,
2520, 0,
2521, 0,
2522, 0,
2523, 0,
2524, 0,
2525, 0,
2526, 0,
2527, 0,
2528, 0,
2529, 0,
2530, 0,
2531, 0,
2532, 0,
2533, 0,
2534, 0,
2535, 0,
2536, 0,
2537, 0,
2538, 0,
2539, 0,
2540, 0,
2541, 0,
2542, 0,
2543, 0,
2544, 0,
2545, 0,
2546, 0,
2547, 0,
2548, 0,
2549, 0,
2550, 0,
2551, 0,
2552, 0,
2553, 0,
2554, 0,
2555, 0,
2556, 0,
2557, 0,
2558, 0,
2559, 0,
2560, 0,
2561, 0,
2562, 0,
2563, 0,
2564, 0,
2565, 0,
2566, 0,
2567, 0,
2568, 0,
2569, 0,
2570, 0,
2571, 0,
2572, 0,
2573, 0,
2574, 0,
2575, 0,
2576, 0,
2577, 0,
2578, 0,
2579, 0,
2580, 0,
2581, 0,
2582, 0,
2583, 0,
2584, 0,
2585, 0,
2586, 0,
2587, 0,
2588, 0,
2589, 0,
2590, 0,
2591, 0,
2592, 0,
2593, 0,
2594, 0,
2595, 0,
2596, 0,
2597, 0,
2598, 0,
2599, 0,
2600, 0,
2601, 0,
2602, 0,
2603, 0,
2604, 0,
2605, 0,
2606, 0,
2607, 0,
2608, 0,
2609, 0,
2610, 0,
2611, 0,
2612, 0,
2613, 0,
2614, 0,
2615, 0,
2616, 0,
2617, 0,
2618, 0,
2619, 0,
2620, 0,
2621, 0,
2622, 0,
2623, 0,
2624, 0,
2625, 0,
2626, 0,
2627, 0,
2628, 0,
2629, 0,
2630, 0,
2631, 0,
2632, 0,
2633, 0,
2634, 0,
2635, 0,
2636, 0,
2637, 0,
2638, 0,
2639, 0,
2640, 0,
2641, 0,
2642, 0,
2643, 0,
2644, 0,
2645, 0,
2646, 0,
2647, 0,
2648, 0,
2649, 0,
2650, 0,
2651, 0,
2652, 0,
2653, 0,
2654, 0,
2655, 0,
2656, 0,
2657, 0,
2658, 0,
2659, 0,
2660, 0,
2661, 0,
2662, 0,
2663, 0,
2664, 0,
2665, 0,
2666, 0,
2667, 0,
2668, 0,
2669, 0,
2670, 0,
2671, 0,
2672, 0,
2673, 0,
2674, 0,
2675, 0,
2676, 0,
2677, 0,
2678, 0,
2679, 0,
2680, 0,
2681, 0,
2682, 0,
2683, 0,
2684, 0,
2685, 0,
2686, 0,
2687, 0,
2688, 0,
2689, 0,
2690, 0,
2691, 0,
2692, 0,
2693, 0,
2694, 0,
2695, 0,
2696, 0,
2697, 0,
2698, 0,
2699, 0,
2700, 0,
2701, 0,
2702, 0,
2703, 0,
2704, 0,
2705, 0,
2706, 0,
2707, 0,
2708, 0,
2709, 0,
2710, 0,
2711, 0,
2712, 0,
2713, 0,
2714, 0,
2715, 0,
2716, 0,
2717, 0,
2718, 0,
2719, 0,
2720, 0,
2721, 0,
2722, 0,
2723, 0,
2724, 0,
2725, 0,
2726, 0,
2727, 0,
2728, 0,
2729, 0,
2730, 0,
2731, 0,
2732, 0,
2733, 0,
2734, 0,
2735, 0,
2736, 0,
2737, 0,
2738, 0,
2739, 0,
2740, 0,
2741, 0,
2742, 0,
2743, 0,
2744, 0,
2745, 0,
2746, 0,
2747, 0,
2748, 0,
2749, 0,
2750, 0,
2751, 0,
2752, 0,
2753, 0,
2754, 0,
2755, 0,
2756, 0,
2757, 0,
2758, 0,
2759, 0,
2760, 0,
2761, 0,
2762, 0,
2763, 0,
2764, 0,
2765, 0,
2766, 0,
2767, 0,
2768, 0,
2769, 0,
2770, 0,
2771, 0,
2772, 0,
2773, 0,
2774, 0,
2775, 0,
2776, 0,
2777, 0,
2778, 0,
2779, 0,
2780, 0,
2781, 0,
2782, 0,
2783, 0,
2784, 0,
2785, 0,
2786, 0,
2787, 0,
2788, 0,
2789, 0,
2790, 0,
2791, 0,
2792, 0,
2793, 0,
2794, 0,
2795, 0,
2796, 0,
2797, 0,
2798, 0,
2799, 0,
2800, 0,
2801, 0,
2802, 0,
2803, 0,
2804, 0,
