-2805, 0,
-2804, 0,
-2803, 0,
-2802, 0,
-2801, 0,
-2800, 0,
-2799, 0,
-2798, 0,
-2797, 0,
-2796, 0,
-2795, 0,
-2794, 0,
-2793, 0,
-2792, 0,
-2791, 0,
-2790, 0,
-2789, 0,
-2788, 0,
-2787, 0,
-2786, 0,
-2785, 0,
-2784, 0,
-2783, 0,
-2782, 0,
-2781, 0,
-2780, 0,
-2779, 0,
-2778, 0,
-2777, 0,
-2776, 0,
-2775, 0,
-2774, 0,
-2773, 0,
-2772, 0,
-2771, 0,
-2770, 0,
-2769, 0,
-2768, 0,
-2767, 0,
-2766, 0,
-2765, 0,
-2764, 0,
-2763, 0,
-2762, 0,
-2761, 0,
-2760, 0,
-2759, 0,
-2758, 0,
-2757, 0,
-2756, 0,
-2755, 0,
-2754, 0,
-2753, 0,
-2752, 0,
-2751, 0,
-2750, 0,
-2749, 0,
-2748, 0,
-2747, 0,
-2746, 0,
-2745, 0,
-2744, 0,
-2743, 0,
-2742, 0,
-2741, 0,
-2740, 0,
-2739, 0,
-2738, 0,
-2737, 0,
-2736, 0,
-2735, 0,
-2734, 0,
-2733, 0,
-2732, 0,
-2731, 0,
-2730, 0,
-2729, 0,
-2728, 0,
-2727, 0,
-2726, 0,
-2725, 0,
-2724, 0,
-2723, 0,
-2722, 0,
-2721, 0,
-2720, 0,
-2719, 0,
-2718, 0,
-2717, 0,
-2716, 0,
-2715, 0,
-2714, 0,
-2713, 0,
-2712, 0,
-2711, 0,
-2710, 0,
-2709, 0,
-2708, 0,
-2707, 0,
-2706, 0,
-2705, 0,
-2704, 0,
-2703, 0,
-2702, 0,
-2701, 0,
-2700, 0,
-2699, 0,
-2698, 0,
-2697, 0,
-2696, 0,
-2695, 0,
-2694, 0,
-2693, 0,
-2692, 0,
-2691, 0,
-2690, 0,
-2689, 0,
-2688, 0,
-2687, 0,
-2686, 0,
-2685, 0,
-2684, 0,
-2683, 0,
-2682, 0,
-2681, 0,
-2680, 0,
-2679, 0,
-2678, 0,
-2677, 0,
-2676, 0,
-2675, 0,
-2674, 0,
-2673, 0,
-2672, 0,
-2671, 0,
-2670, 0,
-2669, 0,
-2668, 0,
-2667, 0,
-2666, 0,
-2665, 0,
-2664, 0,
-2663, 0,
-2662, 0,
-2661, 0,
-2660, 0,
-2659, 0,
-2658, 0,
-2657, 0,
-2656, 0,
-2655, 0,
-2654, 0,
-2653, 0,
-2652, 0,
-2651, 0,
-2650, 0,
-2649, 0,
-2648, 0,
-2647, 0,
-2646, 0,
-2645, 0,
-2644, 0,
-2643, 0,
-2642, 0,
-2641, 0,
-2640, 0,
-2639, 0,
-2638, 0,
-2637, 0,
-2636, 0,
-2635, 0,
-2634, 0,
-2633, 0,
-2632, 0,
-2631, 0,
-2630, 0,
-2629, 0,
-2628, 0,
-2627, 0,
-2626, 0,
-2625, 0,
-2624, 0,
-2623, 0,
-2622, 0,
-2621, 0,
-2620, 0,
-2619, 0,
-2618, 0,
-2617, 0,
-2616, 0,
-2615, 0,
-2614, 0,
-2613, 0,
-2612, 0,
-2611, 0,
-2610, 0,
-2609, 0,
-2608, 0,
-2607, 0,
-2606, 0,
-2605, 0,
-2604, 0,
-2603, 0,
-2602, 0,
-2601, 0,
-2600, 0,
-2599, 0,
-2598, 0,
-2597, 0,
-2596, 0,
-2595, 0,
-2594, 0,
-2593, 0,
-2592, 0,
-2591, 0,
-2590, 0,
-2589, 0,
-2588, 0,
-2587, 0,
-2586, 0,
-2585, 0,
-2584, 0,
-2583, 0,
-2582, 0,
-2581, 0,
-2580, 0,
-2579, 0,
-2578, 0,
-2577, 0,
-2576, 0,
-2575, 0,
-2574, 0,
-2573, 0,
-2572, 0,
-2571, 0,
-2570, 0,
-2569, 0,
-2568, 0,
-2567, 0,
-2566, 0,
-2565, 0,
-2564, 0,
-2563, 0,
-2562, 0,
-2561, 0,
-2560, 0,
-2559, 0,
-2558, 0,
-2557, 0,
-2556, 0,
-2555, 0,
-2554, 0,
-2553, 0,
-2552, 0,
-2551, 0,
-2550, 0,
-2549, 0,
-2548, 0,
-2547, 0,
-2546, 0,
-2545, 0,
-2544, 0,
-2543, 0,
-2542, 0,
-2541, 0,
-2540, 0,
-2539, 0,
-2538, 0,
-2537, 0,
-2536, 0,
-2535, 0,
-2534, 0,
-2533, 0,
-2532, 0,
-2531, 0,
-2530, 0,
-2529, 0,
-2528, 0,
-2527, 0,
-2526, 0,
-2525, 0,
-2524, 0,
-2523, 0,
-2522, 0,
-2521, 0,
-2520, 0,
-2519, 0,
-2518, 0,
-2517, 0,
-2516, 0,
-2515, 0,
-2514, 0,
-2513, 0,
-2512, 0,
-2511, 0,
-2510, 0,
-2509, 0,
-2508, 0,
-2507, 0,
-2506, 0,
-2505, 0,
-2504, 0,
-2503, 0,
-2502, 0,
-2501, 0,
-2500, 0,
-2499, 0,
-2498, 0,
-2497, 0,
-2496, 0,
-2495, 0,
-2494, 0,
-2493, 0,
-2492, 0,
-2491, 0,
-2490, 0,
-2489, 0,
-2488, 0,
-2487, 0,
-2486, 0,
-2485, 0,
-2484, 0,
-2483, 0,
-2482, 0,
-2481, 0,
-2480, 0,
-2479, 0,
-2478, 0,
-2477, 0,
-2476, 0,
-2475, 0,
-2474, 0,
-2473, 0,
-2472, 0,
-2471, 0,
-2470, 0,
-2469, 0,
-2468, 0,
-2467, 0,
-2466, 0,
-2465, 0,
-2464, 0,
-2463, 0,
-2462, 0,
-2461, 0,
-2460, 0,
-2459, 0,
-2458, 0,
-2457, 0,
-2456, 0,
-2455, 0,
-2454, 0,
-2453, 0,
-2452, 0,
-2451, 0,
-2450, 0,
-2449, 0,
-2448, 0,
-2447, 0,
-2446, 0,
-2445, 0,
-2444, 0,
-2443, 0,
-2442, 0,
-2441, 0,
-2440, 0,
-2439, 0,
-2438, 0,
-2437, 0,
-2436, 0,
-2435, 0,
-2434, 0,
-2433, 0,
-2432, 0,
-2431, 0,
-2430, 0,
-2429, 0,
-2428, 0,
-2427, 0,
-2426, 0,
-2425, 0,
-2424, 0,
-2423, 0,
-2422, 0,
-2421, 0,
-2420, 0,
-2419, 0,
-2418, 0,
-2417, 0,
-2416, 0,
-2415, 0,
-2414, 0,
-2413, 0,
-2412, 0,
-2411, 0,
-2410, 0,
-2409, 0,
-2408, 0,
-2407, 0,
-2406, 0,
-2405, 0,
-2404, 0,
-2403, 0,
-2402, 0,
-2401, 0,
-2400, 0,
-2399, 0,
-2398, 0,
-2397, 0,
-2396, 0,
-2395, 0,
-2394, 0,
-2393, 0,
-2392, 0,
-2391, 0,
-2390, 0,
-2389, 0,
-2388, 0,
-2387, 0,
-2386, 0,
-2385, 0,
-2384, 0,
-2383, 0,
-2382, 0,
-2381, 0,
-2380, 0,
-2379, 0,
-2378, 0,
-2377, 0,
-2376, 0,
-2375, 0,
-2374, 0,
-2373, 0,
-2372, 0,
-2371, 0,
-2370, 0,
-2369, 0,
-2368, 0,
-2367, 0,
-2366, 0,
-2365, 0,
-2364, 0,
-2363, 0,
-2362, 0,
-2361, 0,
-2360, 0,
-2359, 0,
-2358, 0,
-2357, 0,
-2356, 0,
-2355, 0,
-2354, 0,
-2353, 0,
-2352, 0,
-2351, 0,
-2350, 0,
-2349, 0,
-2348, 0,
-2347, 0,
-2346, 0,
-2345, 0,
-2344, 0,
-2343, 0,
-2342, 0,
-2341, 0,
-2340, 0,
-2339, 0,
-2338, 0,
-2337, 0,
-2336, 0,
-2335, 0,
-2334, 0,
-2333, 0,
-2332, 0,
-2331, 0,
-2330, 0,
-2329, 0,
-2328, 0,
-2327, 0,
-2326, 0,
-2325, 0,
-2324, 0,
-2323, 0,
-2322, 0,
-2321, 0,
-2320, 0,
-2319, 0,
-2318, 0,
-2317, 0,
-2316, 0,
-2315, 0,
-2314, 0,
-2313, 0,
-2312, 0,
-2311, 0,
-2310, 0,
-2309, 0,
-2308, 0,
-2307, 0,
-2306, 0,
-2305, 0,
-2304, 0,
-2303, 0,
-2302, 0,
-2301, 0,
-2300, 0,
-2299, 0,
-2298, 0,
-2297, 0,
-2296, 0,
-2295, 0,
-2294, 0,
-2293, 0,
-2292, 0,
-2291, 0,
-2290, 0,
-2289, 0,
-2288, 0,
-2287, 0,
-2286, 0,
-2285, 0,
-2284, 0,
-2283, 0,
-2282, 0,
-2281, 0,
-2280, 0,
-2279, 0,
-2278, 0,
-2277, 0,
-2276, 0,
-2275, 0,
-2274, 0,
-2273, 0,
-2272, 0,
-2271, 0,
-2270, 0,
-2269, 0,
-2268, 0,
-2267, 0,
-2266, 0,
-2265, 0,
-2264, 0,
-2263, 0,
-2262, 0,
-2261, 0,
-2260, 0,
-2259, 0,
-2258, 0,
-2257, 0,
-2256, 0,
-2255, 0,
-2254, 0,
-2253, 0,
-2252, 0,
-2251, 0,
-2250, 0,
-2249, 0,
-2248, 0,
-2247, 0,
-2246, 0,
-2245, 0,
-2244, 0,
-2243, 0,
-2242, 0,
-2241, 0,
-2240, 0,
-2239, 0,
-2238, 0,
-2237, 0,
-2236, 0,
-2235, 0,
-2234, 0,
-2233, 0,
-2232, 0,
-2231, 0,
-2230, 0,
-2229, 0,
-2228, 0,
-2227, 0,
-2226, 0,
-2225, 0,
-2224, 0,
-2223, 0,
-2222, 0,
-2221, 0,
-2220, 0,
-2219, 0,
-2218, 0,
-2217, 0,
-2216, 0,
-2215, 0,
-2214, 0,
-2213, 0,
-2212, 0,
-2211, 0,
-2210, 0,
-2209, 0,
-2208, 0,
-2207, 0,
-2206, 0,
-2205, 0,
-2204, 0,
-2203, 0,
-2202, 0,
-2201, 0,
-2200, 0,
-2199, 0,
-2198, 0,
-2197, 0,
-2196, 0,
-2195, 0,
-2194, 0,
-2193, 0,
-2192, 0,
-2191, 0,
-2190, 0,
-2189, 0,
-2188, 0,
-2187, 0,
-2186, 0,
-2185, 0,
-2184, 0,
-2183, 0,
-2182, 0,
-2181, 0,
-2180, 0,
-2179, 0,
-2178, 0,
-2177, 0,
-2176, 0,
-2175, 0,
-2174, 0,
-2173, 0,
-2172, 0,
-2171, 0,
-2170, 0,
-2169, 0,
-2168, 0,
-2167, 0,
-2166, 0,
-2165, 0,
-2164, 0,
-2163, 0,
-2162, 0,
-2161, 0,
-2160, 0,
-2159, 0,
-2158, 0,
-2157, 0,
-2156, 0,
-2155, 0,
-2154, 0,
-2153, 0,
-2152, 0,
-2151, 0,
-2150, 0,
-2149, 0,
-2148, 0,
-2147, 0,
-2146, 0,
-2145, 0,
-2144, 0,
-2143, 0,
-2142, 0,
-2141, 0,
-2140, 0,
-2139, 0,
-2138, 0,
-2137, 0,
-2136, 0,
-2135, 0,
-2134, 0,
-2133, 0,
-2132, 0,
-2131, 0,
-2130, 0,
-2129, 0,
-2128, 0,
-2127, 0,
-2126, 0,
-2125, 0,
-2124, 0,
-2123, 0,
-2122, 0,
-2121, 0,
-2120, 0,
-2119, 0,
-2118, 0,
-2117, 0,
-2116, 0,
-2115, 0,
-2114, 0,
-2113, 0,
-2112, 0,
-2111, 0,
-2110, 0,
-2109, 0,
-2108, 0,
-2107, 0,
-2106, 0,
-2105, 0,
-2104, 0,
-2103, 0,
-2102, 0,
-2101, 0,
-2100, 0,
-2099, 0,
-2098, 0,
-2097, 0,
-2096, 0,
-2095, 0,
-2094, 0,
-2093, 0,
-2092, 0,
-2091, 0,
-2090, 0,
-2089, 0,
-2088, 0,
-2087, 0,
-2086, 0,
-2085, 0,
-2084, 0,
-2083, 0,
-2082, 0,
-2081, 0,
-2080, 0,
-2079, 0,
-2078, 0,
-2077, 0,
-2076, 0,
-2075, 0,
-2074, 0,
-2073, 0,
-2072, 0,
-2071, 0,
-2070, 0,
-2069, 0,
-2068, 0,
-2067, 0,
-2066, 0,
-2065, 0,
-2064, 0,
-2063, 0,
-2062, 0,
-2061, 0,
-2060, 0,
-2059, 0,
-2058, 0,
-2057, 0,
-2056, 0,
-2055, 0,
-2054, 0,
-2053, 0,
-2052, 0,
-2051, 0,
-2050, 0,
-2049, 0,
-2048, 0,
-2047, 0,
-2046, 0,
-2045, 0,
-2044, 0,
-2043, 0,
-2042, 0,
-2041, 0,
-2040, 0,
-2039, 0,
-2038, 0,
-2037, 0,
-2036, 0,
-2035, 0,
-2034, 0,
-2033, 0,
-2032, 0,
-2031, 0,
-2030, 0,
-2029, 0,
-2028, 0,
-2027, 0,
-2026, 0,
-2025, 0,
-2024, 0,
-2023, 0,
-2022, 0,
-2021, 0,
-2020, 0,
-2019, 0,
-2018, 0,
-2017, 0,
-2016, 0,
-2015, 0,
-2014, 0,
-2013, 0,
-2012, 0,
-2011, 0,
-2010, 0,
-2009, 0,
-2008, 0,
-2007, 0,
-2006, 0,
-2005, 0,
-2004, 0,
-2003, 0,
-2002, 0,
-2001, 0,
-2000, 0,
-1999, 0,
-1998, 0,
-1997, 0,
-1996, 0,
-1995, 0,
-1994, 0,
-1993, 0,
-1992, 0,
-1991, 0,
-1990, 0,
-1989, 0,
-1988, 0,
-1987, 0,
-1986, 0,
-1985, 0,
-1984, 0,
-1983, 0,
-1982, 0,
-1981, 0,
-1980, 0,
-1979, 0,
-1978, 0,
-1977, 0,
-1976, 0,
-1975, 0,
-1974, 0,
-1973, 0,
-1972, 0,
-1971, 0,
-1970, 0,
-1969, 0,
-1968, 0,
-1967, 0,
-1966, 0,
-1965, 0,
-1964, 0,
-1963, 0,
-1962, 0,
-1961, 0,
-1960, 0,
-1959, 0,
-1958, 0,
-1957, 0,
-1956, 0,
-1955, 0,
-1954, 0,
-1953, 0,
-1952, 0,
-1951, 0,
-1950, 0,
-1949, 0,
-1948, 0,
-1947, 0,
-1946, 0,
-1945, 0,
-1944, 0,
-1943, 0,
-1942, 0,
-1941, 0,
-1940, 0,
-1939, 0,
-1938, 0,
-1937, 0,
-1936, 0,
-1935, 0,
-1934, 0,
-1933, 0,
-1932, 0,
-1931, 0,
-1930, 0,
-1929, 0,
-1928, 0,
-1927, 0,
-1926, 0,
-1925, 0,
-1924, 0,
-1923, 0,
-1922, 0,
-1921, 0,
-1920, 0,
-1919, 0,
-1918, 0,
-1917, 0,
-1916, 0,
-1915, 0,
-1914, 0,
-1913, 0,
-1912, 0,
-1911, 0,
-1910, 0,
-1909, 0,
-1908, 0,
-1907, 0,
-1906, 0,
-1905, 0,
-1904, 0,
-1903, 0,
-1902, 0,
-1901, 0,
-1900, 0,
-1899, 0,
-1898, 0,
-1897, 0,
-1896, 0,
-1895, 0,
-1894, 0,
-1893, 0,
-1892, 0,
-1891, 0,
-1890, 0,
-1889, 0,
-1888, 0,
-1887, 0,
-1886, 0,
-1885, 0,
-1884, 0,
-1883, 0,
-1882, 0,
-1881, 0,
-1880, 0,
-1879, 0,
-1878, 0,
-1877, 0,
-1876, 0,
-1875, 0,
-1874, 0,
-1873, 0,
-1872, 0,
-1871, 0,
-1870, 0,
-1869, 0,
-1868, 0,
-1867, 0,
-1866, 0,
-1865, 0,
-1864, 0,
-1863, 0,
-1862, 0,
-1861, 0,
-1860, 0,
-1859, 0,
-1858, 0,
-1857, 0,
-1856, 0,
-1855, 0,
-1854, 0,
-1853, 0,
-1852, 0,
-1851, 0,
-1850, 0,
-1849, 0,
-1848, 0,
-1847, 0,
-1846, 0,
-1845, 0,
-1844, 0,
-1843, 0,
-1842, 0,
-1841, 0,
-1840, 0,
-1839, 0,
-1838, 0,
-1837, 0,
-1836, 0,
-1835, 0,
-1834, 0,
-1833, 0,
-1832, 0,
-1831, 0,
-1830, 0,
-1829, 0,
-1828, 0,
-1827, 0,
-1826, 0,
-1825, 0,
-1824, 0,
-1823, 0,
-1822, 0,
-1821, 0,
-1820, 0,
-1819, 0,
-1818, 0,
-1817, 0,
-1816, 0,
-1815, 0,
-1814, 0,
-1813, 0,
-1812, 0,
-1811, 0,
-1810, 0,
-1809, 0,
-1808, 0,
-1807, 0,
-1806, 0,
-1805, 0,
-1804, 0,
-1803, 0,
-1802, 0,
-1801, 0,
-1800, 0,
-1799, 0,
-1798, 0,
-1797, 0,
-1796, 0,
-1795, 0,
-1794, 0,
-1793, 0,
-1792, 0,
-1791, 0,
-1790, 0,
-1789, 0,
-1788, 0,
-1787, 0,
-1786, 0,
-1785, 0,
-1784, 0,
-1783, 0,
-1782, 0,
-1781, 0,
-1780, 0,
-1779, 0,
-1778, 0,
-1777, 0,
-1776, 0,
-1775, 0,
-1774, 0,
-1773, 0,
-1772, 0,
-1771, 0,
-1770, 0,
-1769, 0,
-1768, 0,
-1767, 0,
-1766, 0,
-1765, 0,
-1764, 0,
-1763, 0,
-1762, 0,
-1761, 0,
-1760, 0,
-1759, 0,
-1758, 0,
-1757, 0,
-1756, 0,
-1755, 0,
-1754, 0,
-1753, 0,
-1752, 0,
-1751, 0,
-1750, 0,
-1749, 0,
-1748, 0,
-1747, 0,
-1746, 0,
-1745, 0,
-1744, 0,
-1743, 0,
-1742, 0,
-1741, 0,
-1740, 0,
-1739, 0,
-1738, 0,
-1737, 0,
-1736, 0,
-1735, 0,
-1734, 0,
-1733, 0,
-1732, 0,
-1731, 0,
-1730, 0,
-1729, 0,
-1728, 0,
-1727, 0,
-1726, 0,
-1725, 0,
-1724, 0,
-1723, 0,
-1722, 0,
-1721, 0,
-1720, 0,
-1719, 0,
-1718, 0,
-1717, 0,
-1716, 0,
-1715, 0,
-1714, 0,
-1713, 0,
-1712, 0,
-1711, 0,
-1710, 0,
-1709, 0,
-1708, 0,
-1707, 0,
-1706, 0,
-1705, 0,
-1704, 0,
-1703, 0,
-1702, 0,
-1701, 0,
-1700, 0,
-1699, 0,
-1698, 0,
-1697, 0,
-1696, 0,
-1695, 0,
-1694, 0,
-1693, 0,
-1692, 0,
-1691, 0,
-1690, 0,
-1689, 0,
-1688, 0,
-1687, 0,
-1686, 0,
-1685, 0,
-1684, 0,
-1683, 0,
-1682, 0,
-1681, 0,
-1680, 0,
-1679, 0,
-1678, 0,
-1677, 0,
-1676, 0,
-1675, 0,
-1674, 0,
-1673, 0,
-1672, 0,
-1671, 0,
-1670, 0,
-1669, 0,
-1668, 0,
-1667, 0,
-1666, 0,
-1665, 0,
-1664, 0,
-1663, 0,
-1662, 0,
-1661, 0,
-1660, 0,
-1659, 0,
-1658, 0,
-1657, 0,
-1656, 0,
-1655, 0,
-1654, 0,
-1653, 0,
-1652, 0,
-1651, 0,
-1650, 0,
-1649, 0,
-1648, 0,
-1647, 0,
-1646, 0,
-1645, 0,
-1644, 0,
-1643, 0,
-1642, 0,
-1641, 0,
-1640, 0,
-1639, 0,
-1638, 0,
-1637, 0,
-1636, 0,
-1635, 0,
-1634, 0,
-1633, 0,
-1632, 0,
-1631, 0,
-1630, 0,
-1629, 0,
-1628, 0,
-1627, 0,
-1626, 0,
-1625, 0,
-1624, 0,
-1623, 0,
-1622, 0,
-1621, 0,
-1620, 0,
-1619, 0,
-1618, 0,
-1617, 0,
-1616, 0,
-1615, 0,
-1614, 0,
-1613, 0,
-1612, 0,
-1611, 0,
-1610, 0,
-1609, 0,
-1608, 0,
-1607, 0,
-1606, 0,
-1605, 0,
-1604, 0,
-1603, 0,
-1602, 0,
-1601, 0,
-1600, 0,
-1599, 0,
-1598, 0,
-1597, 0,
-1596, 0,
-1595, 0,
-1594, 0,
-1593, 0,
-1592, 0,
-1591, 0,
-1590, 0,
-1589, 0,
-1588, 0,
-1587, 0,
-1586, 0,
-1585, 0,
-1584, 0,
-1583, 0,
-1582, 0,
-1581, 0,
-1580, 0,
-1579, 0,
-1578, 0,
-1577, 0,
-1576, 0,
-1575, 0,
-1574, 0,
-1573, 0,
-1572, 0,
-1571, 0,
-1570, 0,
-1569, 0,
-1568, 0,
-1567, 0,
-1566, 0,
-1565, 0,
-1564, 0,
-1563, 0,
-1562, 0,
-1561, 0,
-1560, 0,
-1559, 0,
-1558, 0,
-1557, 0,
-1556, 0,
-1555, 0,
-1554, 0,
-1553, 0,
-1552, 0,
-1551, 0,
-1550, 0,
-1549, 0,
-1548, 0,
-1547, 0,
-1546, 0,
-1545, 0,
-1544, 0,
-1543, 0,
-1542, 0,
-1541, 0,
-1540, 0,
-1539, 0,
-1538, 0,
-1537, 0,
-1536, 0,
-1535, 0,
-1534, 0,
-1533, 0,
-1532, 0,
-1531, 0,
-1530, 0,
-1529, 0,
-1528, 0,
-1527, 0,
-1526, 0,
-1525, 0,
-1524, 0,
-1523, 0,
-1522, 0,
-1521, 0,
-1520, 0,
-1519, 0,
-1518, 0,
-1517, 0,
-1516, 0,
-1515, 0,
-1514, 0,
-1513, 0,
-1512, 0,
-1511, 0,
-1510, 0,
-1509, 0,
-1508, 0,
-1507, 0,
-1506, 0,
-1505, 0,
-1504, 0,
-1503, 0,
-1502, 0,
-1501, 0,
-1500, 0,
-1499, 0,
-1498, 0,
-1497, 0,
-1496, 0,
-1495, 0,
-1494, 0,
-1493, 0,
-1492, 0,
-1491, 0,
-1490, 0,
-1489, 0,
-1488, 0,
-1487, 0,
-1486, 0,
-1485, 0,
-1484, 0,
-1483, 0,
-1482, 0,
-1481, 0,
-1480, 0,
-1479, 0,
-1478, 0,
-1477, 0,
-1476, 0,
-1475, 0,
-1474, 0,
-1473, 0,
-1472, 0,
-1471, 0,
-1470, 0,
-1469, 0,
-1468, 0,
-1467, 0,
-1466, 0,
-1465, 0,
-1464, 0,
-1463, 0,
-1462, 0,
-1461, 0,
-1460, 0,
-1459, 0,
-1458, 0,
-1457, 0,
-1456, 0,
-1455, 0,
-1454, 0,
-1453, 0,
-1452, 0,
-1451, 0,
-1450, 0,
-1449, 0,
-1448, 0,
-1447, 0,
-1446, 0,
-1445, 0,
-1444, 0,
-1443, 0,
-1442, 0,
-1441, 0,
-1440, 0,
-1439, 0,
-1438, 0,
-1437, 0,
-1436, 0,
-1435, 0,
-1434, 0,
-1433, 0,
-1432, 0,
-1431, 0,
-1430, 0,
-1429, 0,
-1428, 0,
-1427, 0,
-1426, 0,
-1425, 0,
-1424, 0,
-1423, 0,
-1422, 0,
-1421, 0,
-1420, 0,
-1419, 0,
-1418, 0,
-1417, 0,
-1416, 0,
-1415, 0,
-1414, 0,
-1413, 0,
-1412, 0,
-1411, 0,
-1410, 0,
-1409, 0,
-1408, 0,
-1407, 0,
-1406, 0,
-1405, 0,
-1404, 0,
-1403, 0,
-1402, 0,
-1401, 0,
-1400, 0,
-1399, 0,
-1398, 0,
-1397, 0,
-1396, 0,
-1395, 0,
-1394, 0,
-1393, 0,
-1392, 0,
-1391, 0,
-1390, 0,
-1389, 0,
-1388, 0,
-1387, 0,
-1386, 0,
-1385, 0,
-1384, 0,
-1383, 0,
-1382, 0,
-1381, 0,
-1380, 0,
-1379, 0,
-1378, 0,
-1377, 0,
-1376, 0,
-1375, 0,
-1374, 0,
-1373, 0,
-1372, 0,
-1371, 0,
-1370, 0,
-1369, 0,
-1368, 0,
-1367, 0,
-1366, 0,
-1365, 0,
-1364, 0,
-1363, 0,
-1362, 0,
-1361, 0,
-1360, 0,
-1359, 0,
-1358, 0,
-1357, 0,
-1356, 0,
-1355, 0,
-1354, 0,
-1353, 0,
-1352, 0,
-1351, 0,
-1350, 0,
-1349, 0,
-1348, 0,
-1347, 0,
-1346, 0,
-1345, 0,
-1344, 0,
-1343, 0,
-1342, 0,
-1341, 0,
-1340, 0,
-1339, 0,
-1338, 0,
-1337, 0,
-1336, 0,
-1335, 0,
-1334, 0,
-1333, 0,
-1332, 0,
-1331, 0,
-1330, 0,
-1329, 0,
-1328, 0,
-1327, 0,
-1326, 0,
-1325, 0,
-1324, 0,
-1323, 0,
-1322, 1,
-1321, 0,
-1320, 0,
-1319, 0,
-1318, 0,
-1317, 0,
-1316, 0,
-1315, 0,
-1314, 0,
-1313, 0,
-1312, 0,
-1311, 0,
-1310, 0,
-1309, 0,
-1308, 0,
-1307, 0,
-1306, 0,
-1305, 0,
-1304, 0,
-1303, 0,
-1302, 0,
-1301, 0,
-1300, 0,
-1299, 0,
-1298, 0,
-1297, 0,
-1296, 0,
-1295, 0,
-1294, 0,
-1293, 0,
-1292, 0,
-1291, 0,
-1290, 0,
-1289, 0,
-1288, 0,
-1287, 0,
-1286, 0,
-1285, 0,
-1284, 0,
-1283, 0,
-1282, 0,
-1281, 0,
-1280, 0,
-1279, 0,
-1278, 0,
-1277, 0,
-1276, 0,
-1275, 0,
-1274, 0,
-1273, 0,
-1272, 0,
-1271, 0,
-1270, 0,
-1269, 0,
-1268, 0,
-1267, 0,
-1266, 0,
-1265, 0,
-1264, 0,
-1263, 0,
-1262, 0,
-1261, 0,
-1260, 0,
-1259, 0,
-1258, 0,
-1257, 0,
-1256, 0,
-1255, 0,
-1254, 0,
-1253, 0,
-1252, 0,
-1251, 0,
-1250, 0,
-1249, 0,
-1248, 0,
-1247, 0,
-1246, 0,
-1245, 0,
-1244, 0,
-1243, 0,
-1242, 0,
-1241, 0,
-1240, 0,
-1239, 0,
-1238, 0,
-1237, 0,
-1236, 0,
-1235, 0,
-1234, 0,
-1233, 0,
-1232, 0,
-1231, 0,
-1230, 0,
-1229, 0,
-1228, 0,
-1227, 0,
-1226, 0,
-1225, 0,
-1224, 0,
-1223, 0,
-1222, 0,
-1221, 0,
-1220, 0,
-1219, 0,
-1218, 0,
-1217, 0,
-1216, 0,
-1215, 0,
-1214, 0,
-1213, 0,
-1212, 0,
-1211, 0,
-1210, 0,
-1209, 0,
-1208, 0,
-1207, 0,
-1206, 0,
-1205, 0,
-1204, 0,
-1203, 0,
-1202, 0,
-1201, 0,
-1200, 0,
-1199, 0,
-1198, 0,
-1197, 0,
-1196, 0,
-1195, 0,
-1194, 0,
-1193, 0,
-1192, 0,
-1191, 0,
-1190, 0,
-1189, 0,
-1188, 0,
-1187, 1,
-1186, 0,
-1185, 0,
-1184, 0,
-1183, 0,
-1182, 0,
-1181, 0,
-1180, 0,
-1179, 0,
-1178, 0,
-1177, 0,
-1176, 0,
-1175, 0,
-1174, 0,
-1173, 0,
-1172, 0,
-1171, 0,
-1170, 0,
-1169, 0,
-1168, 1,
-1167, 0,
-1166, 0,
-1165, 0,
-1164, 0,
-1163, 0,
-1162, 0,
-1161, 0,
-1160, 0,
-1159, 0,
-1158, 0,
-1157, 0,
-1156, 0,
-1155, 0,
-1154, 0,
-1153, 1,
-1152, 0,
-1151, 0,
-1150, 0,
-1149, 0,
-1148, 0,
-1147, 0,
-1146, 0,
-1145, 0,
-1144, 0,
-1143, 0,
-1142, 0,
-1141, 0,
-1140, 0,
-1139, 0,
-1138, 0,
-1137, 0,
-1136, 0,
-1135, 0,
-1134, 0,
-1133, 0,
-1132, 0,
-1131, 0,
-1130, 0,
-1129, 0,
-1128, 0,
-1127, 0,
-1126, 0,
-1125, 0,
-1124, 0,
-1123, 0,
-1122, 0,
-1121, 0,
-1120, 0,
-1119, 0,
-1118, 0,
-1117, 0,
-1116, 0,
-1115, 0,
-1114, 0,
-1113, 0,
-1112, 0,
-1111, 1,
-1110, 0,
-1109, 0,
-1108, 0,
-1107, 0,
-1106, 0,
-1105, 0,
-1104, 0,
-1103, 0,
-1102, 1,
-1101, 0,
-1100, 0,
-1099, 0,
-1098, 1,
-1097, 0,
-1096, 1,
-1095, 0,
-1094, 0,
-1093, 0,
-1092, 0,
-1091, 0,
-1090, 0,
-1089, 0,
-1088, 0,
-1087, 0,
-1086, 0,
-1085, 0,
-1084, 0,
-1083, 0,
-1082, 0,
-1081, 1,
-1080, 0,
-1079, 0,
-1078, 0,
-1077, 0,
-1076, 0,
-1075, 0,
-1074, 0,
-1073, 0,
-1072, 0,
-1071, 0,
-1070, 0,
-1069, 0,
-1068, 1,
-1067, 0,
-1066, 0,
-1065, 0,
-1064, 0,
-1063, 0,
-1062, 0,
-1061, 0,
-1060, 0,
-1059, 0,
-1058, 1,
-1057, 0,
-1056, 0,
-1055, 0,
-1054, 0,
-1053, 1,
-1052, 0,
-1051, 0,
-1050, 1,
-1049, 0,
-1048, 1,
-1047, 0,
-1046, 1,
-1045, 0,
-1044, 0,
-1043, 2,
-1042, 0,
-1041, 0,
-1040, 1,
-1039, 1,
-1038, 0,
-1037, 0,
-1036, 0,
-1035, 0,
-1034, 0,
-1033, 0,
-1032, 1,
-1031, 0,
-1030, 1,
-1029, 2,
-1028, 0,
-1027, 0,
-1026, 0,
-1025, 0,
-1024, 0,
-1023, 0,
-1022, 0,
-1021, 0,
-1020, 0,
-1019, 0,
-1018, 1,
-1017, 2,
-1016, 0,
-1015, 0,
-1014, 0,
-1013, 1,
-1012, 0,
-1011, 0,
-1010, 1,
-1009, 0,
-1008, 0,
-1007, 0,
-1006, 0,
-1005, 0,
-1004, 0,
-1003, 0,
-1002, 1,
-1001, 1,
-1000, 0,
-999, 1,
-998, 2,
-997, 0,
-996, 1,
-995, 0,
-994, 2,
-993, 0,
-992, 2,
-991, 0,
-990, 0,
-989, 1,
-988, 1,
-987, 0,
-986, 1,
-985, 0,
-984, 2,
-983, 1,
-982, 1,
-981, 0,
-980, 2,
-979, 3,
-978, 2,
-977, 1,
-976, 2,
-975, 0,
-974, 1,
-973, 2,
-972, 1,
-971, 2,
-970, 1,
-969, 2,
-968, 0,
-967, 3,
-966, 2,
-965, 1,
-964, 2,
-963, 0,
-962, 1,
-961, 2,
-960, 3,
-959, 0,
-958, 2,
-957, 1,
-956, 1,
-955, 1,
-954, 2,
-953, 2,
-952, 2,
-951, 2,
-950, 0,
-949, 1,
-948, 3,
-947, 3,
-946, 2,
-945, 2,
-944, 3,
-943, 0,
-942, 1,
-941, 1,
-940, 4,
-939, 4,
-938, 1,
-937, 3,
-936, 3,
-935, 3,
-934, 4,
-933, 2,
-932, 5,
-931, 3,
-930, 3,
-929, 2,
-928, 4,
-927, 4,
-926, 4,
-925, 3,
-924, 2,
-923, 2,
-922, 4,
-921, 6,
-920, 3,
-919, 6,
-918, 4,
-917, 2,
-916, 5,
-915, 5,
-914, 3,
-913, 2,
-912, 4,
-911, 2,
-910, 4,
-909, 4,
-908, 4,
-907, 3,
-906, 4,
-905, 9,
-904, 8,
-903, 6,
-902, 1,
-901, 7,
-900, 6,
-899, 6,
-898, 5,
-897, 9,
-896, 3,
-895, 5,
-894, 6,
-893, 4,
-892, 3,
-891, 9,
-890, 3,
-889, 8,
-888, 9,
-887, 5,
-886, 6,
-885, 12,
-884, 8,
-883, 5,
-882, 3,
-881, 6,
-880, 6,
-879, 8,
-878, 7,
-877, 6,
-876, 7,
-875, 12,
-874, 13,
-873, 5,
-872, 12,
-871, 9,
-870, 11,
-869, 6,
-868, 10,
-867, 14,
-866, 13,
-865, 12,
-864, 12,
-863, 9,
-862, 11,
-861, 11,
-860, 11,
-859, 13,
-858, 16,
-857, 8,
-856, 23,
-855, 14,
-854, 5,
-853, 18,
-852, 14,
-851, 10,
-850, 13,
-849, 14,
-848, 11,
-847, 9,
-846, 11,
-845, 11,
-844, 21,
-843, 20,
-842, 13,
-841, 11,
-840, 23,
-839, 20,
-838, 22,
-837, 16,
-836, 14,
-835, 17,
-834, 21,
-833, 11,
-832, 14,
-831, 17,
-830, 16,
-829, 13,
-828, 17,
-827, 18,
-826, 20,
-825, 20,
-824, 26,
-823, 21,
-822, 23,
-821, 30,
-820, 18,
-819, 24,
-818, 22,
-817, 20,
-816, 25,
-815, 23,
-814, 28,
-813, 29,
-812, 21,
-811, 26,
-810, 22,
-809, 33,
-808, 29,
-807, 31,
-806, 31,
-805, 27,
-804, 28,
-803, 34,
-802, 25,
-801, 29,
-800, 31,
-799, 27,
-798, 32,
-797, 39,
-796, 38,
-795, 33,
-794, 36,
-793, 29,
-792, 27,
-791, 33,
-790, 49,
-789, 31,
-788, 31,
-787, 43,
-786, 39,
-785, 42,
-784, 52,
-783, 45,
-782, 55,
-781, 39,
-780, 39,
-779, 62,
-778, 45,
-777, 45,
-776, 37,
-775, 69,
-774, 60,
-773, 43,
-772, 51,
-771, 53,
-770, 66,
-769, 57,
-768, 52,
-767, 56,
-766, 68,
-765, 66,
-764, 63,
-763, 53,
-762, 57,
-761, 86,
-760, 51,
-759, 67,
-758, 58,
-757, 56,
-756, 72,
-755, 68,
-754, 55,
-753, 57,
-752, 79,
-751, 76,
-750, 98,
-749, 80,
-748, 74,
-747, 75,
-746, 87,
-745, 57,
-744, 69,
-743, 89,
-742, 76,
-741, 84,
-740, 84,
-739, 102,
-738, 87,
-737, 81,
-736, 92,
-735, 93,
-734, 94,
-733, 111,
-732, 86,
-731, 107,
-730, 107,
-729, 107,
-728, 116,
-727, 96,
-726, 108,
-725, 103,
-724, 124,
-723, 101,
-722, 120,
-721, 115,
-720, 118,
-719, 93,
-718, 139,
-717, 116,
-716, 126,
-715, 132,
-714, 133,
-713, 131,
-712, 139,
-711, 139,
-710, 129,
-709, 149,
-708, 134,
-707, 139,
-706, 155,
-705, 152,
-704, 141,
-703, 152,
-702, 170,
-701, 164,
-700, 168,
-699, 174,
-698, 148,
-697, 188,
-696, 176,
-695, 174,
-694, 177,
-693, 210,
-692, 164,
-691, 179,
-690, 173,
-689, 186,
-688, 206,
-687, 186,
-686, 179,
-685, 214,
-684, 209,
-683, 196,
-682, 218,
-681, 219,
-680, 200,
-679, 222,
-678, 201,
-677, 225,
-676, 259,
-675, 217,
-674, 239,
-673, 257,
-672, 225,
-671, 227,
-670, 244,
-669, 289,
-668, 252,
-667, 256,
-666, 237,
-665, 250,
-664, 284,
-663, 258,
-662, 327,
-661, 278,
-660, 269,
-659, 255,
-658, 304,
-657, 306,
-656, 298,
-655, 300,
-654, 285,
-653, 310,
-652, 305,
-651, 309,
-650, 344,
-649, 350,
-648, 370,
-647, 318,
-646, 380,
-645, 359,
-644, 389,
-643, 367,
-642, 374,
-641, 357,
-640, 370,
-639, 382,
-638, 354,
-637, 379,
-636, 420,
-635, 387,
-634, 404,
-633, 384,
-632, 409,
-631, 425,
-630, 475,
-629, 438,
-628, 448,
-627, 464,
-626, 444,
-625, 497,
-624, 503,
-623, 457,
-622, 514,
-621, 510,
-620, 506,
-619, 499,
-618, 494,
-617, 486,
-616, 493,
-615, 548,
-614, 570,
-613, 523,
-612, 554,
-611, 574,
-610, 578,
-609, 558,
-608, 578,
-607, 585,
-606, 587,
-605, 607,
-604, 629,
-603, 650,
-602, 651,
-601, 627,
-600, 640,
-599, 652,
-598, 620,
-597, 688,
-596, 676,
-595, 735,
-594, 729,
-593, 724,
-592, 717,
-591, 732,
-590, 726,
-589, 776,
-588, 755,
-587, 769,
-586, 788,
-585, 820,
-584, 818,
-583, 810,
-582, 791,
-581, 841,
-580, 890,
-579, 845,
-578, 886,
-577, 856,
-576, 929,
-575, 899,
-574, 908,
-573, 892,
-572, 882,
-571, 908,
-570, 932,
-569, 996,
-568, 994,
-567, 959,
-566, 1010,
-565, 1020,
-564, 1042,
-563, 1035,
-562, 1037,
-561, 1022,
-560, 1061,
-559, 1073,
-558, 1119,
-557, 1133,
-556, 1160,
-555, 1161,
-554, 1147,
-553, 1096,
-552, 1209,
-551, 1212,
-550, 1193,
-549, 1240,
-548, 1238,
-547, 1236,
-546, 1297,
-545, 1259,
-544, 1304,
-543, 1290,
-542, 1321,
-541, 1282,
-540, 1376,
-539, 1345,
-538, 1375,
-537, 1454,
-536, 1437,
-535, 1434,
-534, 1511,
-533, 1528,
-532, 1473,
-531, 1481,
-530, 1548,
-529, 1482,
-528, 1563,
-527, 1614,
-526, 1566,
-525, 1709,
-524, 1661,
-523, 1609,
-522, 1705,
-521, 1751,
-520, 1764,
-519, 1677,
-518, 1739,
-517, 1858,
-516, 1861,
-515, 1766,
-514, 1809,
-513, 1856,
-512, 1920,
-511, 1886,
-510, 1895,
-509, 1925,
-508, 1949,
-507, 1947,
-506, 2005,
-505, 1885,
-504, 2066,
-503, 2077,
-502, 2081,
-501, 2120,
-500, 2135,
-499, 2155,
-498, 2092,
-497, 2244,
-496, 2241,
-495, 2312,
-494, 2212,
-493, 2291,
-492, 2316,
-491, 2466,
-490, 2360,
-489, 2315,
-488, 2421,
-487, 2355,
-486, 2484,
-485, 2540,
-484, 2537,
-483, 2555,
-482, 2557,
-481, 2563,
-480, 2559,
-479, 2652,
-478, 2673,
-477, 2710,
-476, 2793,
-475, 2697,
-474, 2842,
-473, 2907,
-472, 2869,
-471, 2924,
-470, 2833,
-469, 3051,
-468, 2900,
-467, 2926,
-466, 3067,
-465, 3025,
-464, 2967,
-463, 3162,
-462, 3160,
-461, 3134,
-460, 3148,
-459, 3135,
-458, 3267,
-457, 3384,
-456, 3378,
-455, 3287,
-454, 3289,
-453, 3403,
-452, 3382,
-451, 3461,
-450, 3547,
-449, 3604,
-448, 3639,
-447, 3559,
-446, 3710,
-445, 3760,
-444, 3793,
-443, 3910,
-442, 3793,
-441, 3834,
-440, 3847,
-439, 3989,
-438, 3996,
-437, 4008,
-436, 3950,
-435, 3971,
-434, 4125,
-433, 4184,
-432, 4164,
-431, 4267,
-430, 4244,
-429, 4196,
-428, 4232,
-427, 4319,
-426, 4410,
-425, 4433,
-424, 4461,
-423, 4537,
-422, 4543,
-421, 4829,
-420, 4684,
-419, 4595,
-418, 4806,
-417, 4685,
-416, 4841,
-415, 4906,
-414, 4906,
-413, 4975,
-412, 4914,
-411, 5067,
-410, 5091,
-409, 5160,
-408, 5094,
-407, 5235,
-406, 5340,
-405, 5291,
-404, 5328,
-403, 5431,
-402, 5382,
-401, 5549,
-400, 5534,
-399, 5583,
-398, 5779,
-397, 5638,
-396, 5753,
-395, 5840,
-394, 5826,
-393, 5837,
-392, 5886,
-391, 6074,
-390, 6092,
-389, 6088,
-388, 6238,
-387, 6097,
-386, 6167,
-385, 6329,
-384, 6422,
-383, 6332,
-382, 6342,
-381, 6420,
-380, 6553,
-379, 6613,
-378, 6649,
-377, 6758,
-376, 6608,
-375, 6823,
-374, 6945,
-373, 6890,
-372, 6991,
-371, 7135,
-370, 7019,
-369, 7109,
-368, 7161,
-367, 7346,
-366, 7378,
-365, 7297,
-364, 7423,
-363, 7507,
-362, 7709,
-361, 7636,
-360, 7729,
-359, 7541,
-358, 7946,
-357, 7913,
-356, 7918,
-355, 8041,
-354, 8187,
-353, 8106,
-352, 8178,
-351, 8121,
-350, 8232,
-349, 8323,
-348, 8307,
-347, 8511,
-346, 8582,
-345, 8490,
-344, 8670,
-343, 8913,
-342, 8638,
-341, 8757,
-340, 9006,
-339, 8858,
-338, 9090,
-337, 9173,
-336, 9139,
-335, 9166,
-334, 9448,
-333, 9537,
-332, 9464,
-331, 9600,
-330, 9707,
-329, 9901,
-328, 9813,
-327, 9756,
-326, 9780,
-325, 9889,
-324, 10009,
-323, 10122,
-322, 10240,
-321, 10345,
-320, 10391,
-319, 10687,
-318, 10522,
-317, 10560,
-316, 10612,
-315, 10736,
-314, 10745,
-313, 10967,
-312, 10862,
-311, 11002,
-310, 11110,
-309, 11028,
-308, 11113,
-307, 11308,
-306, 11300,
-305, 11378,
-304, 11599,
-303, 11705,
-302, 11682,
-301, 12005,
-300, 11838,
-299, 11963,
-298, 11848,
-297, 12025,
-296, 11790,
-295, 12171,
-294, 12132,
-293, 12397,
-292, 12331,
-291, 12562,
-290, 12739,
-289, 12760,
-288, 12683,
-287, 12698,
-286, 12852,
-285, 13005,
-284, 13025,
-283, 13106,
-282, 13220,
-281, 13242,
-280, 13178,
-279, 13632,
-278, 13391,
-277, 13733,
-276, 13747,
-275, 13922,
-274, 13918,
-273, 13841,
-272, 13917,
-271, 13932,
-270, 14182,
-269, 14161,
-268, 14354,
-267, 14180,
-266, 14561,
-265, 14592,
-264, 14492,
-263, 14800,
-262, 14734,
-261, 14941,
-260, 15203,
-259, 15199,
-258, 15164,
-257, 15292,
-256, 15417,
-255, 15440,
-254, 15526,
-253, 15693,
-252, 15641,
-251, 15711,
-250, 15781,
-249, 15847,
-248, 15928,
-247, 16187,
-246, 16299,
-245, 16403,
-244, 16511,
-243, 16143,
-242, 16610,
-241, 16568,
-240, 16670,
-239, 16871,
-238, 16845,
-237, 17073,
-236, 17090,
-235, 17055,
-234, 17222,
-233, 17163,
-232, 17541,
-231, 17383,
-230, 17640,
-229, 17808,
-228, 17837,
-227, 17746,
-226, 17852,
-225, 17919,
-224, 18124,
-223, 18326,
-222, 18281,
-221, 18328,
-220, 18415,
-219, 18607,
-218, 18562,
-217, 18864,
-216, 18552,
-215, 18669,
-214, 18896,
-213, 19123,
-212, 19279,
-211, 19224,
-210, 19465,
-209, 19646,
-208, 19507,
-207, 19472,
-206, 19457,
-205, 19604,
-204, 20027,
-203, 19769,
-202, 20169,
-201, 20180,
-200, 20197,
-199, 20387,
-198, 20379,
-197, 20443,
-196, 20576,
-195, 20478,
-194, 20680,
-193, 20816,
-192, 21187,
-191, 21081,
-190, 20853,
-189, 21231,
-188, 21051,
-187, 21191,
-186, 21452,
-185, 21376,
-184, 21456,
-183, 22072,
-182, 21750,
-181, 22032,
-180, 22149,
-179, 21989,
-178, 22083,
-177, 22042,
-176, 22174,
-175, 22205,
-174, 22198,
-173, 22510,
-172, 22713,
-171, 22444,
-170, 22913,
-169, 22676,
-168, 23009,
-167, 23182,
-166, 23212,
-165, 23308,
-164, 23120,
-163, 23383,
-162, 23468,
-161, 23644,
-160, 23833,
-159, 23614,
-158, 23642,
-157, 23508,
-156, 23794,
-155, 24189,
-154, 23840,
-153, 24109,
-152, 24096,
-151, 24184,
-150, 24439,
-149, 24415,
-148, 24866,
-147, 24656,
-146, 24582,
-145, 24626,
-144, 25036,
-143, 24793,
-142, 24855,
-141, 25154,
-140, 25173,
-139, 25179,
-138, 25293,
-137, 25512,
-136, 25409,
-135, 25393,
-134, 25681,
-133, 25617,
-132, 25970,
-131, 25989,
-130, 26053,
-129, 26125,
-128, 26082,
-127, 26368,
-126, 26367,
-125, 26536,
-124, 26299,
-123, 26529,
-122, 26318,
-121, 26454,
-120, 26675,
-119, 27020,
-118, 26557,
-117, 26641,
-116, 26877,
-115, 26787,
-114, 26573,
-113, 27545,
-112, 27030,
-111, 27284,
-110, 27115,
-109, 27265,
-108, 27065,
-107, 27526,
-106, 27460,
-105, 27589,
-104, 27735,
-103, 27627,
-102, 27568,
-101, 27771,
-100, 27642,
-99, 28049,
-98, 28104,
-97, 28019,
-96, 27932,
-95, 28177,
-94, 28260,
-93, 28230,
-92, 28600,
-91, 28428,
-90, 28329,
-89, 28652,
-88, 28956,
-87, 28480,
-86, 28514,
-85, 28789,
-84, 28712,
-83, 28810,
-82, 28690,
-81, 29066,
-80, 28687,
-79, 29037,
-78, 28997,
-77, 29052,
-76, 29094,
-75, 29100,
-74, 28971,
-73, 29408,
-72, 29346,
-71, 29349,
-70, 29573,
-69, 29269,
-68, 29765,
-67, 29471,
-66, 29638,
-65, 29821,
-64, 29472,
-63, 29661,
-62, 29776,
-61, 29615,
-60, 29705,
-59, 29868,
-58, 29930,
-57, 29886,
-56, 30004,
-55, 30059,
-54, 30126,
-53, 30150,
-52, 30295,
-51, 30101,
-50, 30273,
-49, 30222,
-48, 30223,
-47, 30203,
-46, 30626,
-45, 30240,
-44, 30363,
-43, 30426,
-42, 30411,
-41, 30116,
-40, 30273,
-39, 30528,
-38, 30728,
-37, 30425,
-36, 30455,
-35, 30593,
-34, 30628,
-33, 30531,
-32, 30418,
-31, 30795,
-30, 30981,
-29, 30782,
-28, 30683,
-27, 30642,
-26, 30687,
-25, 30503,
-24, 30746,
-23, 30692,
-22, 30843,
-21, 30779,
-20, 30603,
-19, 31149,
-18, 31073,
-17, 31102,
-16, 31146,
-15, 30700,
-14, 30882,
-13, 31146,
-12, 30908,
-11, 31171,
-10, 31240,
-9, 30948,
-8, 30806,
-7, 30950,
-6, 30946,
-5, 31062,
-4, 30991,
-3, 30746,
-2, 30818,
-1, 30919,
0, 30909,
1, 31025,
2, 30826,
3, 31185,
4, 30859,
5, 31276,
6, 30896,
7, 31030,
8, 31381,
9, 31210,
10, 31059,
11, 31256,
12, 31080,
13, 31188,
14, 31101,
15, 30997,
16, 31136,
17, 30473,
18, 30905,
19, 30586,
20, 30901,
21, 30782,
22, 31120,
23, 31119,
24, 30729,
25, 30619,
26, 30466,
27, 30786,
28, 30970,
29, 30983,
30, 30972,
31, 30695,
32, 31122,
33, 30794,
34, 30641,
35, 30482,
36, 30583,
37, 30716,
38, 30666,
39, 30456,
40, 30569,
41, 30682,
42, 30494,
43, 30454,
44, 30134,
45, 30298,
46, 30174,
47, 30467,
48, 30390,
49, 30413,
50, 30260,
51, 30099,
52, 30303,
53, 29675,
54, 30128,
55, 30027,
56, 29774,
57, 29753,
58, 29975,
59, 29619,
60, 29970,
61, 29790,
62, 29845,
63, 30055,
64, 29644,
65, 29598,
66, 29310,
67, 29466,
68, 29536,
69, 29577,
70, 29297,
71, 29458,
72, 29593,
73, 29143,
74, 29405,
75, 29124,
76, 29280,
77, 29097,
78, 29334,
79, 28946,
80, 28818,
81, 28922,
82, 28714,
83, 28745,
84, 28747,
85, 28712,
86, 28352,
87, 28287,
88, 28595,
89, 28547,
90, 28429,
91, 28309,
92, 28236,
93, 28259,
94, 28316,
95, 28429,
96, 28217,
97, 28299,
98, 28008,
99, 27915,
100, 27880,
101, 27728,
102, 27762,
103, 27757,
104, 27790,
105, 27304,
106, 27457,
107, 27511,
108, 27235,
109, 27585,
110, 27274,
111, 27075,
112, 27195,
113, 26982,
114, 26869,
115, 27091,
116, 27098,
117, 26668,
118, 26568,
119, 26674,
120, 27149,
121, 26491,
122, 26140,
123, 26749,
124, 26239,
125, 26317,
126, 26153,
127, 25919,
128, 25907,
129, 25664,
130, 25505,
131, 25773,
132, 26103,
133, 25471,
134, 25409,
135, 25645,
136, 25799,
137, 25162,
138, 25116,
139, 24969,
140, 25148,
141, 25013,
142, 25140,
143, 24906,
144, 24961,
145, 24839,
146, 24399,
147, 24576,
148, 24627,
149, 24395,
150, 24191,
151, 23963,
152, 24291,
153, 24001,
154, 24091,
155, 23825,
156, 23779,
157, 23923,
158, 23601,
159, 23697,
160, 23767,
161, 23663,
162, 23321,
163, 23350,
164, 23053,
165, 22978,
166, 23183,
167, 23188,
168, 23085,
169, 23032,
170, 22594,
171, 22572,
172, 22526,
173, 22148,
174, 22485,
175, 22330,
176, 22557,
177, 22514,
178, 22149,
179, 21821,
180, 21843,
181, 21916,
182, 21992,
183, 21687,
184, 21670,
185, 21393,
186, 21470,
187, 21172,
188, 21065,
189, 21138,
190, 20954,
191, 21114,
192, 20748,
193, 20766,
194, 20591,
195, 20708,
196, 20456,
197, 20311,
198, 20359,
199, 20225,
200, 20358,
201, 20105,
202, 20080,
203, 19829,
204, 19955,
205, 19847,
206, 19710,
207, 19465,
208, 19508,
209, 19617,
210, 19233,
211, 19360,
212, 19121,
213, 19061,
214, 19023,
215, 18906,
216, 18902,
217, 18802,
218, 18487,
219, 18648,
220, 18354,
221, 18657,
222, 18352,
223, 18002,
224, 18356,
225, 17813,
226, 17808,
227, 17711,
228, 17614,
229, 17739,
230, 17250,
231, 17295,
232, 17558,
233, 17425,
234, 17286,
235, 17137,
236, 16948,
237, 17055,
238, 16795,
239, 16680,
240, 16534,
241, 16475,
242, 16483,
243, 16493,
244, 16501,
245, 15982,
246, 16200,
247, 16053,
248, 16158,
249, 15970,
250, 15779,
251, 15724,
252, 15507,
253, 15336,
254, 15503,
255, 15360,
256, 15381,
257, 15229,
258, 15218,
259, 15015,
260, 15273,
261, 14998,
262, 14589,
263, 14683,
264, 14812,
265, 14500,
266, 14372,
267, 14454,
268, 14287,
269, 14281,
270, 14370,
271, 13873,
272, 13935,
273, 13653,
274, 13807,
275, 13761,
276, 13763,
277, 13561,
278, 13730,
279, 13445,
280, 13573,
281, 13403,
282, 13304,
283, 13135,
284, 13193,
285, 12828,
286, 12786,
287, 12678,
288, 12856,
289, 12751,
290, 12614,
291, 12420,
292, 12544,
293, 12191,
294, 12410,
295, 12184,
296, 11985,
297, 11932,
298, 11805,
299, 11960,
300, 11668,
301, 11691,
302, 11606,
303, 11512,
304, 11358,
305, 11613,
306, 11321,
307, 11232,
308, 10887,
309, 11022,
310, 11033,
311, 10836,
312, 10833,
313, 10726,
314, 10738,
315, 10625,
316, 10822,
317, 10637,
318, 10544,
319, 10317,
320, 10222,
321, 10142,
322, 10158,
323, 10159,
324, 10038,
325, 10119,
326, 9748,
327, 9665,
328, 9701,
329, 9668,
330, 9791,
331, 9488,
332, 9521,
333, 9358,
334, 9383,
335, 9175,
336, 9080,
337, 9307,
338, 9119,
339, 9038,
340, 8944,
341, 8946,
342, 8829,
343, 8912,
344, 8838,
345, 8580,
346, 8578,
347, 8485,
348, 8492,
349, 8390,
350, 8229,
351, 8126,
352, 8304,
353, 8217,
354, 8063,
355, 8032,
356, 7920,
357, 7938,
358, 7888,
359, 8003,
360, 7717,
361, 7652,
362, 7490,
363, 7480,
364, 7448,
365, 7348,
366, 7340,
367, 7277,
368, 7276,
369, 7073,
370, 7224,
371, 7127,
372, 6996,
373, 6942,
374, 6895,
375, 6904,
376, 6734,
377, 6701,
378, 6624,
379, 6718,
380, 6503,
381, 6728,
382, 6474,
383, 6434,
384, 6397,
385, 6304,
386, 6255,
387, 6166,
388, 6190,
389, 6214,
390, 6005,
391, 5991,
392, 5986,
393, 5910,
394, 5940,
395, 5813,
396, 5776,
397, 5718,
398, 5495,
399, 5600,
400, 5531,
401, 5619,
402, 5577,
403, 5389,
404, 5406,
405, 5305,
406, 5354,
407, 5300,
408, 5221,
409, 5173,
410, 5196,
411, 5008,
412, 4872,
413, 4916,
414, 4932,
415, 4876,
416, 4852,
417, 4600,
418, 4830,
419, 4713,
420, 4670,
421, 4594,
422, 4693,
423, 4457,
424, 4546,
425, 4367,
426, 4387,
427, 4385,
428, 4405,
429, 4429,
430, 4252,
431, 4103,
432, 4109,
433, 4082,
434, 4165,
435, 4113,
436, 3906,
437, 4102,
438, 3883,
439, 3905,
440, 3821,
441, 3803,
442, 3831,
443, 3857,
444, 3760,
445, 3732,
446, 3674,
447, 3613,
448, 3480,
449, 3580,
450, 3493,
451, 3416,
452, 3378,
453, 3395,
454, 3393,
455, 3468,
456, 3290,
457, 3163,
458, 3243,
459, 3220,
460, 3188,
461, 3204,
462, 3237,
463, 3147,
464, 3097,
465, 3040,
466, 2997,
467, 2933,
468, 2929,
469, 2950,
470, 2872,
471, 2875,
472, 2830,
473, 2920,
474, 2846,
475, 2735,
476, 2668,
477, 2663,
478, 2626,
479, 2560,
480, 2599,
481, 2510,
482, 2595,
483, 2543,
484, 2527,
485, 2397,
486, 2536,
487, 2428,
488, 2346,
489, 2408,
490, 2396,
491, 2313,
492, 2316,
493, 2249,
494, 2252,
495, 2306,
496, 2216,
497, 2232,
498, 2114,
499, 2075,
500, 2093,
501, 2122,
502, 2062,
503, 2101,
504, 1967,
505, 2080,
506, 2038,
507, 1992,
508, 1996,
509, 1898,
510, 1863,
511, 1831,
512, 1942,
513, 1805,
514, 1849,
515, 1758,
516, 1801,
517, 1816,
518, 1732,
519, 1713,
520, 1757,
521, 1686,
522, 1626,
523, 1679,
524, 1596,
525, 1686,
526, 1588,
527, 1588,
528, 1566,
529, 1508,
530, 1520,
531, 1482,
532, 1460,
533, 1426,
534, 1521,
535, 1473,
536, 1399,
537, 1436,
538, 1389,
539, 1360,
540, 1326,
541, 1249,
542, 1371,
543, 1337,
544, 1286,
545, 1289,
546, 1233,
547, 1228,
548, 1239,
549, 1184,
550, 1209,
551, 1183,
552, 1240,
553, 1148,
554, 1137,
555, 1143,
556, 1098,
557, 1105,
558, 1102,
559, 1024,
560, 1021,
561, 1088,
562, 1004,
563, 1010,
564, 1013,
565, 972,
566, 1028,
567, 1006,
568, 961,
569, 988,
570, 972,
571, 956,
572, 904,
573, 975,
574, 911,
575, 914,
576, 893,
577, 876,
578, 891,
579, 896,
580, 828,
581, 848,
582, 798,
583, 817,
584, 821,
585, 804,
586, 777,
587, 748,
588, 762,
589, 736,
590, 784,
591, 788,
592, 701,
593, 698,
594, 705,
595, 696,
596, 680,
597, 687,
598, 717,
599, 687,
600, 624,
601, 603,
602, 658,
603, 648,
604, 649,
605, 629,
606, 624,
607, 599,
608, 594,
609, 593,
610, 573,
611, 604,
612, 552,
613, 569,
614, 546,
615, 550,
616, 526,
617, 523,
618, 527,
619, 495,
620, 516,
621, 486,
622, 504,
623, 485,
624, 487,
625, 486,
626, 447,
627, 451,
628, 436,
629, 442,
630, 412,
631, 448,
632, 461,
633, 397,
634, 415,
635, 395,
636, 380,
637, 408,
638, 405,
639, 384,
640, 393,
641, 364,
642, 369,
643, 362,
644, 379,
645, 383,
646, 334,
647, 330,
648, 293,
649, 291,
650, 342,
651, 344,
652, 334,
653, 334,
654, 297,
655, 289,
656, 305,
657, 298,
658, 304,
659, 281,
660, 267,
661, 269,
662, 287,
663, 278,
664, 247,
665, 264,
666, 289,
667, 285,
668, 259,
669, 260,
670, 249,
671, 246,
672, 238,
673, 257,
674, 256,
675, 220,
676, 214,
677, 211,
678, 232,
679, 215,
680, 200,
681, 211,
682, 192,
683, 223,
684, 209,
685, 192,
686, 203,
687, 177,
688, 190,
689, 216,
690, 174,
691, 190,
692, 182,
693, 197,
694, 201,
695, 163,
696, 162,
697, 165,
698, 167,
699, 170,
700, 153,
701, 163,
702, 154,
703, 159,
704, 144,
705, 167,
706, 151,
707, 140,
708, 149,
709, 131,
710, 143,
711, 133,
712, 151,
713, 112,
714, 146,
715, 134,
716, 132,
717, 108,
718, 135,
719, 115,
720, 115,
721, 111,
722, 92,
723, 127,
724, 117,
725, 104,
726, 91,
727, 109,
728, 90,
729, 102,
730, 116,
731, 84,
732, 98,
733, 100,
734, 92,
735, 95,
736, 106,
737, 86,
738, 73,
739, 79,
740, 74,
741, 97,
742, 93,
743, 80,
744, 70,
745, 59,
746, 96,
747, 86,
748, 80,
749, 70,
750, 79,
751, 76,
752, 67,
753, 81,
754, 75,
755, 57,
756, 74,
757, 62,
758, 78,
759, 58,
760, 62,
761, 58,
762, 73,
763, 75,
764, 58,
765, 56,
766, 47,
767, 47,
768, 57,
769, 54,
770, 58,
771, 61,
772, 66,
773, 46,
774, 44,
775, 58,
776, 50,
777, 45,
778, 41,
779, 45,
780, 54,
781, 39,
782, 47,
783, 44,
784, 55,
785, 39,
786, 59,
787, 42,
788, 36,
789, 35,
790, 31,
791, 38,
792, 33,
793, 48,
794, 39,
795, 46,
796, 37,
797, 41,
798, 26,
799, 21,
800, 42,
801, 31,
802, 30,
803, 28,
804, 26,
805, 19,
806, 19,
807, 35,
808, 22,
809, 24,
810, 25,
811, 21,
812, 32,
813, 25,
814, 33,
815, 20,
816, 24,
817, 27,
818, 27,
819, 21,
820, 22,
821, 24,
822, 23,
823, 24,
824, 22,
825, 22,
826, 16,
827, 20,
828, 17,
829, 22,
830, 18,
831, 13,
832, 16,
833, 16,
834, 21,
835, 12,
836, 13,
837, 19,
838, 16,
839, 21,
840, 16,
841, 14,
842, 13,
843, 14,
844, 11,
845, 18,
846, 8,
847, 12,
848, 15,
849, 23,
850, 11,
851, 14,
852, 9,
853, 17,
854, 17,
855, 14,
856, 9,
857, 15,
858, 6,
859, 11,
860, 11,
861, 11,
862, 7,
863, 14,
864, 10,
865, 8,
866, 7,
867, 10,
868, 12,
869, 11,
870, 10,
871, 8,
872, 7,
873, 6,
874, 21,
875, 8,
876, 8,
877, 4,
878, 7,
879, 9,
880, 6,
881, 8,
882, 8,
883, 7,
884, 7,
885, 6,
886, 3,
887, 7,
888, 7,
889, 9,
890, 6,
891, 6,
892, 6,
893, 4,
894, 8,
895, 11,
896, 1,
897, 7,
898, 5,
899, 4,
900, 7,
901, 4,
902, 2,
903, 7,
904, 1,
905, 3,
906, 3,
907, 6,
908, 8,
909, 2,
910, 3,
911, 3,
912, 3,
913, 5,
914, 3,
915, 8,
916, 3,
917, 5,
918, 5,
919, 9,
920, 5,
921, 2,
922, 2,
923, 3,
924, 4,
925, 3,
926, 1,
927, 5,
928, 5,
929, 0,
930, 4,
931, 2,
932, 3,
933, 1,
934, 6,
935, 4,
936, 2,
937, 4,
938, 3,
939, 2,
940, 1,
941, 4,
942, 2,
943, 2,
944, 3,
945, 2,
946, 2,
947, 2,
948, 1,
949, 4,
950, 3,
951, 3,
952, 1,
953, 2,
954, 3,
955, 1,
956, 1,
957, 3,
958, 5,
959, 0,
960, 2,
961, 1,
962, 0,
963, 0,
964, 2,
965, 0,
966, 1,
967, 1,
968, 2,
969, 1,
970, 3,
971, 1,
972, 0,
973, 0,
974, 0,
975, 1,
976, 0,
977, 1,
978, 1,
979, 0,
980, 1,
981, 0,
982, 0,
983, 1,
984, 0,
985, 3,
986, 1,
987, 0,
988, 0,
989, 3,
990, 0,
991, 0,
992, 2,
993, 1,
994, 0,
995, 2,
996, 1,
997, 1,
998, 1,
999, 1,
1000, 1,
1001, 0,
1002, 0,
1003, 0,
1004, 2,
1005, 0,
1006, 0,
1007, 0,
1008, 0,
1009, 0,
1010, 1,
1011, 0,
1012, 0,
1013, 1,
1014, 0,
1015, 0,
1016, 0,
1017, 0,
1018, 2,
1019, 1,
1020, 0,
1021, 0,
1022, 0,
1023, 0,
1024, 0,
1025, 0,
1026, 0,
1027, 1,
1028, 2,
1029, 0,
1030, 0,
1031, 1,
1032, 0,
1033, 0,
1034, 0,
1035, 0,
1036, 0,
1037, 1,
1038, 1,
1039, 1,
1040, 1,
1041, 0,
1042, 0,
1043, 1,
1044, 0,
1045, 0,
1046, 0,
1047, 0,
1048, 0,
1049, 1,
1050, 1,
1051, 0,
1052, 0,
1053, 0,
1054, 0,
1055, 0,
1056, 0,
1057, 1,
1058, 0,
1059, 0,
1060, 0,
1061, 0,
1062, 0,
1063, 0,
1064, 0,
1065, 1,
1066, 0,
1067, 0,
1068, 0,
1069, 0,
1070, 0,
1071, 1,
1072, 1,
1073, 0,
1074, 0,
1075, 0,
1076, 0,
1077, 0,
1078, 0,
1079, 0,
1080, 0,
1081, 0,
1082, 0,
1083, 0,
1084, 0,
1085, 0,
1086, 0,
1087, 0,
1088, 0,
1089, 0,
1090, 0,
1091, 0,
1092, 0,
1093, 0,
1094, 0,
1095, 0,
1096, 0,
1097, 0,
1098, 0,
1099, 0,
1100, 0,
1101, 0,
1102, 0,
1103, 2,
1104, 0,
1105, 0,
1106, 0,
1107, 0,
1108, 0,
1109, 0,
1110, 0,
1111, 0,
1112, 0,
1113, 0,
1114, 0,
1115, 0,
1116, 0,
1117, 0,
1118, 0,
1119, 0,
1120, 0,
1121, 0,
1122, 0,
1123, 0,
1124, 0,
1125, 0,
1126, 0,
1127, 0,
1128, 0,
1129, 0,
1130, 0,
1131, 0,
1132, 0,
1133, 0,
1134, 0,
1135, 0,
1136, 0,
1137, 0,
1138, 0,
1139, 0,
1140, 0,
1141, 0,
1142, 0,
1143, 0,
1144, 0,
1145, 0,
1146, 0,
1147, 0,
1148, 0,
1149, 0,
1150, 0,
1151, 0,
1152, 0,
1153, 0,
1154, 0,
1155, 0,
1156, 0,
1157, 0,
1158, 0,
1159, 0,
1160, 0,
1161, 0,
1162, 0,
1163, 0,
1164, 0,
1165, 0,
1166, 0,
1167, 0,
1168, 0,
1169, 0,
1170, 1,
1171, 0,
1172, 0,
1173, 0,
1174, 0,
1175, 0,
1176, 0,
1177, 0,
1178, 0,
1179, 0,
1180, 0,
1181, 0,
1182, 0,
1183, 0,
1184, 0,
1185, 0,
1186, 0,
1187, 0,
1188, 0,
1189, 0,
1190, 0,
1191, 0,
1192, 0,
1193, 0,
1194, 0,
1195, 0,
1196, 0,
1197, 0,
1198, 0,
1199, 0,
1200, 0,
1201, 0,
1202, 0,
1203, 0,
1204, 0,
1205, 0,
1206, 0,
1207, 0,
1208, 0,
1209, 0,
1210, 0,
1211, 0,
1212, 0,
1213, 0,
1214, 0,
1215, 0,
1216, 0,
1217, 0,
1218, 0,
1219, 0,
1220, 0,
1221, 0,
1222, 0,
1223, 0,
1224, 0,
1225, 0,
1226, 0,
1227, 0,
1228, 0,
1229, 0,
1230, 0,
1231, 0,
1232, 0,
1233, 0,
1234, 0,
1235, 0,
1236, 0,
1237, 0,
1238, 0,
1239, 0,
1240, 0,
1241, 0,
1242, 0,
1243, 0,
1244, 0,
1245, 0,
1246, 0,
1247, 0,
1248, 0,
1249, 0,
1250, 0,
1251, 0,
1252, 0,
1253, 0,
1254, 0,
1255, 0,
1256, 0,
1257, 0,
1258, 0,
1259, 0,
1260, 0,
1261, 0,
1262, 0,
1263, 0,
1264, 0,
1265, 0,
1266, 0,
1267, 0,
1268, 0,
1269, 0,
1270, 0,
1271, 0,
1272, 0,
1273, 0,
1274, 0,
1275, 0,
1276, 0,
1277, 0,
1278, 0,
1279, 0,
1280, 0,
1281, 0,
1282, 0,
1283, 0,
1284, 0,
1285, 0,
1286, 0,
1287, 0,
1288, 0,
1289, 0,
1290, 0,
1291, 0,
1292, 0,
1293, 0,
1294, 0,
1295, 0,
1296, 0,
1297, 0,
1298, 0,
1299, 0,
1300, 0,
1301, 0,
1302, 0,
1303, 0,
1304, 0,
1305, 0,
1306, 0,
1307, 0,
1308, 0,
1309, 0,
1310, 0,
1311, 0,
1312, 0,
1313, 0,
1314, 0,
1315, 0,
1316, 0,
1317, 0,
1318, 0,
1319, 0,
1320, 0,
1321, 0,
1322, 0,
1323, 0,
1324, 0,
1325, 0,
1326, 0,
1327, 0,
1328, 0,
1329, 0,
1330, 0,
1331, 0,
1332, 0,
1333, 0,
1334, 0,
1335, 0,
1336, 0,
1337, 0,
1338, 0,
1339, 0,
1340, 0,
1341, 0,
1342, 0,
1343, 0,
1344, 0,
1345, 0,
1346, 0,
1347, 0,
1348, 0,
1349, 0,
1350, 0,
1351, 0,
1352, 0,
1353, 0,
1354, 0,
1355, 0,
1356, 0,
1357, 0,
1358, 0,
1359, 0,
1360, 0,
1361, 0,
1362, 0,
1363, 0,
1364, 0,
1365, 0,
1366, 0,
1367, 0,
1368, 0,
1369, 0,
1370, 0,
1371, 0,
1372, 0,
1373, 0,
1374, 0,
1375, 0,
1376, 0,
1377, 0,
1378, 0,
1379, 0,
1380, 0,
1381, 0,
1382, 0,
1383, 0,
1384, 0,
1385, 0,
1386, 0,
1387, 0,
1388, 0,
1389, 0,
1390, 0,
1391, 0,
1392, 0,
1393, 0,
1394, 0,
1395, 0,
1396, 0,
1397, 0,
1398, 0,
1399, 0,
1400, 0,
1401, 0,
1402, 0,
1403, 0,
1404, 0,
1405, 0,
1406, 0,
1407, 0,
1408, 0,
1409, 0,
1410, 0,
1411, 0,
1412, 0,
1413, 0,
1414, 0,
1415, 0,
1416, 0,
1417, 0,
1418, 0,
1419, 0,
1420, 0,
1421, 0,
1422, 0,
1423, 0,
1424, 0,
1425, 0,
1426, 0,
1427, 0,
1428, 0,
1429, 0,
1430, 0,
1431, 0,
1432, 0,
1433, 0,
1434, 0,
1435, 0,
1436, 0,
1437, 0,
1438, 0,
1439, 0,
1440, 0,
1441, 0,
1442, 0,
1443, 0,
1444, 0,
1445, 0,
1446, 0,
1447, 0,
1448, 0,
1449, 0,
1450, 0,
1451, 0,
1452, 0,
1453, 0,
1454, 0,
1455, 0,
1456, 0,
1457, 0,
1458, 0,
1459, 0,
1460, 0,
1461, 0,
1462, 0,
1463, 0,
1464, 0,
1465, 0,
1466, 0,
1467, 0,
1468, 0,
1469, 0,
1470, 0,
1471, 0,
1472, 0,
1473, 0,
1474, 0,
1475, 0,
1476, 0,
1477, 0,
1478, 0,
1479, 0,
1480, 0,
1481, 0,
1482, 0,
1483, 0,
1484, 0,
1485, 0,
1486, 0,
1487, 0,
1488, 0,
1489, 0,
1490, 0,
1491, 0,
1492, 0,
1493, 0,
1494, 0,
1495, 0,
1496, 0,
1497, 0,
1498, 0,
1499, 0,
1500, 0,
1501, 0,
1502, 0,
1503, 0,
1504, 0,
1505, 0,
1506, 0,
1507, 0,
1508, 0,
1509, 0,
1510, 0,
1511, 0,
1512, 0,
1513, 0,
1514, 0,
1515, 0,
1516, 0,
1517, 0,
1518, 0,
1519, 0,
1520, 0,
1521, 0,
1522, 0,
1523, 0,
1524, 0,
1525, 0,
1526, 0,
1527, 0,
1528, 0,
1529, 0,
1530, 0,
1531, 0,
1532, 0,
1533, 0,
1534, 0,
1535, 0,
1536, 0,
1537, 0,
1538, 0,
1539, 0,
1540, 0,
1541, 0,
1542, 0,
1543, 0,
1544, 0,
1545, 0,
1546, 0,
1547, 0,
1548, 0,
1549, 0,
1550, 0,
1551, 0,
1552, 0,
1553, 0,
1554, 0,
1555, 0,
1556, 0,
1557, 0,
1558, 0,
1559, 0,
1560, 0,
1561, 0,
1562, 0,
1563, 0,
1564, 0,
1565, 0,
1566, 0,
1567, 0,
1568, 0,
1569, 0,
1570, 0,
1571, 0,
1572, 0,
1573, 0,
1574, 0,
1575, 0,
1576, 0,
1577, 0,
1578, 0,
1579, 0,
1580, 0,
1581, 0,
1582, 0,
1583, 0,
1584, 0,
1585, 0,
1586, 0,
1587, 0,
1588, 0,
1589, 0,
1590, 0,
1591, 0,
1592, 0,
1593, 0,
1594, 0,
1595, 0,
1596, 0,
1597, 0,
1598, 0,
1599, 0,
1600, 0,
1601, 0,
1602, 0,
1603, 0,
1604, 0,
1605, 0,
1606, 0,
1607, 0,
1608, 0,
1609, 0,
1610, 0,
1611, 0,
1612, 0,
1613, 0,
1614, 0,
1615, 0,
1616, 0,
1617, 0,
1618, 0,
1619, 0,
1620, 0,
1621, 0,
1622, 0,
1623, 0,
1624, 0,
1625, 0,
1626, 0,
1627, 0,
1628, 0,
1629, 0,
1630, 0,
1631, 0,
1632, 0,
1633, 0,
1634, 0,
1635, 0,
1636, 0,
1637, 0,
1638, 0,
1639, 0,
1640, 0,
1641, 0,
1642, 0,
1643, 0,
1644, 0,
1645, 0,
1646, 0,
1647, 0,
1648, 0,
1649, 0,
1650, 0,
1651, 0,
1652, 0,
1653, 0,
1654, 0,
1655, 0,
1656, 0,
1657, 0,
1658, 0,
1659, 0,
1660, 0,
1661, 0,
1662, 0,
1663, 0,
1664, 0,
1665, 0,
1666, 0,
1667, 0,
1668, 0,
1669, 0,
1670, 0,
1671, 0,
1672, 0,
1673, 0,
1674, 0,
1675, 0,
1676, 0,
1677, 0,
1678, 0,
1679, 0,
1680, 0,
1681, 0,
1682, 0,
1683, 0,
1684, 0,
1685, 0,
1686, 0,
1687, 0,
1688, 0,
1689, 0,
1690, 0,
1691, 0,
1692, 0,
1693, 0,
1694, 0,
1695, 0,
1696, 0,
1697, 0,
1698, 0,
1699, 0,
1700, 0,
1701, 0,
1702, 0,
1703, 0,
1704, 0,
1705, 0,
1706, 0,
1707, 0,
1708, 0,
1709, 0,
1710, 0,
1711, 0,
1712, 0,
1713, 0,
1714, 0,
1715, 0,
1716, 0,
1717, 0,
1718, 0,
1719, 0,
1720, 0,
1721, 0,
1722, 0,
1723, 0,
1724, 0,
1725, 0,
1726, 0,
1727, 0,
1728, 0,
1729, 0,
1730, 0,
1731, 0,
1732, 0,
1733, 0,
1734, 0,
1735, 0,
1736, 0,
1737, 0,
1738, 0,
1739, 0,
1740, 0,
1741, 0,
1742, 0,
1743, 0,
1744, 0,
1745, 0,
1746, 0,
1747, 0,
1748, 0,
1749, 0,
1750, 0,
1751, 0,
1752, 0,
1753, 0,
1754, 0,
1755, 0,
1756, 0,
1757, 0,
1758, 0,
1759, 0,
1760, 0,
1761, 0,
1762, 0,
1763, 0,
1764, 0,
1765, 0,
1766, 0,
1767, 0,
1768, 0,
1769, 0,
1770, 0,
1771, 0,
1772, 0,
1773, 0,
1774, 0,
1775, 0,
1776, 0,
1777, 0,
1778, 0,
1779, 0,
1780, 0,
1781, 0,
1782, 0,
1783, 0,
1784, 0,
1785, 0,
1786, 0,
1787, 0,
1788, 0,
1789, 0,
1790, 0,
1791, 0,
1792, 0,
1793, 0,
1794, 0,
1795, 0,
1796, 0,
1797, 0,
1798, 0,
1799, 0,
1800, 0,
1801, 0,
1802, 0,
1803, 0,
1804, 0,
1805, 0,
1806, 0,
1807, 0,
1808, 0,
1809, 0,
1810, 0,
1811, 0,
1812, 0,
1813, 0,
1814, 0,
1815, 0,
1816, 0,
1817, 0,
1818, 0,
1819, 0,
1820, 0,
1821, 0,
1822, 0,
1823, 0,
1824, 0,
1825, 0,
1826, 0,
1827, 0,
1828, 0,
1829, 0,
1830, 0,
1831, 0,
1832, 0,
1833, 0,
1834, 0,
1835, 0,
1836, 0,
1837, 0,
1838, 0,
1839, 0,
1840, 0,
1841, 0,
1842, 0,
1843, 0,
1844, 0,
1845, 0,
1846, 0,
1847, 0,
1848, 0,
1849, 0,
1850, 0,
1851, 0,
1852, 0,
1853, 0,
1854, 0,
1855, 0,
1856, 0,
1857, 0,
1858, 0,
1859, 0,
1860, 0,
1861, 0,
1862, 0,
1863, 0,
1864, 0,
1865, 0,
1866, 0,
1867, 0,
1868, 0,
1869, 0,
1870, 0,
1871, 0,
1872, 0,
1873, 0,
1874, 0,
1875, 0,
1876, 0,
1877, 0,
1878, 0,
1879, 0,
1880, 0,
1881, 0,
1882, 0,
1883, 0,
1884, 0,
1885, 0,
1886, 0,
1887, 0,
1888, 0,
1889, 0,
1890, 0,
1891, 0,
1892, 0,
1893, 0,
1894, 0,
1895, 0,
1896, 0,
1897, 0,
1898, 0,
1899, 0,
1900, 0,
1901, 0,
1902, 0,
1903, 0,
1904, 0,
1905, 0,
1906, 0,
1907, 0,
1908, 0,
1909, 0,
1910, 0,
1911, 0,
1912, 0,
1913, 0,
1914, 0,
1915, 0,
1916, 0,
1917, 0,
1918, 0,
1919, 0,
1920, 0,
1921, 0,
1922, 0,
1923, 0,
1924, 0,
1925, 0,
1926, 0,
1927, 0,
1928, 0,
1929, 0,
1930, 0,
1931, 0,
1932, 0,
1933, 0,
1934, 0,
1935, 0,
1936, 0,
1937, 0,
1938, 0,
1939, 0,
1940, 0,
1941, 0,
1942, 0,
1943, 0,
1944, 0,
1945, 0,
1946, 0,
1947, 0,
1948, 0,
1949, 0,
1950, 0,
1951, 0,
1952, 0,
1953, 0,
1954, 0,
1955, 0,
1956, 0,
1957, 0,
1958, 0,
1959, 0,
1960, 0,
1961, 0,
1962, 0,
1963, 0,
1964, 0,
1965, 0,
1966, 0,
1967, 0,
1968, 0,
1969, 0,
1970, 0,
1971, 0,
1972, 0,
1973, 0,
1974, 0,
1975, 0,
1976, 0,
1977, 0,
1978, 0,
1979, 0,
1980, 0,
1981, 0,
1982, 0,
1983, 0,
1984, 0,
1985, 0,
1986, 0,
1987, 0,
1988, 0,
1989, 0,
1990, 0,
1991, 0,
1992, 0,
1993, 0,
1994, 0,
1995, 0,
1996, 0,
1997, 0,
1998, 0,
1999, 0,
2000, 0,
2001, 0,
2002, 0,
2003, 0,
2004, 0,
2005, 0,
2006, 0,
2007, 0,
2008, 0,
2009, 0,
2010, 0,
2011, 0,
2012, 0,
2013, 0,
2014, 0,
2015, 0,
2016, 0,
2017, 0,
2018, 0,
2019, 0,
2020, 0,
2021, 0,
2022, 0,
2023, 0,
2024, 0,
2025, 0,
2026, 0,
2027, 0,
2028, 0,
2029, 0,
2030, 0,
2031, 0,
2032, 0,
2033, 0,
2034, 0,
2035, 0,
2036, 0,
2037, 0,
2038, 0,
2039, 0,
2040, 0,
2041, 0,
2042, 0,
2043, 0,
2044, 0,
2045, 0,
2046, 0,
2047, 0,
2048, 0,
2049, 0,
2050, 0,
2051, 0,
2052, 0,
2053, 0,
2054, 0,
2055, 0,
2056, 0,
2057, 0,
2058, 0,
2059, 0,
2060, 0,
2061, 0,
2062, 0,
2063, 0,
2064, 0,
2065, 0,
2066, 0,
2067, 0,
2068, 0,
2069, 0,
2070, 0,
2071, 0,
2072, 0,
2073, 0,
2074, 0,
2075, 0,
2076, 0,
2077, 0,
2078, 0,
2079, 0,
2080, 0,
2081, 0,
2082, 0,
2083, 0,
2084, 0,
2085, 0,
2086, 0,
2087, 0,
2088, 0,
2089, 0,
2090, 0,
2091, 0,
2092, 0,
2093, 0,
2094, 0,
2095, 0,
2096, 0,
2097, 0,
2098, 0,
2099, 0,
2100, 0,
2101, 0,
2102, 0,
2103, 0,
2104, 0,
2105, 0,
2106, 0,
2107, 0,
2108, 0,
2109, 0,
2110, 0,
2111, 0,
2112, 0,
2113, 0,
2114, 0,
2115, 0,
2116, 0,
2117, 0,
2118, 0,
2119, 0,
2120, 0,
2121, 0,
2122, 0,
2123, 0,
2124, 0,
2125, 0,
2126, 0,
2127, 0,
2128, 0,
2129, 0,
2130, 0,
2131, 0,
2132, 0,
2133, 0,
2134, 0,
2135, 0,
2136, 0,
2137, 0,
2138, 0,
2139, 0,
2140, 0,
2141, 0,
2142, 0,
2143, 0,
2144, 0,
2145, 0,
2146, 0,
2147, 0,
2148, 0,
2149, 0,
2150, 0,
2151, 0,
2152, 0,
2153, 0,
2154, 0,
2155, 0,
2156, 0,
2157, 0,
2158, 0,
2159, 0,
2160, 0,
2161, 0,
2162, 0,
2163, 0,
2164, 0,
2165, 0,
2166, 0,
2167, 0,
2168, 0,
2169, 0,
2170, 0,
2171, 0,
2172, 0,
2173, 0,
2174, 0,
2175, 0,
2176, 0,
2177, 0,
2178, 0,
2179, 0,
2180, 0,
2181, 0,
2182, 0,
2183, 0,
2184, 0,
2185, 0,
2186, 0,
2187, 0,
2188, 0,
2189, 0,
2190, 0,
2191, 0,
2192, 0,
2193, 0,
2194, 0,
2195, 0,
2196, 0,
2197, 0,
2198, 0,
2199, 0,
2200, 0,
2201, 0,
2202, 0,
2203, 0,
2204, 0,
2205, 0,
2206, 0,
2207, 0,
2208, 0,
2209, 0,
2210, 0,
2211, 0,
2212, 0,
2213, 0,
2214, 0,
2215, 0,
2216, 0,
2217, 0,
2218, 0,
2219, 0,
2220, 0,
2221, 0,
2222, 0,
2223, 0,
2224, 0,
2225, 0,
2226, 0,
2227, 0,
2228, 0,
2229, 0,
2230, 0,
2231, 0,
2232, 0,
2233, 0,
2234, 0,
2235, 0,
2236, 0,
2237, 0,
2238, 0,
2239, 0,
2240, 0,
2241, 0,
2242, 0,
2243, 0,
2244, 0,
2245, 0,
2246, 0,
2247, 0,
2248, 0,
2249, 0,
2250, 0,
2251, 0,
2252, 0,
2253, 0,
2254, 0,
2255, 0,
2256, 0,
2257, 0,
2258, 0,
2259, 0,
2260, 0,
2261, 0,
2262, 0,
2263, 0,
2264, 0,
2265, 0,
2266, 0,
2267, 0,
2268, 0,
2269, 0,
2270, 0,
2271, 0,
2272, 0,
2273, 0,
2274, 0,
2275, 0,
2276, 0,
2277, 0,
2278, 0,
2279, 0,
2280, 0,
2281, 0,
2282, 0,
2283, 0,
2284, 0,
2285, 0,
2286, 0,
2287, 0,
2288, 0,
2289, 0,
2290, 0,
2291, 0,
2292, 0,
2293, 0,
2294, 0,
2295, 0,
2296, 0,
2297, 0,
2298, 0,
2299, 0,
2300, 0,
2301, 0,
2302, 0,
2303, 0,
2304, 0,
2305, 0,
2306, 0,
2307, 0,
2308, 0,
2309, 0,
2310, 0,
2311, 0,
2312, 0,
2313, 0,
2314, 0,
2315, 0,
2316, 0,
2317, 0,
2318, 0,
2319, 0,
2320, 0,
2321, 0,
2322, 0,
2323, 0,
2324, 0,
2325, 0,
2326, 0,
2327, 0,
2328, 0,
2329, 0,
2330, 0,
2331, 0,
2332, 0,
2333, 0,
2334, 0,
2335, 0,
2336, 0,
2337, 0,
2338, 0,
2339, 0,
2340, 0,
2341, 0,
2342, 0,
2343, 0,
2344, 0,
2345, 0,
2346, 0,
2347, 0,
2348, 0,
2349, 0,
2350, 0,
2351, 0,
2352, 0,
2353, 0,
2354, 0,
2355, 0,
2356, 0,
2357, 0,
2358, 0,
2359, 0,
2360, 0,
2361, 0,
2362, 0,
2363, 0,
2364, 0,
2365, 0,
2366, 0,
2367, 0,
2368, 0,
2369, 0,
2370, 0,
2371, 0,
2372, 0,
2373, 0,
2374, 0,
2375, 0,
2376, 0,
2377, 0,
2378, 0,
2379, 0,
2380, 0,
2381, 0,
2382, 0,
2383, 0,
2384, 0,
2385, 0,
2386, 0,
2387, 0,
2388, 0,
2389, 0,
2390, 0,
2391, 0,
2392, 0,
2393, 0,
2394, 0,
2395, 0,
2396, 0,
2397, 0,
2398, 0,
2399, 0,
2400, 0,
2401, 0,
2402, 0,
2403, 0,
2404, 0,
2405, 0,
2406, 0,
2407, 0,
2408, 0,
2409, 0,
2410, 0,
2411, 0,
2412, 0,
2413, 0,
2414, 0,
2415, 0,
2416, 0,
2417, 0,
2418, 0,
2419, 0,
2420, 0,
2421, 0,
2422, 0,
2423, 0,
2424, 0,
2425, 0,
2426, 0,
2427, 0,
2428, 0,
2429, 0,
2430, 0,
2431, 0,
2432, 0,
2433, 0,
2434, 0,
2435, 0,
2436, 0,
2437, 0,
2438, 0,
2439, 0,
2440, 0,
2441, 0,
2442, 0,
2443, 0,
2444, 0,
2445, 0,
2446, 0,
2447, 0,
2448, 0,
2449, 0,
2450, 0,
2451, 0,
2452, 0,
2453, 0,
2454, 0,
2455, 0,
2456, 0,
2457, 0,
2458, 0,
2459, 0,
2460, 0,
2461, 0,
2462, 0,
2463, 0,
2464, 0,
2465, 0,
2466, 0,
2467, 0,
2468, 0,
2469, 0,
2470, 0,
2471, 0,
2472, 0,
2473, 0,
2474, 0,
2475, 0,
2476, 0,
2477, 0,
2478, 0,
2479, 0,
2480, 0,
2481, 0,
2482, 0,
2483, 0,
2484, 0,
2485, 0,
2486, 0,
2487, 0,
2488, 0,
2489, 0,
2490, 0,
2491, 0,
2492, 0,
2493, 0,
2494, 0,
2495, 0,
2496, 0,
2497, 0,
2498, 0,
2499, 0,
2500, 0,
2501, 0,
2502, 0,
2503, 0,
2504, 0,
2505, 0,
2506, 0,
2507, 0,
2508, 0,
2509, 0,
2510, 0,
2511, 0,
2512, 0,
2513, 0,
2514, 0,
2515, 0,
2516, 0,
2517, 0,
2518, 0,
2519, 0,
2520, 0,
2521, 0,
2522, 0,
2523, 0,
2524, 0,
2525, 0,
2526, 0,
2527, 0,
2528, 0,
2529, 0,
2530, 0,
2531, 0,
2532, 0,
2533, 0,
2534, 0,
2535, 0,
2536, 0,
2537, 0,
2538, 0,
2539, 0,
2540, 0,
2541, 0,
2542, 0,
2543, 0,
2544, 0,
2545, 0,
2546, 0,
2547, 0,
2548, 0,
2549, 0,
2550, 0,
2551, 0,
2552, 0,
2553, 0,
2554, 0,
2555, 0,
2556, 0,
2557, 0,
2558, 0,
2559, 0,
2560, 0,
2561, 0,
2562, 0,
2563, 0,
2564, 0,
2565, 0,
2566, 0,
2567, 0,
2568, 0,
2569, 0,
2570, 0,
2571, 0,
2572, 0,
2573, 0,
2574, 0,
2575, 0,
2576, 0,
2577, 0,
2578, 0,
2579, 0,
2580, 0,
2581, 0,
2582, 0,
2583, 0,
2584, 0,
2585, 0,
2586, 0,
2587, 0,
2588, 0,
2589, 0,
2590, 0,
2591, 0,
2592, 0,
2593, 0,
2594, 0,
2595, 0,
2596, 0,
2597, 0,
2598, 0,
2599, 0,
2600, 0,
2601, 0,
2602, 0,
2603, 0,
2604, 0,
2605, 0,
2606, 0,
2607, 0,
2608, 0,
2609, 0,
2610, 0,
2611, 0,
2612, 0,
2613, 0,
2614, 0,
2615, 0,
2616, 0,
2617, 0,
2618, 0,
2619, 0,
2620, 0,
2621, 0,
2622, 0,
2623, 0,
2624, 0,
2625, 0,
2626, 0,
2627, 0,
2628, 0,
2629, 0,
2630, 0,
2631, 0,
2632, 0,
2633, 0,
2634, 0,
2635, 0,
2636, 0,
2637, 0,
2638, 0,
2639, 0,
2640, 0,
2641, 0,
2642, 0,
2643, 0,
2644, 0,
2645, 0,
2646, 0,
2647, 0,
2648, 0,
2649, 0,
2650, 0,
2651, 0,
2652, 0,
2653, 0,
2654, 0,
2655, 0,
2656, 0,
2657, 0,
2658, 0,
2659, 0,
2660, 0,
2661, 0,
2662, 0,
2663, 0,
2664, 0,
2665, 0,
2666, 0,
2667, 0,
2668, 0,
2669, 0,
2670, 0,
2671, 0,
2672, 0,
2673, 0,
2674, 0,
2675, 0,
2676, 0,
2677, 0,
2678, 0,
2679, 0,
2680, 0,
2681, 0,
2682, 0,
2683, 0,
2684, 0,
2685, 0,
2686, 0,
2687, 0,
2688, 0,
2689, 0,
2690, 0,
2691, 0,
2692, 0,
2693, 0,
2694, 0,
2695, 0,
2696, 0,
2697, 0,
2698, 0,
2699, 0,
2700, 0,
2701, 0,
2702, 0,
2703, 0,
2704, 0,
2705, 0,
2706, 0,
2707, 0,
2708, 0,
2709, 0,
2710, 0,
2711, 0,
2712, 0,
2713, 0,
2714, 0,
2715, 0,
2716, 0,
2717, 0,
2718, 0,
2719, 0,
2720, 0,
2721, 0,
2722, 0,
2723, 0,
2724, 0,
2725, 0,
2726, 0,
2727, 0,
2728, 0,
2729, 0,
2730, 0,
2731, 0,
2732, 0,
2733, 0,
2734, 0,
2735, 0,
2736, 0,
2737, 0,
2738, 0,
2739, 0,
2740, 0,
2741, 0,
2742, 0,
2743, 0,
2744, 0,
2745, 0,
2746, 0,
2747, 0,
2748, 0,
2749, 0,
2750, 0,
2751, 0,
2752, 0,
2753, 0,
2754, 0,
2755, 0,
2756, 0,
2757, 0,
2758, 0,
2759, 0,
2760, 0,
2761, 0,
2762, 0,
2763, 0,
2764, 0,
2765, 0,
2766, 0,
2767, 0,
2768, 0,
2769, 0,
2770, 0,
2771, 0,
2772, 0,
2773, 0,
2774, 0,
2775, 0,
2776, 0,
2777, 0,
2778, 0,
2779, 0,
2780, 0,
2781, 0,
2782, 0,
2783, 0,
2784, 0,
2785, 0,
2786, 0,
2787, 0,
2788, 0,
2789, 0,
2790, 0,
2791, 0,
2792, 0,
2793, 0,
2794, 0,
2795, 0,
2796, 0,
2797, 0,
2798, 0,
2799, 0,
2800, 0,
2801, 0,
2802, 0,
2803, 0,
2804, 0,
