-2805, 0,
-2804, 0,
-2803, 0,
-2802, 0,
-2801, 0,
-2800, 0,
-2799, 0,
-2798, 0,
-2797, 0,
-2796, 0,
-2795, 0,
-2794, 0,
-2793, 0,
-2792, 0,
-2791, 0,
-2790, 0,
-2789, 0,
-2788, 0,
-2787, 0,
-2786, 0,
-2785, 0,
-2784, 0,
-2783, 0,
-2782, 0,
-2781, 0,
-2780, 0,
-2779, 0,
-2778, 0,
-2777, 0,
-2776, 0,
-2775, 0,
-2774, 0,
-2773, 0,
-2772, 0,
-2771, 0,
-2770, 0,
-2769, 0,
-2768, 0,
-2767, 0,
-2766, 0,
-2765, 0,
-2764, 0,
-2763, 0,
-2762, 0,
-2761, 0,
-2760, 0,
-2759, 0,
-2758, 0,
-2757, 0,
-2756, 0,
-2755, 0,
-2754, 0,
-2753, 0,
-2752, 0,
-2751, 0,
-2750, 0,
-2749, 0,
-2748, 0,
-2747, 0,
-2746, 0,
-2745, 0,
-2744, 0,
-2743, 0,
-2742, 0,
-2741, 0,
-2740, 0,
-2739, 0,
-2738, 0,
-2737, 0,
-2736, 0,
-2735, 0,
-2734, 0,
-2733, 0,
-2732, 0,
-2731, 0,
-2730, 0,
-2729, 0,
-2728, 0,
-2727, 0,
-2726, 0,
-2725, 0,
-2724, 0,
-2723, 0,
-2722, 0,
-2721, 0,
-2720, 0,
-2719, 0,
-2718, 0,
-2717, 0,
-2716, 0,
-2715, 0,
-2714, 0,
-2713, 0,
-2712, 0,
-2711, 0,
-2710, 0,
-2709, 0,
-2708, 0,
-2707, 0,
-2706, 0,
-2705, 0,
-2704, 0,
-2703, 0,
-2702, 0,
-2701, 0,
-2700, 0,
-2699, 0,
-2698, 0,
-2697, 0,
-2696, 0,
-2695, 0,
-2694, 0,
-2693, 0,
-2692, 0,
-2691, 0,
-2690, 0,
-2689, 0,
-2688, 0,
-2687, 0,
-2686, 0,
-2685, 0,
-2684, 0,
-2683, 0,
-2682, 0,
-2681, 0,
-2680, 0,
-2679, 0,
-2678, 0,
-2677, 0,
-2676, 0,
-2675, 0,
-2674, 0,
-2673, 0,
-2672, 0,
-2671, 0,
-2670, 0,
-2669, 0,
-2668, 0,
-2667, 0,
-2666, 0,
-2665, 0,
-2664, 0,
-2663, 0,
-2662, 0,
-2661, 0,
-2660, 0,
-2659, 0,
-2658, 0,
-2657, 0,
-2656, 0,
-2655, 0,
-2654, 0,
-2653, 0,
-2652, 0,
-2651, 0,
-2650, 0,
-2649, 0,
-2648, 0,
-2647, 0,
-2646, 0,
-2645, 0,
-2644, 0,
-2643, 0,
-2642, 0,
-2641, 0,
-2640, 0,
-2639, 0,
-2638, 0,
-2637, 0,
-2636, 0,
-2635, 0,
-2634, 0,
-2633, 0,
-2632, 0,
-2631, 0,
-2630, 0,
-2629, 0,
-2628, 0,
-2627, 0,
-2626, 0,
-2625, 0,
-2624, 0,
-2623, 0,
-2622, 0,
-2621, 0,
-2620, 0,
-2619, 0,
-2618, 0,
-2617, 0,
-2616, 0,
-2615, 0,
-2614, 0,
-2613, 0,
-2612, 0,
-2611, 0,
-2610, 0,
-2609, 0,
-2608, 0,
-2607, 0,
-2606, 0,
-2605, 0,
-2604, 0,
-2603, 0,
-2602, 0,
-2601, 0,
-2600, 0,
-2599, 0,
-2598, 0,
-2597, 0,
-2596, 0,
-2595, 0,
-2594, 0,
-2593, 0,
-2592, 0,
-2591, 0,
-2590, 0,
-2589, 0,
-2588, 0,
-2587, 0,
-2586, 0,
-2585, 0,
-2584, 0,
-2583, 0,
-2582, 0,
-2581, 0,
-2580, 0,
-2579, 0,
-2578, 0,
-2577, 0,
-2576, 0,
-2575, 0,
-2574, 0,
-2573, 0,
-2572, 0,
-2571, 0,
-2570, 0,
-2569, 0,
-2568, 0,
-2567, 0,
-2566, 0,
-2565, 0,
-2564, 0,
-2563, 0,
-2562, 0,
-2561, 0,
-2560, 0,
-2559, 0,
-2558, 0,
-2557, 0,
-2556, 0,
-2555, 0,
-2554, 0,
-2553, 0,
-2552, 0,
-2551, 0,
-2550, 0,
-2549, 0,
-2548, 0,
-2547, 0,
-2546, 0,
-2545, 0,
-2544, 0,
-2543, 0,
-2542, 0,
-2541, 0,
-2540, 0,
-2539, 0,
-2538, 0,
-2537, 0,
-2536, 0,
-2535, 0,
-2534, 0,
-2533, 0,
-2532, 0,
-2531, 0,
-2530, 0,
-2529, 0,
-2528, 0,
-2527, 0,
-2526, 0,
-2525, 0,
-2524, 0,
-2523, 0,
-2522, 0,
-2521, 0,
-2520, 0,
-2519, 0,
-2518, 0,
-2517, 0,
-2516, 0,
-2515, 0,
-2514, 0,
-2513, 0,
-2512, 0,
-2511, 0,
-2510, 0,
-2509, 0,
-2508, 0,
-2507, 0,
-2506, 0,
-2505, 0,
-2504, 0,
-2503, 0,
-2502, 0,
-2501, 0,
-2500, 0,
-2499, 0,
-2498, 0,
-2497, 0,
-2496, 0,
-2495, 0,
-2494, 0,
-2493, 0,
-2492, 0,
-2491, 0,
-2490, 0,
-2489, 0,
-2488, 0,
-2487, 0,
-2486, 0,
-2485, 0,
-2484, 0,
-2483, 0,
-2482, 0,
-2481, 0,
-2480, 0,
-2479, 0,
-2478, 0,
-2477, 0,
-2476, 0,
-2475, 0,
-2474, 0,
-2473, 0,
-2472, 0,
-2471, 0,
-2470, 0,
-2469, 0,
-2468, 0,
-2467, 0,
-2466, 0,
-2465, 0,
-2464, 0,
-2463, 0,
-2462, 0,
-2461, 0,
-2460, 0,
-2459, 0,
-2458, 0,
-2457, 0,
-2456, 0,
-2455, 0,
-2454, 0,
-2453, 0,
-2452, 0,
-2451, 0,
-2450, 0,
-2449, 0,
-2448, 0,
-2447, 0,
-2446, 0,
-2445, 0,
-2444, 0,
-2443, 0,
-2442, 0,
-2441, 0,
-2440, 0,
-2439, 0,
-2438, 0,
-2437, 0,
-2436, 0,
-2435, 0,
-2434, 0,
-2433, 0,
-2432, 0,
-2431, 0,
-2430, 0,
-2429, 0,
-2428, 0,
-2427, 0,
-2426, 0,
-2425, 0,
-2424, 0,
-2423, 0,
-2422, 0,
-2421, 0,
-2420, 0,
-2419, 0,
-2418, 0,
-2417, 0,
-2416, 0,
-2415, 0,
-2414, 0,
-2413, 0,
-2412, 0,
-2411, 0,
-2410, 0,
-2409, 0,
-2408, 0,
-2407, 0,
-2406, 0,
-2405, 0,
-2404, 0,
-2403, 0,
-2402, 0,
-2401, 0,
-2400, 0,
-2399, 0,
-2398, 0,
-2397, 0,
-2396, 0,
-2395, 0,
-2394, 0,
-2393, 0,
-2392, 0,
-2391, 0,
-2390, 0,
-2389, 0,
-2388, 0,
-2387, 0,
-2386, 0,
-2385, 0,
-2384, 0,
-2383, 0,
-2382, 0,
-2381, 0,
-2380, 0,
-2379, 0,
-2378, 0,
-2377, 0,
-2376, 0,
-2375, 0,
-2374, 0,
-2373, 0,
-2372, 0,
-2371, 0,
-2370, 0,
-2369, 0,
-2368, 0,
-2367, 0,
-2366, 0,
-2365, 0,
-2364, 0,
-2363, 0,
-2362, 0,
-2361, 0,
-2360, 0,
-2359, 0,
-2358, 0,
-2357, 0,
-2356, 0,
-2355, 0,
-2354, 0,
-2353, 0,
-2352, 0,
-2351, 0,
-2350, 0,
-2349, 0,
-2348, 0,
-2347, 0,
-2346, 0,
-2345, 0,
-2344, 0,
-2343, 0,
-2342, 0,
-2341, 0,
-2340, 0,
-2339, 0,
-2338, 0,
-2337, 0,
-2336, 0,
-2335, 0,
-2334, 0,
-2333, 0,
-2332, 0,
-2331, 0,
-2330, 0,
-2329, 0,
-2328, 0,
-2327, 0,
-2326, 0,
-2325, 0,
-2324, 0,
-2323, 0,
-2322, 0,
-2321, 0,
-2320, 0,
-2319, 0,
-2318, 0,
-2317, 0,
-2316, 0,
-2315, 0,
-2314, 0,
-2313, 0,
-2312, 0,
-2311, 0,
-2310, 0,
-2309, 0,
-2308, 0,
-2307, 0,
-2306, 0,
-2305, 0,
-2304, 0,
-2303, 0,
-2302, 0,
-2301, 0,
-2300, 0,
-2299, 0,
-2298, 0,
-2297, 0,
-2296, 0,
-2295, 0,
-2294, 0,
-2293, 0,
-2292, 0,
-2291, 0,
-2290, 0,
-2289, 0,
-2288, 0,
-2287, 0,
-2286, 0,
-2285, 0,
-2284, 0,
-2283, 0,
-2282, 0,
-2281, 0,
-2280, 0,
-2279, 0,
-2278, 0,
-2277, 0,
-2276, 0,
-2275, 0,
-2274, 0,
-2273, 0,
-2272, 0,
-2271, 0,
-2270, 0,
-2269, 0,
-2268, 0,
-2267, 0,
-2266, 0,
-2265, 0,
-2264, 0,
-2263, 0,
-2262, 0,
-2261, 0,
-2260, 0,
-2259, 0,
-2258, 0,
-2257, 0,
-2256, 0,
-2255, 0,
-2254, 0,
-2253, 0,
-2252, 0,
-2251, 0,
-2250, 0,
-2249, 0,
-2248, 0,
-2247, 0,
-2246, 0,
-2245, 0,
-2244, 0,
-2243, 0,
-2242, 0,
-2241, 0,
-2240, 0,
-2239, 0,
-2238, 0,
-2237, 0,
-2236, 0,
-2235, 0,
-2234, 0,
-2233, 0,
-2232, 0,
-2231, 0,
-2230, 0,
-2229, 0,
-2228, 0,
-2227, 0,
-2226, 0,
-2225, 0,
-2224, 0,
-2223, 0,
-2222, 0,
-2221, 0,
-2220, 0,
-2219, 0,
-2218, 0,
-2217, 0,
-2216, 0,
-2215, 0,
-2214, 0,
-2213, 0,
-2212, 0,
-2211, 0,
-2210, 0,
-2209, 0,
-2208, 0,
-2207, 0,
-2206, 0,
-2205, 0,
-2204, 0,
-2203, 0,
-2202, 0,
-2201, 0,
-2200, 0,
-2199, 0,
-2198, 0,
-2197, 0,
-2196, 0,
-2195, 0,
-2194, 0,
-2193, 0,
-2192, 0,
-2191, 0,
-2190, 0,
-2189, 0,
-2188, 0,
-2187, 0,
-2186, 0,
-2185, 0,
-2184, 0,
-2183, 0,
-2182, 0,
-2181, 0,
-2180, 0,
-2179, 0,
-2178, 0,
-2177, 0,
-2176, 0,
-2175, 0,
-2174, 0,
-2173, 0,
-2172, 0,
-2171, 0,
-2170, 0,
-2169, 0,
-2168, 0,
-2167, 0,
-2166, 0,
-2165, 0,
-2164, 0,
-2163, 0,
-2162, 0,
-2161, 0,
-2160, 0,
-2159, 0,
-2158, 0,
-2157, 0,
-2156, 0,
-2155, 0,
-2154, 0,
-2153, 0,
-2152, 0,
-2151, 0,
-2150, 0,
-2149, 0,
-2148, 0,
-2147, 0,
-2146, 0,
-2145, 0,
-2144, 0,
-2143, 0,
-2142, 0,
-2141, 0,
-2140, 0,
-2139, 0,
-2138, 0,
-2137, 0,
-2136, 0,
-2135, 0,
-2134, 0,
-2133, 0,
-2132, 0,
-2131, 0,
-2130, 0,
-2129, 0,
-2128, 0,
-2127, 0,
-2126, 0,
-2125, 0,
-2124, 0,
-2123, 0,
-2122, 0,
-2121, 0,
-2120, 0,
-2119, 0,
-2118, 0,
-2117, 0,
-2116, 0,
-2115, 0,
-2114, 0,
-2113, 0,
-2112, 0,
-2111, 0,
-2110, 0,
-2109, 0,
-2108, 0,
-2107, 0,
-2106, 0,
-2105, 0,
-2104, 0,
-2103, 0,
-2102, 0,
-2101, 0,
-2100, 0,
-2099, 0,
-2098, 0,
-2097, 0,
-2096, 0,
-2095, 0,
-2094, 0,
-2093, 0,
-2092, 0,
-2091, 0,
-2090, 0,
-2089, 0,
-2088, 0,
-2087, 0,
-2086, 0,
-2085, 0,
-2084, 0,
-2083, 0,
-2082, 0,
-2081, 0,
-2080, 0,
-2079, 0,
-2078, 0,
-2077, 0,
-2076, 0,
-2075, 0,
-2074, 0,
-2073, 0,
-2072, 0,
-2071, 0,
-2070, 0,
-2069, 0,
-2068, 0,
-2067, 0,
-2066, 0,
-2065, 0,
-2064, 0,
-2063, 0,
-2062, 0,
-2061, 0,
-2060, 0,
-2059, 0,
-2058, 0,
-2057, 0,
-2056, 0,
-2055, 0,
-2054, 0,
-2053, 0,
-2052, 0,
-2051, 0,
-2050, 0,
-2049, 0,
-2048, 0,
-2047, 0,
-2046, 0,
-2045, 0,
-2044, 0,
-2043, 0,
-2042, 0,
-2041, 0,
-2040, 0,
-2039, 0,
-2038, 0,
-2037, 0,
-2036, 0,
-2035, 0,
-2034, 0,
-2033, 0,
-2032, 0,
-2031, 0,
-2030, 0,
-2029, 0,
-2028, 0,
-2027, 0,
-2026, 0,
-2025, 0,
-2024, 0,
-2023, 0,
-2022, 0,
-2021, 0,
-2020, 0,
-2019, 0,
-2018, 0,
-2017, 0,
-2016, 0,
-2015, 0,
-2014, 0,
-2013, 0,
-2012, 0,
-2011, 0,
-2010, 0,
-2009, 0,
-2008, 0,
-2007, 0,
-2006, 0,
-2005, 0,
-2004, 0,
-2003, 0,
-2002, 0,
-2001, 0,
-2000, 0,
-1999, 0,
-1998, 0,
-1997, 0,
-1996, 0,
-1995, 0,
-1994, 0,
-1993, 0,
-1992, 0,
-1991, 0,
-1990, 0,
-1989, 0,
-1988, 0,
-1987, 0,
-1986, 0,
-1985, 0,
-1984, 0,
-1983, 0,
-1982, 0,
-1981, 0,
-1980, 0,
-1979, 0,
-1978, 0,
-1977, 0,
-1976, 0,
-1975, 0,
-1974, 0,
-1973, 0,
-1972, 0,
-1971, 0,
-1970, 0,
-1969, 0,
-1968, 0,
-1967, 0,
-1966, 0,
-1965, 0,
-1964, 0,
-1963, 0,
-1962, 0,
-1961, 0,
-1960, 0,
-1959, 0,
-1958, 0,
-1957, 0,
-1956, 0,
-1955, 0,
-1954, 0,
-1953, 0,
-1952, 0,
-1951, 0,
-1950, 0,
-1949, 0,
-1948, 0,
-1947, 0,
-1946, 0,
-1945, 0,
-1944, 0,
-1943, 0,
-1942, 0,
-1941, 0,
-1940, 0,
-1939, 0,
-1938, 0,
-1937, 0,
-1936, 0,
-1935, 0,
-1934, 0,
-1933, 0,
-1932, 0,
-1931, 0,
-1930, 0,
-1929, 0,
-1928, 0,
-1927, 0,
-1926, 0,
-1925, 0,
-1924, 0,
-1923, 0,
-1922, 0,
-1921, 0,
-1920, 0,
-1919, 0,
-1918, 0,
-1917, 0,
-1916, 0,
-1915, 0,
-1914, 0,
-1913, 0,
-1912, 0,
-1911, 0,
-1910, 0,
-1909, 0,
-1908, 0,
-1907, 0,
-1906, 0,
-1905, 0,
-1904, 0,
-1903, 0,
-1902, 0,
-1901, 0,
-1900, 0,
-1899, 0,
-1898, 0,
-1897, 0,
-1896, 0,
-1895, 0,
-1894, 0,
-1893, 0,
-1892, 0,
-1891, 0,
-1890, 0,
-1889, 0,
-1888, 0,
-1887, 0,
-1886, 0,
-1885, 0,
-1884, 0,
-1883, 0,
-1882, 0,
-1881, 0,
-1880, 0,
-1879, 0,
-1878, 0,
-1877, 0,
-1876, 0,
-1875, 0,
-1874, 0,
-1873, 0,
-1872, 0,
-1871, 0,
-1870, 0,
-1869, 0,
-1868, 0,
-1867, 0,
-1866, 0,
-1865, 0,
-1864, 0,
-1863, 0,
-1862, 0,
-1861, 0,
-1860, 0,
-1859, 0,
-1858, 0,
-1857, 0,
-1856, 0,
-1855, 0,
-1854, 0,
-1853, 0,
-1852, 0,
-1851, 0,
-1850, 0,
-1849, 0,
-1848, 0,
-1847, 0,
-1846, 0,
-1845, 0,
-1844, 0,
-1843, 0,
-1842, 0,
-1841, 0,
-1840, 0,
-1839, 0,
-1838, 0,
-1837, 0,
-1836, 0,
-1835, 0,
-1834, 0,
-1833, 0,
-1832, 0,
-1831, 0,
-1830, 0,
-1829, 0,
-1828, 0,
-1827, 0,
-1826, 0,
-1825, 0,
-1824, 0,
-1823, 0,
-1822, 0,
-1821, 0,
-1820, 0,
-1819, 0,
-1818, 0,
-1817, 0,
-1816, 0,
-1815, 0,
-1814, 0,
-1813, 0,
-1812, 0,
-1811, 0,
-1810, 0,
-1809, 0,
-1808, 0,
-1807, 0,
-1806, 0,
-1805, 0,
-1804, 0,
-1803, 0,
-1802, 0,
-1801, 0,
-1800, 0,
-1799, 0,
-1798, 0,
-1797, 0,
-1796, 0,
-1795, 0,
-1794, 0,
-1793, 0,
-1792, 0,
-1791, 0,
-1790, 0,
-1789, 0,
-1788, 0,
-1787, 0,
-1786, 0,
-1785, 0,
-1784, 0,
-1783, 0,
-1782, 0,
-1781, 0,
-1780, 0,
-1779, 0,
-1778, 0,
-1777, 0,
-1776, 0,
-1775, 0,
-1774, 0,
-1773, 0,
-1772, 0,
-1771, 0,
-1770, 0,
-1769, 0,
-1768, 0,
-1767, 0,
-1766, 0,
-1765, 0,
-1764, 0,
-1763, 0,
-1762, 0,
-1761, 0,
-1760, 0,
-1759, 0,
-1758, 0,
-1757, 0,
-1756, 0,
-1755, 0,
-1754, 0,
-1753, 0,
-1752, 0,
-1751, 0,
-1750, 0,
-1749, 0,
-1748, 0,
-1747, 0,
-1746, 0,
-1745, 0,
-1744, 0,
-1743, 0,
-1742, 0,
-1741, 0,
-1740, 0,
-1739, 0,
-1738, 0,
-1737, 0,
-1736, 0,
-1735, 0,
-1734, 0,
-1733, 0,
-1732, 0,
-1731, 0,
-1730, 0,
-1729, 0,
-1728, 0,
-1727, 0,
-1726, 0,
-1725, 0,
-1724, 0,
-1723, 0,
-1722, 0,
-1721, 0,
-1720, 0,
-1719, 0,
-1718, 0,
-1717, 0,
-1716, 0,
-1715, 0,
-1714, 0,
-1713, 0,
-1712, 0,
-1711, 0,
-1710, 0,
-1709, 0,
-1708, 0,
-1707, 0,
-1706, 0,
-1705, 0,
-1704, 0,
-1703, 0,
-1702, 0,
-1701, 0,
-1700, 0,
-1699, 0,
-1698, 0,
-1697, 0,
-1696, 0,
-1695, 0,
-1694, 0,
-1693, 0,
-1692, 0,
-1691, 0,
-1690, 0,
-1689, 0,
-1688, 0,
-1687, 0,
-1686, 0,
-1685, 0,
-1684, 0,
-1683, 0,
-1682, 0,
-1681, 0,
-1680, 0,
-1679, 0,
-1678, 0,
-1677, 0,
-1676, 0,
-1675, 0,
-1674, 0,
-1673, 0,
-1672, 0,
-1671, 0,
-1670, 0,
-1669, 0,
-1668, 0,
-1667, 0,
-1666, 0,
-1665, 0,
-1664, 0,
-1663, 0,
-1662, 0,
-1661, 0,
-1660, 0,
-1659, 0,
-1658, 0,
-1657, 0,
-1656, 0,
-1655, 0,
-1654, 0,
-1653, 0,
-1652, 0,
-1651, 0,
-1650, 0,
-1649, 0,
-1648, 0,
-1647, 0,
-1646, 0,
-1645, 0,
-1644, 0,
-1643, 0,
-1642, 0,
-1641, 0,
-1640, 0,
-1639, 0,
-1638, 0,
-1637, 0,
-1636, 0,
-1635, 0,
-1634, 0,
-1633, 0,
-1632, 0,
-1631, 0,
-1630, 0,
-1629, 0,
-1628, 0,
-1627, 0,
-1626, 0,
-1625, 0,
-1624, 0,
-1623, 0,
-1622, 0,
-1621, 0,
-1620, 0,
-1619, 0,
-1618, 0,
-1617, 0,
-1616, 0,
-1615, 0,
-1614, 0,
-1613, 0,
-1612, 0,
-1611, 0,
-1610, 0,
-1609, 0,
-1608, 0,
-1607, 0,
-1606, 0,
-1605, 0,
-1604, 0,
-1603, 0,
-1602, 0,
-1601, 0,
-1600, 0,
-1599, 0,
-1598, 0,
-1597, 0,
-1596, 0,
-1595, 0,
-1594, 0,
-1593, 0,
-1592, 0,
-1591, 0,
-1590, 0,
-1589, 0,
-1588, 0,
-1587, 0,
-1586, 0,
-1585, 0,
-1584, 0,
-1583, 0,
-1582, 0,
-1581, 0,
-1580, 0,
-1579, 0,
-1578, 0,
-1577, 0,
-1576, 0,
-1575, 0,
-1574, 0,
-1573, 0,
-1572, 0,
-1571, 0,
-1570, 0,
-1569, 0,
-1568, 0,
-1567, 0,
-1566, 0,
-1565, 0,
-1564, 0,
-1563, 0,
-1562, 0,
-1561, 0,
-1560, 0,
-1559, 0,
-1558, 0,
-1557, 0,
-1556, 0,
-1555, 0,
-1554, 0,
-1553, 0,
-1552, 0,
-1551, 0,
-1550, 0,
-1549, 0,
-1548, 0,
-1547, 0,
-1546, 0,
-1545, 0,
-1544, 0,
-1543, 0,
-1542, 0,
-1541, 0,
-1540, 0,
-1539, 0,
-1538, 0,
-1537, 0,
-1536, 0,
-1535, 0,
-1534, 0,
-1533, 0,
-1532, 0,
-1531, 0,
-1530, 0,
-1529, 0,
-1528, 0,
-1527, 0,
-1526, 0,
-1525, 0,
-1524, 0,
-1523, 0,
-1522, 0,
-1521, 0,
-1520, 0,
-1519, 0,
-1518, 0,
-1517, 0,
-1516, 0,
-1515, 0,
-1514, 0,
-1513, 0,
-1512, 0,
-1511, 0,
-1510, 0,
-1509, 0,
-1508, 0,
-1507, 0,
-1506, 0,
-1505, 0,
-1504, 0,
-1503, 0,
-1502, 0,
-1501, 0,
-1500, 0,
-1499, 0,
-1498, 0,
-1497, 0,
-1496, 0,
-1495, 0,
-1494, 0,
-1493, 0,
-1492, 0,
-1491, 0,
-1490, 0,
-1489, 0,
-1488, 0,
-1487, 0,
-1486, 0,
-1485, 0,
-1484, 0,
-1483, 0,
-1482, 0,
-1481, 0,
-1480, 0,
-1479, 0,
-1478, 0,
-1477, 0,
-1476, 0,
-1475, 0,
-1474, 0,
-1473, 0,
-1472, 0,
-1471, 0,
-1470, 0,
-1469, 0,
-1468, 0,
-1467, 0,
-1466, 0,
-1465, 0,
-1464, 0,
-1463, 0,
-1462, 0,
-1461, 0,
-1460, 0,
-1459, 0,
-1458, 0,
-1457, 0,
-1456, 0,
-1455, 0,
-1454, 0,
-1453, 0,
-1452, 0,
-1451, 0,
-1450, 0,
-1449, 0,
-1448, 0,
-1447, 0,
-1446, 0,
-1445, 0,
-1444, 0,
-1443, 0,
-1442, 0,
-1441, 0,
-1440, 0,
-1439, 0,
-1438, 0,
-1437, 0,
-1436, 0,
-1435, 0,
-1434, 0,
-1433, 0,
-1432, 0,
-1431, 0,
-1430, 0,
-1429, 0,
-1428, 0,
-1427, 0,
-1426, 0,
-1425, 0,
-1424, 0,
-1423, 0,
-1422, 0,
-1421, 0,
-1420, 0,
-1419, 0,
-1418, 0,
-1417, 0,
-1416, 0,
-1415, 0,
-1414, 0,
-1413, 0,
-1412, 0,
-1411, 0,
-1410, 0,
-1409, 0,
-1408, 0,
-1407, 0,
-1406, 0,
-1405, 0,
-1404, 0,
-1403, 0,
-1402, 0,
-1401, 0,
-1400, 0,
-1399, 0,
-1398, 0,
-1397, 0,
-1396, 0,
-1395, 0,
-1394, 0,
-1393, 0,
-1392, 0,
-1391, 0,
-1390, 0,
-1389, 0,
-1388, 0,
-1387, 0,
-1386, 0,
-1385, 0,
-1384, 0,
-1383, 0,
-1382, 0,
-1381, 0,
-1380, 0,
-1379, 0,
-1378, 0,
-1377, 0,
-1376, 0,
-1375, 0,
-1374, 0,
-1373, 0,
-1372, 0,
-1371, 0,
-1370, 0,
-1369, 0,
-1368, 0,
-1367, 0,
-1366, 0,
-1365, 0,
-1364, 0,
-1363, 0,
-1362, 0,
-1361, 0,
-1360, 0,
-1359, 0,
-1358, 0,
-1357, 0,
-1356, 0,
-1355, 0,
-1354, 0,
-1353, 0,
-1352, 0,
-1351, 0,
-1350, 0,
-1349, 0,
-1348, 0,
-1347, 0,
-1346, 0,
-1345, 0,
-1344, 0,
-1343, 0,
-1342, 0,
-1341, 0,
-1340, 0,
-1339, 0,
-1338, 0,
-1337, 0,
-1336, 0,
-1335, 0,
-1334, 0,
-1333, 0,
-1332, 0,
-1331, 0,
-1330, 0,
-1329, 0,
-1328, 0,
-1327, 0,
-1326, 0,
-1325, 0,
-1324, 0,
-1323, 0,
-1322, 0,
-1321, 0,
-1320, 0,
-1319, 0,
-1318, 0,
-1317, 0,
-1316, 0,
-1315, 0,
-1314, 0,
-1313, 0,
-1312, 0,
-1311, 0,
-1310, 0,
-1309, 0,
-1308, 0,
-1307, 0,
-1306, 0,
-1305, 0,
-1304, 0,
-1303, 0,
-1302, 0,
-1301, 0,
-1300, 0,
-1299, 0,
-1298, 0,
-1297, 0,
-1296, 0,
-1295, 0,
-1294, 0,
-1293, 0,
-1292, 0,
-1291, 0,
-1290, 0,
-1289, 0,
-1288, 0,
-1287, 0,
-1286, 0,
-1285, 0,
-1284, 0,
-1283, 0,
-1282, 0,
-1281, 0,
-1280, 0,
-1279, 0,
-1278, 0,
-1277, 0,
-1276, 0,
-1275, 0,
-1274, 0,
-1273, 0,
-1272, 0,
-1271, 0,
-1270, 0,
-1269, 0,
-1268, 0,
-1267, 0,
-1266, 0,
-1265, 0,
-1264, 0,
-1263, 0,
-1262, 0,
-1261, 0,
-1260, 0,
-1259, 0,
-1258, 0,
-1257, 0,
-1256, 0,
-1255, 0,
-1254, 0,
-1253, 0,
-1252, 0,
-1251, 0,
-1250, 0,
-1249, 0,
-1248, 0,
-1247, 0,
-1246, 0,
-1245, 0,
-1244, 0,
-1243, 0,
-1242, 0,
-1241, 0,
-1240, 0,
-1239, 0,
-1238, 0,
-1237, 0,
-1236, 0,
-1235, 0,
-1234, 0,
-1233, 0,
-1232, 0,
-1231, 0,
-1230, 0,
-1229, 0,
-1228, 0,
-1227, 0,
-1226, 0,
-1225, 0,
-1224, 0,
-1223, 0,
-1222, 0,
-1221, 0,
-1220, 0,
-1219, 0,
-1218, 0,
-1217, 0,
-1216, 0,
-1215, 0,
-1214, 0,
-1213, 0,
-1212, 0,
-1211, 0,
-1210, 0,
-1209, 0,
-1208, 0,
-1207, 0,
-1206, 0,
-1205, 0,
-1204, 0,
-1203, 0,
-1202, 0,
-1201, 0,
-1200, 0,
-1199, 0,
-1198, 0,
-1197, 0,
-1196, 0,
-1195, 0,
-1194, 0,
-1193, 0,
-1192, 0,
-1191, 0,
-1190, 0,
-1189, 0,
-1188, 0,
-1187, 0,
-1186, 0,
-1185, 0,
-1184, 0,
-1183, 0,
-1182, 0,
-1181, 0,
-1180, 0,
-1179, 0,
-1178, 0,
-1177, 0,
-1176, 0,
-1175, 0,
-1174, 0,
-1173, 0,
-1172, 0,
-1171, 0,
-1170, 0,
-1169, 0,
-1168, 0,
-1167, 0,
-1166, 0,
-1165, 0,
-1164, 0,
-1163, 0,
-1162, 0,
-1161, 0,
-1160, 0,
-1159, 0,
-1158, 0,
-1157, 0,
-1156, 0,
-1155, 0,
-1154, 0,
-1153, 0,
-1152, 0,
-1151, 0,
-1150, 0,
-1149, 0,
-1148, 0,
-1147, 0,
-1146, 0,
-1145, 0,
-1144, 0,
-1143, 0,
-1142, 0,
-1141, 1,
-1140, 0,
-1139, 0,
-1138, 0,
-1137, 0,
-1136, 1,
-1135, 0,
-1134, 0,
-1133, 0,
-1132, 0,
-1131, 0,
-1130, 0,
-1129, 0,
-1128, 0,
-1127, 0,
-1126, 0,
-1125, 0,
-1124, 0,
-1123, 0,
-1122, 0,
-1121, 0,
-1120, 0,
-1119, 0,
-1118, 0,
-1117, 0,
-1116, 0,
-1115, 0,
-1114, 0,
-1113, 0,
-1112, 0,
-1111, 0,
-1110, 0,
-1109, 0,
-1108, 0,
-1107, 0,
-1106, 0,
-1105, 0,
-1104, 0,
-1103, 0,
-1102, 0,
-1101, 0,
-1100, 0,
-1099, 0,
-1098, 0,
-1097, 0,
-1096, 0,
-1095, 0,
-1094, 0,
-1093, 1,
-1092, 0,
-1091, 2,
-1090, 0,
-1089, 0,
-1088, 0,
-1087, 0,
-1086, 0,
-1085, 0,
-1084, 0,
-1083, 0,
-1082, 0,
-1081, 0,
-1080, 0,
-1079, 0,
-1078, 0,
-1077, 0,
-1076, 0,
-1075, 0,
-1074, 0,
-1073, 1,
-1072, 0,
-1071, 0,
-1070, 0,
-1069, 0,
-1068, 0,
-1067, 0,
-1066, 0,
-1065, 0,
-1064, 0,
-1063, 0,
-1062, 0,
-1061, 1,
-1060, 0,
-1059, 0,
-1058, 1,
-1057, 0,
-1056, 1,
-1055, 1,
-1054, 0,
-1053, 0,
-1052, 0,
-1051, 1,
-1050, 0,
-1049, 0,
-1048, 0,
-1047, 0,
-1046, 0,
-1045, 0,
-1044, 0,
-1043, 0,
-1042, 0,
-1041, 0,
-1040, 1,
-1039, 0,
-1038, 1,
-1037, 0,
-1036, 0,
-1035, 0,
-1034, 0,
-1033, 1,
-1032, 2,
-1031, 0,
-1030, 0,
-1029, 1,
-1028, 0,
-1027, 2,
-1026, 0,
-1025, 1,
-1024, 0,
-1023, 0,
-1022, 0,
-1021, 0,
-1020, 2,
-1019, 2,
-1018, 1,
-1017, 0,
-1016, 1,
-1015, 2,
-1014, 3,
-1013, 0,
-1012, 1,
-1011, 1,
-1010, 0,
-1009, 0,
-1008, 3,
-1007, 0,
-1006, 1,
-1005, 0,
-1004, 1,
-1003, 1,
-1002, 2,
-1001, 0,
-1000, 0,
-999, 3,
-998, 0,
-997, 1,
-996, 0,
-995, 0,
-994, 0,
-993, 1,
-992, 3,
-991, 0,
-990, 1,
-989, 2,
-988, 0,
-987, 1,
-986, 0,
-985, 0,
-984, 1,
-983, 1,
-982, 1,
-981, 2,
-980, 2,
-979, 0,
-978, 2,
-977, 2,
-976, 1,
-975, 1,
-974, 0,
-973, 2,
-972, 3,
-971, 0,
-970, 0,
-969, 0,
-968, 2,
-967, 0,
-966, 2,
-965, 0,
-964, 1,
-963, 2,
-962, 3,
-961, 1,
-960, 3,
-959, 3,
-958, 3,
-957, 3,
-956, 2,
-955, 1,
-954, 1,
-953, 1,
-952, 1,
-951, 4,
-950, 2,
-949, 0,
-948, 3,
-947, 0,
-946, 2,
-945, 3,
-944, 1,
-943, 2,
-942, 0,
-941, 2,
-940, 0,
-939, 3,
-938, 1,
-937, 3,
-936, 1,
-935, 3,
-934, 3,
-933, 0,
-932, 1,
-931, 2,
-930, 3,
-929, 1,
-928, 6,
-927, 3,
-926, 2,
-925, 1,
-924, 4,
-923, 3,
-922, 3,
-921, 2,
-920, 2,
-919, 6,
-918, 5,
-917, 2,
-916, 6,
-915, 5,
-914, 7,
-913, 2,
-912, 2,
-911, 3,
-910, 4,
-909, 4,
-908, 6,
-907, 1,
-906, 1,
-905, 4,
-904, 6,
-903, 6,
-902, 6,
-901, 11,
-900, 1,
-899, 4,
-898, 9,
-897, 3,
-896, 11,
-895, 8,
-894, 3,
-893, 4,
-892, 7,
-891, 4,
-890, 4,
-889, 11,
-888, 6,
-887, 8,
-886, 7,
-885, 2,
-884, 9,
-883, 7,
-882, 5,
-881, 7,
-880, 5,
-879, 10,
-878, 11,
-877, 11,
-876, 7,
-875, 16,
-874, 8,
-873, 6,
-872, 8,
-871, 9,
-870, 7,
-869, 11,
-868, 9,
-867, 9,
-866, 9,
-865, 15,
-864, 15,
-863, 10,
-862, 8,
-861, 11,
-860, 9,
-859, 12,
-858, 10,
-857, 8,
-856, 17,
-855, 12,
-854, 11,
-853, 13,
-852, 12,
-851, 16,
-850, 17,
-849, 8,
-848, 21,
-847, 17,
-846, 14,
-845, 15,
-844, 18,
-843, 15,
-842, 20,
-841, 26,
-840, 19,
-839, 15,
-838, 18,
-837, 12,
-836, 16,
-835, 18,
-834, 14,
-833, 16,
-832, 17,
-831, 22,
-830, 16,
-829, 25,
-828, 20,
-827, 15,
-826, 28,
-825, 19,
-824, 21,
-823, 20,
-822, 23,
-821, 30,
-820, 20,
-819, 21,
-818, 26,
-817, 32,
-816, 21,
-815, 22,
-814, 20,
-813, 27,
-812, 28,
-811, 24,
-810, 27,
-809, 31,
-808, 23,
-807, 32,
-806, 23,
-805, 27,
-804, 32,
-803, 29,
-802, 38,
-801, 32,
-800, 29,
-799, 37,
-798, 37,
-797, 43,
-796, 30,
-795, 35,
-794, 33,
-793, 41,
-792, 33,
-791, 34,
-790, 36,
-789, 33,
-788, 47,
-787, 57,
-786, 40,
-785, 43,
-784, 52,
-783, 43,
-782, 53,
-781, 39,
-780, 42,
-779, 61,
-778, 49,
-777, 62,
-776, 44,
-775, 40,
-774, 50,
-773, 54,
-772, 53,
-771, 44,
-770, 50,
-769, 40,
-768, 59,
-767, 70,
-766, 60,
-765, 61,
-764, 49,
-763, 64,
-762, 58,
-761, 73,
-760, 56,
-759, 65,
-758, 74,
-757, 68,
-756, 75,
-755, 71,
-754, 85,
-753, 71,
-752, 86,
-751, 84,
-750, 86,
-749, 60,
-748, 77,
-747, 73,
-746, 90,
-745, 78,
-744, 74,
-743, 75,
-742, 79,
-741, 78,
-740, 101,
-739, 80,
-738, 90,
-737, 93,
-736, 86,
-735, 103,
-734, 103,
-733, 97,
-732, 93,
-731, 74,
-730, 90,
-729, 86,
-728, 116,
-727, 122,
-726, 118,
-725, 110,
-724, 97,
-723, 107,
-722, 128,
-721, 117,
-720, 114,
-719, 126,
-718, 124,
-717, 120,
-716, 112,
-715, 124,
-714, 137,
-713, 120,
-712, 142,
-711, 156,
-710, 137,
-709, 150,
-708, 158,
-707, 144,
-706, 169,
-705, 169,
-704, 153,
-703, 142,
-702, 139,
-701, 154,
-700, 147,
-699, 156,
-698, 164,
-697, 190,
-696, 182,
-695, 152,
-694, 189,
-693, 194,
-692, 179,
-691, 176,
-690, 197,
-689, 190,
-688, 178,
-687, 191,
-686, 194,
-685, 189,
-684, 222,
-683, 223,
-682, 230,
-681, 216,
-680, 191,
-679, 222,
-678, 225,
-677, 234,
-676, 235,
-675, 234,
-674, 219,
-673, 242,
-672, 222,
-671, 255,
-670, 253,
-669, 233,
-668, 260,
-667, 300,
-666, 268,
-665, 235,
-664, 250,
-663, 295,
-662, 315,
-661, 279,
-660, 280,
-659, 306,
-658, 288,
-657, 310,
-656, 325,
-655, 294,
-654, 331,
-653, 330,
-652, 315,
-651, 336,
-650, 340,
-649, 374,
-648, 360,
-647, 368,
-646, 367,
-645, 402,
-644, 351,
-643, 383,
-642, 354,
-641, 406,
-640, 357,
-639, 395,
-638, 397,
-637, 388,
-636, 417,
-635, 432,
-634, 417,
-633, 404,
-632, 402,
-631, 407,
-630, 443,
-629, 428,
-628, 448,
-627, 439,
-626, 474,
-625, 459,
-624, 430,
-623, 512,
-622, 463,
-621, 492,
-620, 475,
-619, 504,
-618, 553,
-617, 517,
-616, 523,
-615, 505,
-614, 538,
-613, 567,
-612, 549,
-611, 591,
-610, 572,
-609, 566,
-608, 627,
-607, 585,
-606, 588,
-605, 588,
-604, 607,
-603, 640,
-602, 651,
-601, 665,
-600, 687,
-599, 623,
-598, 635,
-597, 657,
-596, 678,
-595, 704,
-594, 707,
-593, 733,
-592, 697,
-591, 760,
-590, 745,
-589, 704,
-588, 720,
-587, 753,
-586, 728,
-585, 806,
-584, 778,
-583, 827,
-582, 815,
-581, 836,
-580, 829,
-579, 826,
-578, 806,
-577, 863,
-576, 824,
-575, 920,
-574, 875,
-573, 858,
-572, 1023,
-571, 939,
-570, 909,
-569, 938,
-568, 967,
-567, 931,
-566, 948,
-565, 1049,
-564, 1007,
-563, 1007,
-562, 1070,
-561, 988,
-560, 1074,
-559, 1005,
-558, 1069,
-557, 1079,
-556, 1069,
-555, 1161,
-554, 1113,
-553, 1172,
-552, 1195,
-551, 1202,
-550, 1168,
-549, 1184,
-548, 1253,
-547, 1302,
-546, 1321,
-545, 1246,
-544, 1265,
-543, 1349,
-542, 1271,
-541, 1319,
-540, 1354,
-539, 1366,
-538, 1410,
-537, 1377,
-536, 1440,
-535, 1402,
-534, 1451,
-533, 1401,
-532, 1468,
-531, 1474,
-530, 1532,
-529, 1590,
-528, 1578,
-527, 1559,
-526, 1546,
-525, 1544,
-524, 1605,
-523, 1666,
-522, 1644,
-521, 1658,
-520, 1772,
-519, 1741,
-518, 1713,
-517, 1744,
-516, 1831,
-515, 1729,
-514, 1784,
-513, 1827,
-512, 1796,
-511, 1861,
-510, 1895,
-509, 1962,
-508, 1793,
-507, 1969,
-506, 1975,
-505, 1947,
-504, 2047,
-503, 1992,
-502, 2070,
-501, 2015,
-500, 2072,
-499, 2168,
-498, 2118,
-497, 2146,
-496, 2182,
-495, 2181,
-494, 2330,
-493, 2392,
-492, 2301,
-491, 2335,
-490, 2270,
-489, 2366,
-488, 2383,
-487, 2453,
-486, 2437,
-485, 2430,
-484, 2548,
-483, 2482,
-482, 2445,
-481, 2609,
-480, 2612,
-479, 2611,
-478, 2623,
-477, 2764,
-476, 2638,
-475, 2685,
-474, 2695,
-473, 2911,
-472, 2861,
-471, 2928,
-470, 2899,
-469, 2968,
-468, 2963,
-467, 2925,
-466, 2902,
-465, 3022,
-464, 3069,
-463, 3075,
-462, 3067,
-461, 3127,
-460, 3166,
-459, 3269,
-458, 3234,
-457, 3255,
-456, 3374,
-455, 3316,
-454, 3493,
-453, 3398,
-452, 3457,
-451, 3433,
-450, 3543,
-449, 3587,
-448, 3563,
-447, 3615,
-446, 3585,
-445, 3698,
-444, 3663,
-443, 3733,
-442, 3662,
-441, 3817,
-440, 3794,
-439, 3887,
-438, 3985,
-437, 3991,
-436, 4002,
-435, 4048,
-434, 4099,
-433, 4173,
-432, 4296,
-431, 4250,
-430, 4298,
-429, 4325,
-428, 4386,
-427, 4296,
-426, 4576,
-425, 4456,
-424, 4383,
-423, 4600,
-422, 4598,
-421, 4517,
-420, 4557,
-419, 4718,
-418, 4624,
-417, 4882,
-416, 4876,
-415, 4891,
-414, 4922,
-413, 4854,
-412, 5013,
-411, 4987,
-410, 5127,
-409, 5197,
-408, 5102,
-407, 5294,
-406, 5272,
-405, 5431,
-404, 5329,
-403, 5518,
-402, 5594,
-401, 5492,
-400, 5531,
-399, 5496,
-398, 5542,
-397, 5787,
-396, 5785,
-395, 5870,
-394, 5901,
-393, 5993,
-392, 6030,
-391, 6040,
-390, 6102,
-389, 6290,
-388, 6116,
-387, 6131,
-386, 6168,
-385, 6413,
-384, 6303,
-383, 6273,
-382, 6555,
-381, 6614,
-380, 6500,
-379, 6686,
-378, 6681,
-377, 6711,
-376, 6706,
-375, 6881,
-374, 6994,
-373, 6947,
-372, 6935,
-371, 6951,
-370, 7169,
-369, 7234,
-368, 7256,
-367, 7326,
-366, 7385,
-365, 7396,
-364, 7583,
-363, 7606,
-362, 7644,
-361, 7605,
-360, 7707,
-359, 7749,
-358, 7819,
-357, 7909,
-356, 7927,
-355, 7982,
-354, 8157,
-353, 8186,
-352, 8086,
-351, 8179,
-350, 8420,
-349, 8218,
-348, 8438,
-347, 8629,
-346, 8656,
-345, 8859,
-344, 8598,
-343, 8803,
-342, 8712,
-341, 8799,
-340, 8793,
-339, 9061,
-338, 8996,
-337, 9235,
-336, 9137,
-335, 9478,
-334, 9294,
-333, 9375,
-332, 9509,
-331, 9503,
-330, 9502,
-329, 9789,
-328, 9740,
-327, 9977,
-326, 9808,
-325, 9980,
-324, 9982,
-323, 10231,
-322, 10343,
-321, 10255,
-320, 10358,
-319, 10184,
-318, 10359,
-317, 10565,
-316, 10821,
-315, 10563,
-314, 10959,
-313, 10842,
-312, 10862,
-311, 10909,
-310, 11078,
-309, 11173,
-308, 11253,
-307, 11263,
-306, 11317,
-305, 11563,
-304, 11363,
-303, 11560,
-302, 11762,
-301, 11685,
-300, 11824,
-299, 11604,
-298, 11992,
-297, 12216,
-296, 12044,
-295, 12233,
-294, 12192,
-293, 12481,
-292, 12334,
-291, 12716,
-290, 12554,
-289, 12550,
-288, 12666,
-287, 12809,
-286, 12821,
-285, 13010,
-284, 13067,
-283, 13227,
-282, 13296,
-281, 13212,
-280, 13182,
-279, 13385,
-278, 13640,
-277, 13685,
-276, 13549,
-275, 13627,
-274, 13985,
-273, 13796,
-272, 14242,
-271, 14358,
-270, 14244,
-269, 14098,
-268, 14233,
-267, 14324,
-266, 14563,
-265, 14546,
-264, 14513,
-263, 14608,
-262, 14962,
-261, 15002,
-260, 14991,
-259, 15143,
-258, 15230,
-257, 15229,
-256, 15409,
-255, 15263,
-254, 15457,
-253, 15400,
-252, 15690,
-251, 15733,
-250, 15831,
-249, 16166,
-248, 15967,
-247, 16239,
-246, 16161,
-245, 16534,
-244, 16512,
-243, 16363,
-242, 16353,
-241, 16607,
-240, 16549,
-239, 16672,
-238, 16811,
-237, 17041,
-236, 16835,
-235, 17035,
-234, 17381,
-233, 17273,
-232, 17544,
-231, 17492,
-230, 17540,
-229, 17736,
-228, 17581,
-227, 17642,
-226, 17959,
-225, 18068,
-224, 17939,
-223, 18309,
-222, 18304,
-221, 18364,
-220, 18543,
-219, 18441,
-218, 18541,
-217, 18695,
-216, 18888,
-215, 19094,
-214, 18920,
-213, 18903,
-212, 18903,
-211, 19462,
-210, 19488,
-209, 19213,
-208, 19559,
-207, 19572,
-206, 19461,
-205, 19857,
-204, 19901,
-203, 19776,
-202, 20176,
-201, 19941,
-200, 20123,
-199, 20011,
-198, 20200,
-197, 20330,
-196, 20485,
-195, 20820,
-194, 20453,
-193, 21232,
-192, 20894,
-191, 20970,
-190, 20958,
-189, 21076,
-188, 21439,
-187, 21207,
-186, 21471,
-185, 21625,
-184, 21569,
-183, 21696,
-182, 21543,
-181, 21852,
-180, 21648,
-179, 21782,
-178, 22129,
-177, 22301,
-176, 22355,
-175, 22489,
-174, 22252,
-173, 22388,
-172, 22541,
-171, 22923,
-170, 22648,
-169, 22399,
-168, 23100,
-167, 23010,
-166, 23210,
-165, 23141,
-164, 23054,
-163, 23490,
-162, 23516,
-161, 23263,
-160, 23328,
-159, 23751,
-158, 23437,
-157, 23864,
-156, 23973,
-155, 23803,
-154, 24139,
-153, 24002,
-152, 24042,
-151, 24073,
-150, 24202,
-149, 24510,
-148, 24745,
-147, 24737,
-146, 24711,
-145, 24815,
-144, 25010,
-143, 24694,
-142, 24561,
-141, 25063,
-140, 24856,
-139, 25115,
-138, 25063,
-137, 25342,
-136, 25365,
-135, 25495,
-134, 25434,
-133, 25488,
-132, 25476,
-131, 25711,
-130, 25813,
-129, 25904,
-128, 25905,
-127, 26391,
-126, 26045,
-125, 26018,
-124, 26679,
-123, 26279,
-122, 26361,
-121, 26513,
-120, 26767,
-119, 26531,
-118, 26348,
-117, 26589,
-116, 26735,
-115, 26806,
-114, 26603,
-113, 26971,
-112, 27386,
-111, 27087,
-110, 26965,
-109, 27109,
-108, 27384,
-107, 27388,
-106, 27729,
-105, 27627,
-104, 27962,
-103, 27712,
-102, 27654,
-101, 27717,
-100, 27893,
-99, 27933,
-98, 27925,
-97, 28106,
-96, 28320,
-95, 28379,
-94, 28339,
-93, 28481,
-92, 28253,
-91, 28632,
-90, 28441,
-89, 28482,
-88, 28296,
-87, 28533,
-86, 28261,
-85, 28473,
-84, 28649,
-83, 28997,
-82, 28947,
-81, 29170,
-80, 29261,
-79, 29192,
-78, 29120,
-77, 29006,
-76, 28939,
-75, 28865,
-74, 29286,
-73, 29033,
-72, 29591,
-71, 29432,
-70, 29369,
-69, 29497,
-68, 29789,
-67, 29596,
-66, 29536,
-65, 29959,
-64, 29780,
-63, 29598,
-62, 30121,
-61, 29858,
-60, 30057,
-59, 29675,
-58, 29980,
-57, 30195,
-56, 30108,
-55, 30216,
-54, 30162,
-53, 30035,
-52, 30000,
-51, 30148,
-50, 30159,
-49, 30433,
-48, 30111,
-47, 30324,
-46, 30694,
-45, 30376,
-44, 30571,
-43, 30431,
-42, 30423,
-41, 30241,
-40, 30250,
-39, 30298,
-38, 30664,
-37, 30739,
-36, 30826,
-35, 30404,
-34, 30715,
-33, 30725,
-32, 30769,
-31, 30745,
-30, 30423,
-29, 30610,
-28, 30956,
-27, 30800,
-26, 30803,
-25, 30583,
-24, 30870,
-23, 30894,
-22, 30970,
-21, 30776,
-20, 30824,
-19, 30744,
-18, 30992,
-17, 30750,
-16, 31096,
-15, 30897,
-14, 31188,
-13, 30907,
-12, 30894,
-11, 30982,
-10, 30887,
-9, 30780,
-8, 31229,
-7, 30949,
-6, 31395,
-5, 30922,
-4, 30776,
-3, 30850,
-2, 31036,
-1, 30941,
0, 31177,
1, 31225,
2, 30844,
3, 31067,
4, 31108,
5, 30993,
6, 31152,
7, 31083,
8, 30939,
9, 31181,
10, 30698,
11, 30781,
12, 31087,
13, 31021,
14, 31058,
15, 30664,
16, 31284,
17, 31337,
18, 30973,
19, 30983,
20, 30845,
21, 31033,
22, 30799,
23, 30808,
24, 30751,
25, 30959,
26, 30705,
27, 30663,
28, 30974,
29, 30835,
30, 30619,
31, 30502,
32, 30733,
33, 30865,
34, 30506,
35, 30651,
36, 30621,
37, 30459,
38, 30792,
39, 30816,
40, 30642,
41, 30313,
42, 30706,
43, 30812,
44, 30560,
45, 30543,
46, 30398,
47, 30476,
48, 29868,
49, 30276,
50, 30215,
51, 30427,
52, 30210,
53, 29943,
54, 29966,
55, 30135,
56, 30018,
57, 30100,
58, 29982,
59, 29504,
60, 30026,
61, 29802,
62, 29757,
63, 29932,
64, 29317,
65, 29662,
66, 29484,
67, 29680,
68, 29396,
69, 29450,
70, 29492,
71, 29543,
72, 29435,
73, 29104,
74, 29249,
75, 29068,
76, 29168,
77, 29242,
78, 28963,
79, 29003,
80, 29149,
81, 28564,
82, 28838,
83, 28816,
84, 28618,
85, 28931,
86, 28730,
87, 28466,
88, 28586,
89, 28753,
90, 28458,
91, 28618,
92, 28209,
93, 28096,
94, 28379,
95, 27990,
96, 28086,
97, 27907,
98, 28229,
99, 27941,
100, 27938,
101, 27730,
102, 27771,
103, 27717,
104, 27445,
105, 27389,
106, 27394,
107, 27342,
108, 27658,
109, 27060,
110, 27401,
111, 27339,
112, 26817,
113, 26987,
114, 27291,
115, 26758,
116, 26885,
117, 26777,
118, 26686,
119, 26558,
120, 26540,
121, 26519,
122, 26296,
123, 26113,
124, 26127,
125, 26345,
126, 26111,
127, 26036,
128, 26012,
129, 25929,
130, 25822,
131, 26017,
132, 25435,
133, 25953,
134, 25622,
135, 25450,
136, 25422,
137, 25202,
138, 25187,
139, 25196,
140, 25167,
141, 25456,
142, 24784,
143, 24936,
144, 24687,
145, 24652,
146, 24615,
147, 24731,
148, 24661,
149, 24408,
150, 24590,
151, 24450,
152, 24135,
153, 24205,
154, 24199,
155, 24081,
156, 23896,
157, 24142,
158, 23783,
159, 23364,
160, 23539,
161, 23768,
162, 23370,
163, 23233,
164, 23541,
165, 23305,
166, 23211,
167, 22835,
168, 22869,
169, 22706,
170, 22849,
171, 22648,
172, 22494,
173, 22622,
174, 22335,
175, 22236,
176, 22318,
177, 22049,
178, 22167,
179, 21730,
180, 21967,
181, 21793,
182, 21444,
183, 21629,
184, 21576,
185, 21500,
186, 21567,
187, 21502,
188, 21047,
189, 21165,
190, 21125,
191, 21231,
192, 21060,
193, 20824,
194, 20630,
195, 20393,
196, 20500,
197, 20568,
198, 20545,
199, 20341,
200, 19915,
201, 20027,
202, 19730,
203, 19909,
204, 19962,
205, 19754,
206, 19755,
207, 19776,
208, 19306,
209, 19452,
210, 19278,
211, 19227,
212, 19179,
213, 19080,
214, 19055,
215, 18949,
216, 18704,
217, 18684,
218, 18471,
219, 18473,
220, 18503,
221, 18368,
222, 18358,
223, 18130,
224, 17916,
225, 18161,
226, 18012,
227, 17783,
228, 17893,
229, 17355,
230, 17501,
231, 17461,
232, 17327,
233, 17313,
234, 17352,
235, 17057,
236, 16938,
237, 16863,
238, 16768,
239, 16852,
240, 16831,
241, 16620,
242, 16742,
243, 16609,
244, 16372,
245, 16119,
246, 16253,
247, 15973,
248, 15942,
249, 15974,
250, 15971,
251, 15818,
252, 15857,
253, 15643,
254, 15289,
255, 15613,
256, 15310,
257, 15106,
258, 15235,
259, 15035,
260, 15033,
261, 14956,
262, 14901,
263, 14657,
264, 14783,
265, 14575,
266, 14641,
267, 14158,
268, 14408,
269, 14323,
270, 14025,
271, 14104,
272, 14061,
273, 13890,
274, 13778,
275, 13735,
276, 13778,
277, 13619,
278, 13678,
279, 13347,
280, 13466,
281, 13361,
282, 13296,
283, 12983,
284, 13115,
285, 12882,
286, 12953,
287, 12681,
288, 12671,
289, 12694,
290, 12509,
291, 12400,
292, 12446,
293, 12307,
294, 12033,
295, 12309,
296, 12033,
297, 12003,
298, 11701,
299, 11976,
300, 11780,
301, 11831,
302, 11843,
303, 11647,
304, 11590,
305, 11444,
306, 11303,
307, 11269,
308, 11155,
309, 11009,
310, 11297,
311, 11064,
312, 10944,
313, 11017,
314, 10705,
315, 10696,
316, 10610,
317, 10649,
318, 10502,
319, 10345,
320, 10280,
321, 10258,
322, 9976,
323, 10146,
324, 10122,
325, 9892,
326, 9730,
327, 9779,
328, 9920,
329, 9545,
330, 9816,
331, 9679,
332, 9484,
333, 9362,
334, 9240,
335, 9486,
336, 9301,
337, 9206,
338, 9164,
339, 9065,
340, 9055,
341, 8948,
342, 8579,
343, 8801,
344, 8710,
345, 8726,
346, 8864,
347, 8634,
348, 8474,
349, 8423,
350, 8460,
351, 8124,
352, 8196,
353, 8127,
354, 8257,
355, 7958,
356, 7927,
357, 7993,
358, 7847,
359, 7734,
360, 7792,
361, 7684,
362, 7448,
363, 7632,
364, 7581,
365, 7433,
366, 7247,
367, 7253,
368, 7249,
369, 7215,
370, 7070,
371, 6990,
372, 6899,
373, 7034,
374, 6794,
375, 6871,
376, 6854,
377, 6731,
378, 6747,
379, 6694,
380, 6528,
381, 6595,
382, 6772,
383, 6332,
384, 6238,
385, 6301,
386, 6278,
387, 6310,
388, 6086,
389, 6152,
390, 6106,
391, 6029,
392, 5966,
393, 5908,
394, 5904,
395, 5876,
396, 5779,
397, 5682,
398, 5710,
399, 5572,
400, 5604,
401, 5532,
402, 5540,
403, 5424,
404, 5371,
405, 5350,
406, 5209,
407, 5131,
408, 5218,
409, 5294,
410, 5012,
411, 5034,
412, 4875,
413, 5013,
414, 4951,
415, 4962,
416, 4715,
417, 4721,
418, 4881,
419, 4776,
420, 4613,
421, 4731,
422, 4566,
423, 4574,
424, 4408,
425, 4433,
426, 4395,
427, 4387,
428, 4273,
429, 4402,
430, 4099,
431, 4228,
432, 4191,
433, 4120,
434, 4103,
435, 4125,
436, 4154,
437, 4026,
438, 4042,
439, 3865,
440, 3875,
441, 3852,
442, 3892,
443, 3775,
444, 3646,
445, 3729,
446, 3710,
447, 3601,
448, 3510,
449, 3542,
450, 3564,
451, 3518,
452, 3450,
453, 3381,
454, 3367,
455, 3376,
456, 3328,
457, 3392,
458, 3284,
459, 3233,
460, 3104,
461, 3136,
462, 3181,
463, 3088,
464, 2934,
465, 3052,
466, 3019,
467, 3006,
468, 2954,
469, 2890,
470, 2962,
471, 2916,
472, 2892,
473, 2933,
474, 2850,
475, 2678,
476, 2767,
477, 2744,
478, 2515,
479, 2704,
480, 2678,
481, 2547,
482, 2581,
483, 2598,
484, 2427,
485, 2442,
486, 2463,
487, 2453,
488, 2403,
489, 2360,
490, 2360,
491, 2314,
492, 2268,
493, 2246,
494, 2315,
495, 2159,
496, 2135,
497, 2157,
498, 2217,
499, 2115,
500, 1973,
501, 2035,
502, 2100,
503, 2092,
504, 1908,
505, 2072,
506, 2024,
507, 2033,
508, 1912,
509, 1865,
510, 1870,
511, 1840,
512, 1824,
513, 1776,
514, 1786,
515, 1819,
516, 1759,
517, 1711,
518, 1717,
519, 1693,
520, 1720,
521, 1727,
522, 1682,
523, 1604,
524, 1675,
525, 1590,
526, 1629,
527, 1656,
528, 1548,
529, 1554,
530, 1546,
531, 1528,
532, 1508,
533, 1474,
534, 1457,
535, 1385,
536, 1415,
537, 1400,
538, 1332,
539, 1326,
540, 1379,
541, 1324,
542, 1344,
543, 1261,
544, 1375,
545, 1290,
546, 1219,
547, 1244,
548, 1237,
549, 1214,
550, 1220,
551, 1182,
552, 1218,
553, 1158,
554, 1151,
555, 1174,
556, 1137,
557, 1055,
558, 1077,
559, 1081,
560, 1102,
561, 1021,
562, 1061,
563, 1051,
564, 977,
565, 1007,
566, 1032,
567, 992,
568, 906,
569, 967,
570, 999,
571, 923,
572, 943,
573, 914,
574, 894,
575, 837,
576, 919,
577, 853,
578, 871,
579, 869,
580, 855,
581, 848,
582, 794,
583, 816,
584, 791,
585, 755,
586, 767,
587, 740,
588, 754,
589, 746,
590, 727,
591, 714,
592, 724,
593, 745,
594, 674,
595, 711,
596, 663,
597, 701,
598, 689,
599, 635,
600, 584,
601, 640,
602, 571,
603, 610,
604, 597,
605, 582,
606, 605,
607, 618,
608, 562,
609, 574,
610, 603,
611, 505,
612, 591,
613, 553,
614, 529,
615, 509,
616, 519,
617, 503,
618, 503,
619, 493,
620, 515,
621, 508,
622, 459,
623, 481,
624, 472,
625, 460,
626, 486,
627, 438,
628, 442,
629, 429,
630, 446,
631, 454,
632, 454,
633, 418,
634, 395,
635, 446,
636, 399,
637, 371,
638, 413,
639, 369,
640, 371,
641, 390,
642, 326,
643, 377,
644, 351,
645, 368,
646, 351,
647, 345,
648, 342,
649, 345,
650, 344,
651, 326,
652, 330,
653, 285,
654, 309,
655, 336,
656, 311,
657, 296,
658, 297,
659, 269,
660, 276,
661, 288,
662, 291,
663, 263,
664, 287,
665, 264,
666, 283,
667, 273,
668, 245,
669, 265,
670, 270,
671, 278,
672, 246,
673, 255,
674, 233,
675, 210,
676, 228,
677, 223,
678, 211,
679, 212,
680, 238,
681, 211,
682, 223,
683, 217,
684, 215,
685, 185,
686, 209,
687, 200,
688, 172,
689, 167,
690, 199,
691, 191,
692, 173,
693, 159,
694, 169,
695, 196,
696, 164,
697, 160,
698, 184,
699, 160,
700, 144,
701, 142,
702, 151,
703, 137,
704, 144,
705, 157,
706, 134,
707, 152,
708, 166,
709, 127,
710, 166,
711, 143,
712, 154,
713, 141,
714, 124,
715, 150,
716, 111,
717, 137,
718, 113,
719, 128,
720, 102,
721, 131,
722, 111,
723, 95,
724, 100,
725, 132,
726, 106,
727, 100,
728, 92,
729, 104,
730, 107,
731, 100,
732, 103,
733, 100,
734, 104,
735, 105,
736, 95,
737, 95,
738, 83,
739, 86,
740, 103,
741, 96,
742, 72,
743, 79,
744, 92,
745, 90,
746, 62,
747, 59,
748, 74,
749, 80,
750, 78,
751, 72,
752, 70,
753, 76,
754, 72,
755, 58,
756, 72,
757, 70,
758, 83,
759, 68,
760, 57,
761, 56,
762, 69,
763, 71,
764, 56,
765, 51,
766, 52,
767, 49,
768, 52,
769, 54,
770, 64,
771, 53,
772, 53,
773, 50,
774, 50,
775, 42,
776, 57,
777, 44,
778, 61,
779, 51,
780, 31,
781, 54,
782, 39,
783, 44,
784, 42,
785, 35,
786, 36,
787, 40,
788, 53,
789, 45,
790, 40,
791, 36,
792, 36,
793, 37,
794, 42,
795, 40,
796, 38,
797, 23,
798, 35,
799, 24,
800, 25,
801, 27,
802, 38,
803, 25,
804, 25,
805, 38,
806, 22,
807, 38,
808, 27,
809, 24,
810, 27,
811, 33,
812, 22,
813, 33,
814, 24,
815, 21,
816, 21,
817, 21,
818, 26,
819, 23,
820, 20,
821, 15,
822, 14,
823, 24,
824, 15,
825, 26,
826, 23,
827, 14,
828, 18,
829, 24,
830, 21,
831, 12,
832, 14,
833, 18,
834, 29,
835, 14,
836, 17,
837, 15,
838, 25,
839, 16,
840, 13,
841, 12,
842, 18,
843, 18,
844, 14,
845, 6,
846, 12,
847, 16,
848, 14,
849, 16,
850, 8,
851, 21,
852, 14,
853, 8,
854, 11,
855, 15,
856, 13,
857, 15,
858, 7,
859, 9,
860, 9,
861, 8,
862, 11,
863, 12,
864, 5,
865, 17,
866, 8,
867, 12,
868, 11,
869, 11,
870, 6,
871, 10,
872, 9,
873, 4,
874, 7,
875, 6,
876, 10,
877, 7,
878, 9,
879, 11,
880, 4,
881, 7,
882, 8,
883, 8,
884, 9,
885, 10,
886, 10,
887, 3,
888, 8,
889, 2,
890, 9,
891, 13,
892, 5,
893, 4,
894, 5,
895, 6,
896, 7,
897, 3,
898, 2,
899, 10,
900, 5,
901, 4,
902, 10,
903, 2,
904, 3,
905, 4,
906, 4,
907, 5,
908, 5,
909, 4,
910, 5,
911, 2,
912, 3,
913, 2,
914, 3,
915, 7,
916, 1,
917, 8,
918, 3,
919, 1,
920, 6,
921, 7,
922, 4,
923, 6,
924, 1,
925, 7,
926, 1,
927, 3,
928, 3,
929, 3,
930, 3,
931, 0,
932, 3,
933, 6,
934, 2,
935, 1,
936, 1,
937, 2,
938, 1,
939, 1,
940, 3,
941, 2,
942, 2,
943, 3,
944, 1,
945, 1,
946, 3,
947, 3,
948, 6,
949, 3,
950, 1,
951, 0,
952, 1,
953, 5,
954, 1,
955, 4,
956, 0,
957, 1,
958, 3,
959, 1,
960, 1,
961, 3,
962, 0,
963, 1,
964, 2,
965, 3,
966, 0,
967, 1,
968, 1,
969, 0,
970, 5,
971, 3,
972, 1,
973, 2,
974, 1,
975, 3,
976, 3,
977, 2,
978, 0,
979, 2,
980, 0,
981, 3,
982, 1,
983, 0,
984, 0,
985, 0,
986, 1,
987, 1,
988, 1,
989, 0,
990, 0,
991, 2,
992, 1,
993, 1,
994, 0,
995, 1,
996, 1,
997, 0,
998, 0,
999, 0,
1000, 2,
1001, 1,
1002, 1,
1003, 0,
1004, 0,
1005, 1,
1006, 1,
1007, 0,
1008, 2,
1009, 0,
1010, 0,
1011, 0,
1012, 0,
1013, 0,
1014, 0,
1015, 0,
1016, 2,
1017, 0,
1018, 0,
1019, 2,
1020, 1,
1021, 0,
1022, 1,
1023, 0,
1024, 3,
1025, 0,
1026, 1,
1027, 0,
1028, 1,
1029, 0,
1030, 0,
1031, 0,
1032, 0,
1033, 1,
1034, 0,
1035, 0,
1036, 0,
1037, 0,
1038, 0,
1039, 0,
1040, 0,
1041, 0,
1042, 0,
1043, 0,
1044, 2,
1045, 0,
1046, 0,
1047, 0,
1048, 1,
1049, 0,
1050, 0,
1051, 1,
1052, 0,
1053, 0,
1054, 2,
1055, 0,
1056, 0,
1057, 0,
1058, 0,
1059, 0,
1060, 0,
1061, 0,
1062, 0,
1063, 0,
1064, 0,
1065, 0,
1066, 0,
1067, 0,
1068, 0,
1069, 0,
1070, 1,
1071, 0,
1072, 0,
1073, 1,
1074, 0,
1075, 0,
1076, 0,
1077, 1,
1078, 0,
1079, 0,
1080, 0,
1081, 0,
1082, 0,
1083, 0,
1084, 0,
1085, 0,
1086, 0,
1087, 0,
1088, 0,
1089, 1,
1090, 0,
1091, 0,
1092, 1,
1093, 0,
1094, 0,
1095, 0,
1096, 0,
1097, 0,
1098, 0,
1099, 0,
1100, 1,
1101, 0,
1102, 0,
1103, 0,
1104, 0,
1105, 0,
1106, 0,
1107, 0,
1108, 0,
1109, 1,
1110, 0,
1111, 0,
1112, 0,
1113, 1,
1114, 0,
1115, 0,
1116, 1,
1117, 0,
1118, 0,
1119, 0,
1120, 0,
1121, 0,
1122, 0,
1123, 0,
1124, 0,
1125, 0,
1126, 0,
1127, 1,
1128, 0,
1129, 0,
1130, 0,
1131, 0,
1132, 0,
1133, 0,
1134, 0,
1135, 0,
1136, 0,
1137, 0,
1138, 0,
1139, 0,
1140, 0,
1141, 0,
1142, 0,
1143, 0,
1144, 0,
1145, 0,
1146, 0,
1147, 1,
1148, 0,
1149, 0,
1150, 0,
1151, 0,
1152, 0,
1153, 0,
1154, 0,
1155, 0,
1156, 0,
1157, 0,
1158, 0,
1159, 1,
1160, 0,
1161, 0,
1162, 0,
1163, 0,
1164, 0,
1165, 0,
1166, 1,
1167, 0,
1168, 0,
1169, 0,
1170, 0,
1171, 0,
1172, 0,
1173, 0,
1174, 0,
1175, 0,
1176, 0,
1177, 0,
1178, 0,
1179, 0,
1180, 0,
1181, 0,
1182, 0,
1183, 0,
1184, 0,
1185, 0,
1186, 0,
1187, 0,
1188, 0,
1189, 0,
1190, 0,
1191, 0,
1192, 0,
1193, 0,
1194, 0,
1195, 0,
1196, 0,
1197, 0,
1198, 0,
1199, 0,
1200, 0,
1201, 0,
1202, 0,
1203, 0,
1204, 0,
1205, 0,
1206, 0,
1207, 0,
1208, 0,
1209, 0,
1210, 0,
1211, 0,
1212, 0,
1213, 0,
1214, 0,
1215, 0,
1216, 0,
1217, 0,
1218, 0,
1219, 0,
1220, 0,
1221, 0,
1222, 0,
1223, 0,
1224, 0,
1225, 0,
1226, 0,
1227, 0,
1228, 0,
1229, 0,
1230, 0,
1231, 0,
1232, 0,
1233, 0,
1234, 0,
1235, 0,
1236, 0,
1237, 0,
1238, 0,
1239, 0,
1240, 0,
1241, 0,
1242, 0,
1243, 0,
1244, 0,
1245, 0,
1246, 0,
1247, 0,
1248, 0,
1249, 0,
1250, 0,
1251, 0,
1252, 0,
1253, 0,
1254, 0,
1255, 0,
1256, 0,
1257, 0,
1258, 0,
1259, 0,
1260, 0,
1261, 0,
1262, 0,
1263, 0,
1264, 0,
1265, 0,
1266, 0,
1267, 0,
1268, 0,
1269, 0,
1270, 0,
1271, 0,
1272, 0,
1273, 0,
1274, 0,
1275, 0,
1276, 0,
1277, 0,
1278, 0,
1279, 0,
1280, 0,
1281, 0,
1282, 0,
1283, 0,
1284, 0,
1285, 0,
1286, 0,
1287, 0,
1288, 0,
1289, 0,
1290, 0,
1291, 0,
1292, 0,
1293, 0,
1294, 0,
1295, 0,
1296, 0,
1297, 0,
1298, 0,
1299, 0,
1300, 0,
1301, 0,
1302, 0,
1303, 0,
1304, 0,
1305, 0,
1306, 0,
1307, 0,
1308, 0,
1309, 0,
1310, 0,
1311, 0,
1312, 0,
1313, 0,
1314, 0,
1315, 0,
1316, 0,
1317, 0,
1318, 0,
1319, 0,
1320, 0,
1321, 0,
1322, 0,
1323, 0,
1324, 0,
1325, 0,
1326, 0,
1327, 0,
1328, 0,
1329, 0,
1330, 0,
1331, 0,
1332, 0,
1333, 0,
1334, 0,
1335, 0,
1336, 0,
1337, 0,
1338, 0,
1339, 0,
1340, 0,
1341, 0,
1342, 0,
1343, 0,
1344, 0,
1345, 0,
1346, 0,
1347, 0,
1348, 0,
1349, 0,
1350, 0,
1351, 0,
1352, 0,
1353, 0,
1354, 0,
1355, 0,
1356, 0,
1357, 0,
1358, 0,
1359, 0,
1360, 0,
1361, 0,
1362, 0,
1363, 0,
1364, 0,
1365, 0,
1366, 0,
1367, 0,
1368, 0,
1369, 0,
1370, 0,
1371, 0,
1372, 0,
1373, 0,
1374, 0,
1375, 0,
1376, 0,
1377, 0,
1378, 0,
1379, 0,
1380, 0,
1381, 0,
1382, 0,
1383, 0,
1384, 0,
1385, 0,
1386, 0,
1387, 0,
1388, 0,
1389, 0,
1390, 0,
1391, 0,
1392, 0,
1393, 0,
1394, 0,
1395, 0,
1396, 0,
1397, 0,
1398, 0,
1399, 0,
1400, 0,
1401, 0,
1402, 0,
1403, 0,
1404, 0,
1405, 0,
1406, 0,
1407, 0,
1408, 0,
1409, 0,
1410, 0,
1411, 0,
1412, 0,
1413, 0,
1414, 0,
1415, 0,
1416, 0,
1417, 0,
1418, 0,
1419, 0,
1420, 0,
1421, 0,
1422, 0,
1423, 0,
1424, 0,
1425, 0,
1426, 0,
1427, 0,
1428, 0,
1429, 0,
1430, 0,
1431, 0,
1432, 0,
1433, 0,
1434, 0,
1435, 0,
1436, 0,
1437, 0,
1438, 0,
1439, 0,
1440, 0,
1441, 0,
1442, 0,
1443, 0,
1444, 0,
1445, 0,
1446, 0,
1447, 0,
1448, 0,
1449, 0,
1450, 0,
1451, 0,
1452, 0,
1453, 0,
1454, 0,
1455, 0,
1456, 0,
1457, 0,
1458, 0,
1459, 0,
1460, 0,
1461, 0,
1462, 0,
1463, 0,
1464, 0,
1465, 0,
1466, 0,
1467, 0,
1468, 0,
1469, 0,
1470, 0,
1471, 0,
1472, 0,
1473, 0,
1474, 0,
1475, 0,
1476, 0,
1477, 0,
1478, 0,
1479, 0,
1480, 0,
1481, 0,
1482, 0,
1483, 0,
1484, 0,
1485, 0,
1486, 0,
1487, 0,
1488, 0,
1489, 0,
1490, 0,
1491, 0,
1492, 0,
1493, 0,
1494, 0,
1495, 0,
1496, 0,
1497, 0,
1498, 0,
1499, 0,
1500, 0,
1501, 0,
1502, 0,
1503, 0,
1504, 0,
1505, 0,
1506, 0,
1507, 0,
1508, 0,
1509, 0,
1510, 0,
1511, 0,
1512, 0,
1513, 0,
1514, 0,
1515, 0,
1516, 0,
1517, 0,
1518, 0,
1519, 0,
1520, 0,
1521, 0,
1522, 0,
1523, 0,
1524, 0,
1525, 0,
1526, 0,
1527, 0,
1528, 0,
1529, 0,
1530, 0,
1531, 0,
1532, 0,
1533, 0,
1534, 0,
1535, 0,
1536, 0,
1537, 0,
1538, 0,
1539, 0,
1540, 0,
1541, 0,
1542, 0,
1543, 0,
1544, 0,
1545, 0,
1546, 0,
1547, 0,
1548, 0,
1549, 0,
1550, 0,
1551, 0,
1552, 0,
1553, 0,
1554, 0,
1555, 0,
1556, 0,
1557, 0,
1558, 0,
1559, 0,
1560, 0,
1561, 0,
1562, 0,
1563, 0,
1564, 0,
1565, 0,
1566, 0,
1567, 0,
1568, 0,
1569, 0,
1570, 0,
1571, 0,
1572, 0,
1573, 0,
1574, 0,
1575, 0,
1576, 0,
1577, 0,
1578, 0,
1579, 0,
1580, 0,
1581, 0,
1582, 0,
1583, 0,
1584, 0,
1585, 0,
1586, 0,
1587, 0,
1588, 0,
1589, 0,
1590, 0,
1591, 0,
1592, 0,
1593, 0,
1594, 0,
1595, 0,
1596, 0,
1597, 0,
1598, 0,
1599, 0,
1600, 0,
1601, 0,
1602, 0,
1603, 0,
1604, 0,
1605, 0,
1606, 0,
1607, 0,
1608, 0,
1609, 0,
1610, 0,
1611, 0,
1612, 0,
1613, 0,
1614, 0,
1615, 0,
1616, 0,
1617, 0,
1618, 0,
1619, 0,
1620, 0,
1621, 0,
1622, 0,
1623, 0,
1624, 0,
1625, 0,
1626, 0,
1627, 0,
1628, 0,
1629, 0,
1630, 0,
1631, 0,
1632, 0,
1633, 0,
1634, 0,
1635, 0,
1636, 0,
1637, 0,
1638, 0,
1639, 0,
1640, 0,
1641, 0,
1642, 0,
1643, 0,
1644, 0,
1645, 0,
1646, 0,
1647, 0,
1648, 0,
1649, 0,
1650, 0,
1651, 0,
1652, 0,
1653, 0,
1654, 0,
1655, 0,
1656, 0,
1657, 0,
1658, 0,
1659, 0,
1660, 0,
1661, 0,
1662, 0,
1663, 0,
1664, 0,
1665, 0,
1666, 0,
1667, 0,
1668, 0,
1669, 0,
1670, 0,
1671, 0,
1672, 0,
1673, 0,
1674, 0,
1675, 0,
1676, 0,
1677, 0,
1678, 0,
1679, 0,
1680, 0,
1681, 0,
1682, 0,
1683, 0,
1684, 0,
1685, 0,
1686, 0,
1687, 0,
1688, 0,
1689, 0,
1690, 0,
1691, 0,
1692, 0,
1693, 0,
1694, 0,
1695, 0,
1696, 0,
1697, 0,
1698, 0,
1699, 0,
1700, 0,
1701, 0,
1702, 0,
1703, 0,
1704, 0,
1705, 0,
1706, 0,
1707, 0,
1708, 0,
1709, 0,
1710, 0,
1711, 0,
1712, 0,
1713, 0,
1714, 0,
1715, 0,
1716, 0,
1717, 0,
1718, 0,
1719, 0,
1720, 0,
1721, 0,
1722, 0,
1723, 0,
1724, 0,
1725, 0,
1726, 0,
1727, 0,
1728, 0,
1729, 0,
1730, 0,
1731, 0,
1732, 0,
1733, 0,
1734, 0,
1735, 0,
1736, 0,
1737, 0,
1738, 0,
1739, 0,
1740, 0,
1741, 0,
1742, 0,
1743, 0,
1744, 0,
1745, 0,
1746, 0,
1747, 0,
1748, 0,
1749, 0,
1750, 0,
1751, 0,
1752, 0,
1753, 0,
1754, 0,
1755, 0,
1756, 0,
1757, 0,
1758, 0,
1759, 0,
1760, 0,
1761, 0,
1762, 0,
1763, 0,
1764, 0,
1765, 0,
1766, 0,
1767, 0,
1768, 0,
1769, 0,
1770, 0,
1771, 0,
1772, 0,
1773, 0,
1774, 0,
1775, 0,
1776, 0,
1777, 0,
1778, 0,
1779, 0,
1780, 0,
1781, 0,
1782, 0,
1783, 0,
1784, 0,
1785, 0,
1786, 0,
1787, 0,
1788, 0,
1789, 0,
1790, 0,
1791, 0,
1792, 0,
1793, 0,
1794, 0,
1795, 0,
1796, 0,
1797, 0,
1798, 0,
1799, 0,
1800, 0,
1801, 0,
1802, 0,
1803, 0,
1804, 0,
1805, 0,
1806, 0,
1807, 0,
1808, 0,
1809, 0,
1810, 0,
1811, 0,
1812, 0,
1813, 0,
1814, 0,
1815, 0,
1816, 0,
1817, 0,
1818, 0,
1819, 0,
1820, 0,
1821, 0,
1822, 0,
1823, 0,
1824, 0,
1825, 0,
1826, 0,
1827, 0,
1828, 0,
1829, 0,
1830, 0,
1831, 0,
1832, 0,
1833, 0,
1834, 0,
1835, 0,
1836, 0,
1837, 0,
1838, 0,
1839, 0,
1840, 0,
1841, 0,
1842, 0,
1843, 0,
1844, 0,
1845, 0,
1846, 0,
1847, 0,
1848, 0,
1849, 0,
1850, 0,
1851, 0,
1852, 0,
1853, 0,
1854, 0,
1855, 0,
1856, 0,
1857, 0,
1858, 0,
1859, 0,
1860, 0,
1861, 0,
1862, 0,
1863, 0,
1864, 0,
1865, 0,
1866, 0,
1867, 0,
1868, 0,
1869, 0,
1870, 0,
1871, 0,
1872, 0,
1873, 0,
1874, 0,
1875, 0,
1876, 0,
1877, 0,
1878, 0,
1879, 0,
1880, 0,
1881, 0,
1882, 0,
1883, 0,
1884, 0,
1885, 0,
1886, 0,
1887, 0,
1888, 0,
1889, 0,
1890, 0,
1891, 0,
1892, 0,
1893, 0,
1894, 0,
1895, 0,
1896, 0,
1897, 0,
1898, 0,
1899, 0,
1900, 0,
1901, 0,
1902, 0,
1903, 0,
1904, 0,
1905, 0,
1906, 0,
1907, 0,
1908, 0,
1909, 0,
1910, 0,
1911, 0,
1912, 0,
1913, 0,
1914, 0,
1915, 0,
1916, 0,
1917, 0,
1918, 0,
1919, 0,
1920, 0,
1921, 0,
1922, 0,
1923, 0,
1924, 0,
1925, 0,
1926, 0,
1927, 0,
1928, 0,
1929, 0,
1930, 0,
1931, 0,
1932, 0,
1933, 0,
1934, 0,
1935, 0,
1936, 0,
1937, 0,
1938, 0,
1939, 0,
1940, 0,
1941, 0,
1942, 0,
1943, 0,
1944, 0,
1945, 0,
1946, 0,
1947, 0,
1948, 0,
1949, 0,
1950, 0,
1951, 0,
1952, 0,
1953, 0,
1954, 0,
1955, 0,
1956, 0,
1957, 0,
1958, 0,
1959, 0,
1960, 0,
1961, 0,
1962, 0,
1963, 0,
1964, 0,
1965, 0,
1966, 0,
1967, 0,
1968, 0,
1969, 0,
1970, 0,
1971, 0,
1972, 0,
1973, 0,
1974, 0,
1975, 0,
1976, 0,
1977, 0,
1978, 0,
1979, 0,
1980, 0,
1981, 0,
1982, 0,
1983, 0,
1984, 0,
1985, 0,
1986, 0,
1987, 0,
1988, 0,
1989, 0,
1990, 0,
1991, 0,
1992, 0,
1993, 0,
1994, 0,
1995, 0,
1996, 0,
1997, 0,
1998, 0,
1999, 0,
2000, 0,
2001, 0,
2002, 0,
2003, 0,
2004, 0,
2005, 0,
2006, 0,
2007, 0,
2008, 0,
2009, 0,
2010, 0,
2011, 0,
2012, 0,
2013, 0,
2014, 0,
2015, 0,
2016, 0,
2017, 0,
2018, 0,
2019, 0,
2020, 0,
2021, 0,
2022, 0,
2023, 0,
2024, 0,
2025, 0,
2026, 0,
2027, 0,
2028, 0,
2029, 0,
2030, 0,
2031, 0,
2032, 0,
2033, 0,
2034, 0,
2035, 0,
2036, 0,
2037, 0,
2038, 0,
2039, 0,
2040, 0,
2041, 0,
2042, 0,
2043, 0,
2044, 0,
2045, 0,
2046, 0,
2047, 0,
2048, 0,
2049, 0,
2050, 0,
2051, 0,
2052, 0,
2053, 0,
2054, 0,
2055, 0,
2056, 0,
2057, 0,
2058, 0,
2059, 0,
2060, 0,
2061, 0,
2062, 0,
2063, 0,
2064, 0,
2065, 0,
2066, 0,
2067, 0,
2068, 0,
2069, 0,
2070, 0,
2071, 0,
2072, 0,
2073, 0,
2074, 0,
2075, 0,
2076, 0,
2077, 0,
2078, 0,
2079, 0,
2080, 0,
2081, 0,
2082, 0,
2083, 0,
2084, 0,
2085, 0,
2086, 0,
2087, 0,
2088, 0,
2089, 0,
2090, 0,
2091, 0,
2092, 0,
2093, 0,
2094, 0,
2095, 0,
2096, 0,
2097, 0,
2098, 0,
2099, 0,
2100, 0,
2101, 0,
2102, 0,
2103, 0,
2104, 0,
2105, 0,
2106, 0,
2107, 0,
2108, 0,
2109, 0,
2110, 0,
2111, 0,
2112, 0,
2113, 0,
2114, 0,
2115, 0,
2116, 0,
2117, 0,
2118, 0,
2119, 0,
2120, 0,
2121, 0,
2122, 0,
2123, 0,
2124, 0,
2125, 0,
2126, 0,
2127, 0,
2128, 0,
2129, 0,
2130, 0,
2131, 0,
2132, 0,
2133, 0,
2134, 0,
2135, 0,
2136, 0,
2137, 0,
2138, 0,
2139, 0,
2140, 0,
2141, 0,
2142, 0,
2143, 0,
2144, 0,
2145, 0,
2146, 0,
2147, 0,
2148, 0,
2149, 0,
2150, 0,
2151, 0,
2152, 0,
2153, 0,
2154, 0,
2155, 0,
2156, 0,
2157, 0,
2158, 0,
2159, 0,
2160, 0,
2161, 0,
2162, 0,
2163, 0,
2164, 0,
2165, 0,
2166, 0,
2167, 0,
2168, 0,
2169, 0,
2170, 0,
2171, 0,
2172, 0,
2173, 0,
2174, 0,
2175, 0,
2176, 0,
2177, 0,
2178, 0,
2179, 0,
2180, 0,
2181, 0,
2182, 0,
2183, 0,
2184, 0,
2185, 0,
2186, 0,
2187, 0,
2188, 0,
2189, 0,
2190, 0,
2191, 0,
2192, 0,
2193, 0,
2194, 0,
2195, 0,
2196, 0,
2197, 0,
2198, 0,
2199, 0,
2200, 0,
2201, 0,
2202, 0,
2203, 0,
2204, 0,
2205, 0,
2206, 0,
2207, 0,
2208, 0,
2209, 0,
2210, 0,
2211, 0,
2212, 0,
2213, 0,
2214, 0,
2215, 0,
2216, 0,
2217, 0,
2218, 0,
2219, 0,
2220, 0,
2221, 0,
2222, 0,
2223, 0,
2224, 0,
2225, 0,
2226, 0,
2227, 0,
2228, 0,
2229, 0,
2230, 0,
2231, 0,
2232, 0,
2233, 0,
2234, 0,
2235, 0,
2236, 0,
2237, 0,
2238, 0,
2239, 0,
2240, 0,
2241, 0,
2242, 0,
2243, 0,
2244, 0,
2245, 0,
2246, 0,
2247, 0,
2248, 0,
2249, 0,
2250, 0,
2251, 0,
2252, 0,
2253, 0,
2254, 0,
2255, 0,
2256, 0,
2257, 0,
2258, 0,
2259, 0,
2260, 0,
2261, 0,
2262, 0,
2263, 0,
2264, 0,
2265, 0,
2266, 0,
2267, 0,
2268, 0,
2269, 0,
2270, 0,
2271, 0,
2272, 0,
2273, 0,
2274, 0,
2275, 0,
2276, 0,
2277, 0,
2278, 0,
2279, 0,
2280, 0,
2281, 0,
2282, 0,
2283, 0,
2284, 0,
2285, 0,
2286, 0,
2287, 0,
2288, 0,
2289, 0,
2290, 0,
2291, 0,
2292, 0,
2293, 0,
2294, 0,
2295, 0,
2296, 0,
2297, 0,
2298, 0,
2299, 0,
2300, 0,
2301, 0,
2302, 0,
2303, 0,
2304, 0,
2305, 0,
2306, 0,
2307, 0,
2308, 0,
2309, 0,
2310, 0,
2311, 0,
2312, 0,
2313, 0,
2314, 0,
2315, 0,
2316, 0,
2317, 0,
2318, 0,
2319, 0,
2320, 0,
2321, 0,
2322, 0,
2323, 0,
2324, 0,
2325, 0,
2326, 0,
2327, 0,
2328, 0,
2329, 0,
2330, 0,
2331, 0,
2332, 0,
2333, 0,
2334, 0,
2335, 0,
2336, 0,
2337, 0,
2338, 0,
2339, 0,
2340, 0,
2341, 0,
2342, 0,
2343, 0,
2344, 0,
2345, 0,
2346, 0,
2347, 0,
2348, 0,
2349, 0,
2350, 0,
2351, 0,
2352, 0,
2353, 0,
2354, 0,
2355, 0,
2356, 0,
2357, 0,
2358, 0,
2359, 0,
2360, 0,
2361, 0,
2362, 0,
2363, 0,
2364, 0,
2365, 0,
2366, 0,
2367, 0,
2368, 0,
2369, 0,
2370, 0,
2371, 0,
2372, 0,
2373, 0,
2374, 0,
2375, 0,
2376, 0,
2377, 0,
2378, 0,
2379, 0,
2380, 0,
2381, 0,
2382, 0,
2383, 0,
2384, 0,
2385, 0,
2386, 0,
2387, 0,
2388, 0,
2389, 0,
2390, 0,
2391, 0,
2392, 0,
2393, 0,
2394, 0,
2395, 0,
2396, 0,
2397, 0,
2398, 0,
2399, 0,
2400, 0,
2401, 0,
2402, 0,
2403, 0,
2404, 0,
2405, 0,
2406, 0,
2407, 0,
2408, 0,
2409, 0,
2410, 0,
2411, 0,
2412, 0,
2413, 0,
2414, 0,
2415, 0,
2416, 0,
2417, 0,
2418, 0,
2419, 0,
2420, 0,
2421, 0,
2422, 0,
2423, 0,
2424, 0,
2425, 0,
2426, 0,
2427, 0,
2428, 0,
2429, 0,
2430, 0,
2431, 0,
2432, 0,
2433, 0,
2434, 0,
2435, 0,
2436, 0,
2437, 0,
2438, 0,
2439, 0,
2440, 0,
2441, 0,
2442, 0,
2443, 0,
2444, 0,
2445, 0,
2446, 0,
2447, 0,
2448, 0,
2449, 0,
2450, 0,
2451, 0,
2452, 0,
2453, 0,
2454, 0,
2455, 0,
2456, 0,
2457, 0,
2458, 0,
2459, 0,
2460, 0,
2461, 0,
2462, 0,
2463, 0,
2464, 0,
2465, 0,
2466, 0,
2467, 0,
2468, 0,
2469, 0,
2470, 0,
2471, 0,
2472, 0,
2473, 0,
2474, 0,
2475, 0,
2476, 0,
2477, 0,
2478, 0,
2479, 0,
2480, 0,
2481, 0,
2482, 0,
2483, 0,
2484, 0,
2485, 0,
2486, 0,
2487, 0,
2488, 0,
2489, 0,
2490, 0,
2491, 0,
2492, 0,
2493, 0,
2494, 0,
2495, 0,
2496, 0,
2497, 0,
2498, 0,
2499, 0,
2500, 0,
2501, 0,
2502, 0,
2503, 0,
2504, 0,
2505, 0,
2506, 0,
2507, 0,
2508, 0,
2509, 0,
2510, 0,
2511, 0,
2512, 0,
2513, 0,
2514, 0,
2515, 0,
2516, 0,
2517, 0,
2518, 0,
2519, 0,
2520, 0,
2521, 0,
2522, 0,
2523, 0,
2524, 0,
2525, 0,
2526, 0,
2527, 0,
2528, 0,
2529, 0,
2530, 0,
2531, 0,
2532, 0,
2533, 0,
2534, 0,
2535, 0,
2536, 0,
2537, 0,
2538, 0,
2539, 0,
2540, 0,
2541, 0,
2542, 0,
2543, 0,
2544, 0,
2545, 0,
2546, 0,
2547, 0,
2548, 0,
2549, 0,
2550, 0,
2551, 0,
2552, 0,
2553, 0,
2554, 0,
2555, 0,
2556, 0,
2557, 0,
2558, 0,
2559, 0,
2560, 0,
2561, 0,
2562, 0,
2563, 0,
2564, 0,
2565, 0,
2566, 0,
2567, 0,
2568, 0,
2569, 0,
2570, 0,
2571, 0,
2572, 0,
2573, 0,
2574, 0,
2575, 0,
2576, 0,
2577, 0,
2578, 0,
2579, 0,
2580, 0,
2581, 0,
2582, 0,
2583, 0,
2584, 0,
2585, 0,
2586, 0,
2587, 0,
2588, 0,
2589, 0,
2590, 0,
2591, 0,
2592, 0,
2593, 0,
2594, 0,
2595, 0,
2596, 0,
2597, 0,
2598, 0,
2599, 0,
2600, 0,
2601, 0,
2602, 0,
2603, 0,
2604, 0,
2605, 0,
2606, 0,
2607, 0,
2608, 0,
2609, 0,
2610, 0,
2611, 0,
2612, 0,
2613, 0,
2614, 0,
2615, 0,
2616, 0,
2617, 0,
2618, 0,
2619, 0,
2620, 0,
2621, 0,
2622, 0,
2623, 0,
2624, 0,
2625, 0,
2626, 0,
2627, 0,
2628, 0,
2629, 0,
2630, 0,
2631, 0,
2632, 0,
2633, 0,
2634, 0,
2635, 0,
2636, 0,
2637, 0,
2638, 0,
2639, 0,
2640, 0,
2641, 0,
2642, 0,
2643, 0,
2644, 0,
2645, 0,
2646, 0,
2647, 0,
2648, 0,
2649, 0,
2650, 0,
2651, 0,
2652, 0,
2653, 0,
2654, 0,
2655, 0,
2656, 0,
2657, 0,
2658, 0,
2659, 0,
2660, 0,
2661, 0,
2662, 0,
2663, 0,
2664, 0,
2665, 0,
2666, 0,
2667, 0,
2668, 0,
2669, 0,
2670, 0,
2671, 0,
2672, 0,
2673, 0,
2674, 0,
2675, 0,
2676, 0,
2677, 0,
2678, 0,
2679, 0,
2680, 0,
2681, 0,
2682, 0,
2683, 0,
2684, 0,
2685, 0,
2686, 0,
2687, 0,
2688, 0,
2689, 0,
2690, 0,
2691, 0,
2692, 0,
2693, 0,
2694, 0,
2695, 0,
2696, 0,
2697, 0,
2698, 0,
2699, 0,
2700, 0,
2701, 0,
2702, 0,
2703, 0,
2704, 0,
2705, 0,
2706, 0,
2707, 0,
2708, 0,
2709, 0,
2710, 0,
2711, 0,
2712, 0,
2713, 0,
2714, 0,
2715, 0,
2716, 0,
2717, 0,
2718, 0,
2719, 0,
2720, 0,
2721, 0,
2722, 0,
2723, 0,
2724, 0,
2725, 0,
2726, 0,
2727, 0,
2728, 0,
2729, 0,
2730, 0,
2731, 0,
2732, 0,
2733, 0,
2734, 0,
2735, 0,
2736, 0,
2737, 0,
2738, 0,
2739, 0,
2740, 0,
2741, 0,
2742, 0,
2743, 0,
2744, 0,
2745, 0,
2746, 0,
2747, 0,
2748, 0,
2749, 0,
2750, 0,
2751, 0,
2752, 0,
2753, 0,
2754, 0,
2755, 0,
2756, 0,
2757, 0,
2758, 0,
2759, 0,
2760, 0,
2761, 0,
2762, 0,
2763, 0,
2764, 0,
2765, 0,
2766, 0,
2767, 0,
2768, 0,
2769, 0,
2770, 0,
2771, 0,
2772, 0,
2773, 0,
2774, 0,
2775, 0,
2776, 0,
2777, 0,
2778, 0,
2779, 0,
2780, 0,
2781, 0,
2782, 0,
2783, 0,
2784, 0,
2785, 0,
2786, 0,
2787, 0,
2788, 0,
2789, 0,
2790, 0,
2791, 0,
2792, 0,
2793, 0,
2794, 0,
2795, 0,
2796, 0,
2797, 0,
2798, 0,
2799, 0,
2800, 0,
2801, 0,
2802, 0,
2803, 0,
2804, 0,
