-2805, 0,
-2804, 0,
-2803, 0,
-2802, 0,
-2801, 0,
-2800, 0,
-2799, 0,
-2798, 0,
-2797, 0,
-2796, 0,
-2795, 0,
-2794, 0,
-2793, 0,
-2792, 0,
-2791, 0,
-2790, 0,
-2789, 0,
-2788, 0,
-2787, 0,
-2786, 0,
-2785, 0,
-2784, 0,
-2783, 0,
-2782, 0,
-2781, 0,
-2780, 0,
-2779, 0,
-2778, 0,
-2777, 0,
-2776, 0,
-2775, 0,
-2774, 0,
-2773, 0,
-2772, 0,
-2771, 0,
-2770, 0,
-2769, 0,
-2768, 0,
-2767, 0,
-2766, 0,
-2765, 0,
-2764, 0,
-2763, 0,
-2762, 0,
-2761, 0,
-2760, 0,
-2759, 0,
-2758, 0,
-2757, 0,
-2756, 0,
-2755, 0,
-2754, 0,
-2753, 0,
-2752, 0,
-2751, 0,
-2750, 0,
-2749, 0,
-2748, 0,
-2747, 0,
-2746, 0,
-2745, 0,
-2744, 0,
-2743, 0,
-2742, 0,
-2741, 0,
-2740, 0,
-2739, 0,
-2738, 0,
-2737, 0,
-2736, 0,
-2735, 0,
-2734, 0,
-2733, 0,
-2732, 0,
-2731, 0,
-2730, 0,
-2729, 0,
-2728, 0,
-2727, 0,
-2726, 0,
-2725, 0,
-2724, 0,
-2723, 0,
-2722, 0,
-2721, 0,
-2720, 0,
-2719, 0,
-2718, 0,
-2717, 0,
-2716, 0,
-2715, 0,
-2714, 0,
-2713, 0,
-2712, 0,
-2711, 0,
-2710, 0,
-2709, 0,
-2708, 0,
-2707, 0,
-2706, 0,
-2705, 0,
-2704, 0,
-2703, 0,
-2702, 0,
-2701, 0,
-2700, 0,
-2699, 0,
-2698, 0,
-2697, 0,
-2696, 0,
-2695, 0,
-2694, 0,
-2693, 0,
-2692, 0,
-2691, 0,
-2690, 0,
-2689, 0,
-2688, 0,
-2687, 0,
-2686, 0,
-2685, 0,
-2684, 0,
-2683, 0,
-2682, 0,
-2681, 0,
-2680, 0,
-2679, 0,
-2678, 0,
-2677, 0,
-2676, 0,
-2675, 0,
-2674, 0,
-2673, 0,
-2672, 0,
-2671, 0,
-2670, 0,
-2669, 0,
-2668, 0,
-2667, 0,
-2666, 0,
-2665, 0,
-2664, 0,
-2663, 0,
-2662, 0,
-2661, 0,
-2660, 0,
-2659, 0,
-2658, 0,
-2657, 0,
-2656, 0,
-2655, 0,
-2654, 0,
-2653, 0,
-2652, 0,
-2651, 0,
-2650, 0,
-2649, 0,
-2648, 0,
-2647, 0,
-2646, 0,
-2645, 0,
-2644, 0,
-2643, 0,
-2642, 0,
-2641, 0,
-2640, 0,
-2639, 0,
-2638, 0,
-2637, 0,
-2636, 0,
-2635, 0,
-2634, 0,
-2633, 0,
-2632, 0,
-2631, 0,
-2630, 0,
-2629, 0,
-2628, 0,
-2627, 0,
-2626, 0,
-2625, 0,
-2624, 0,
-2623, 0,
-2622, 0,
-2621, 0,
-2620, 0,
-2619, 0,
-2618, 0,
-2617, 0,
-2616, 0,
-2615, 0,
-2614, 0,
-2613, 0,
-2612, 0,
-2611, 0,
-2610, 0,
-2609, 0,
-2608, 0,
-2607, 0,
-2606, 0,
-2605, 0,
-2604, 0,
-2603, 0,
-2602, 0,
-2601, 0,
-2600, 0,
-2599, 0,
-2598, 0,
-2597, 0,
-2596, 0,
-2595, 0,
-2594, 0,
-2593, 0,
-2592, 0,
-2591, 0,
-2590, 0,
-2589, 0,
-2588, 0,
-2587, 0,
-2586, 0,
-2585, 0,
-2584, 0,
-2583, 0,
-2582, 0,
-2581, 0,
-2580, 0,
-2579, 0,
-2578, 0,
-2577, 0,
-2576, 0,
-2575, 0,
-2574, 0,
-2573, 0,
-2572, 0,
-2571, 0,
-2570, 0,
-2569, 0,
-2568, 0,
-2567, 0,
-2566, 0,
-2565, 0,
-2564, 0,
-2563, 0,
-2562, 0,
-2561, 0,
-2560, 0,
-2559, 0,
-2558, 0,
-2557, 0,
-2556, 0,
-2555, 0,
-2554, 0,
-2553, 0,
-2552, 0,
-2551, 0,
-2550, 0,
-2549, 0,
-2548, 0,
-2547, 0,
-2546, 0,
-2545, 0,
-2544, 0,
-2543, 0,
-2542, 0,
-2541, 0,
-2540, 0,
-2539, 0,
-2538, 0,
-2537, 0,
-2536, 0,
-2535, 0,
-2534, 0,
-2533, 0,
-2532, 0,
-2531, 0,
-2530, 0,
-2529, 0,
-2528, 0,
-2527, 0,
-2526, 0,
-2525, 0,
-2524, 0,
-2523, 0,
-2522, 0,
-2521, 0,
-2520, 0,
-2519, 0,
-2518, 0,
-2517, 0,
-2516, 0,
-2515, 0,
-2514, 0,
-2513, 0,
-2512, 0,
-2511, 0,
-2510, 0,
-2509, 0,
-2508, 0,
-2507, 0,
-2506, 0,
-2505, 0,
-2504, 0,
-2503, 0,
-2502, 0,
-2501, 0,
-2500, 0,
-2499, 0,
-2498, 0,
-2497, 0,
-2496, 0,
-2495, 0,
-2494, 0,
-2493, 0,
-2492, 0,
-2491, 0,
-2490, 0,
-2489, 0,
-2488, 0,
-2487, 0,
-2486, 0,
-2485, 0,
-2484, 0,
-2483, 0,
-2482, 0,
-2481, 0,
-2480, 0,
-2479, 0,
-2478, 0,
-2477, 0,
-2476, 0,
-2475, 0,
-2474, 0,
-2473, 0,
-2472, 0,
-2471, 0,
-2470, 0,
-2469, 0,
-2468, 0,
-2467, 0,
-2466, 0,
-2465, 0,
-2464, 0,
-2463, 0,
-2462, 0,
-2461, 0,
-2460, 0,
-2459, 0,
-2458, 0,
-2457, 0,
-2456, 0,
-2455, 0,
-2454, 0,
-2453, 0,
-2452, 0,
-2451, 0,
-2450, 0,
-2449, 0,
-2448, 0,
-2447, 0,
-2446, 0,
-2445, 0,
-2444, 0,
-2443, 0,
-2442, 0,
-2441, 0,
-2440, 0,
-2439, 0,
-2438, 0,
-2437, 0,
-2436, 0,
-2435, 0,
-2434, 0,
-2433, 0,
-2432, 0,
-2431, 0,
-2430, 0,
-2429, 0,
-2428, 0,
-2427, 0,
-2426, 0,
-2425, 0,
-2424, 0,
-2423, 0,
-2422, 0,
-2421, 0,
-2420, 0,
-2419, 0,
-2418, 0,
-2417, 0,
-2416, 0,
-2415, 0,
-2414, 0,
-2413, 0,
-2412, 0,
-2411, 0,
-2410, 0,
-2409, 0,
-2408, 0,
-2407, 0,
-2406, 0,
-2405, 0,
-2404, 0,
-2403, 0,
-2402, 0,
-2401, 0,
-2400, 0,
-2399, 0,
-2398, 0,
-2397, 0,
-2396, 0,
-2395, 0,
-2394, 0,
-2393, 0,
-2392, 0,
-2391, 0,
-2390, 0,
-2389, 0,
-2388, 0,
-2387, 0,
-2386, 0,
-2385, 0,
-2384, 0,
-2383, 0,
-2382, 0,
-2381, 0,
-2380, 0,
-2379, 0,
-2378, 0,
-2377, 0,
-2376, 0,
-2375, 0,
-2374, 0,
-2373, 0,
-2372, 0,
-2371, 0,
-2370, 0,
-2369, 0,
-2368, 0,
-2367, 0,
-2366, 0,
-2365, 0,
-2364, 0,
-2363, 0,
-2362, 0,
-2361, 0,
-2360, 0,
-2359, 0,
-2358, 0,
-2357, 0,
-2356, 0,
-2355, 0,
-2354, 0,
-2353, 0,
-2352, 0,
-2351, 0,
-2350, 0,
-2349, 0,
-2348, 0,
-2347, 0,
-2346, 0,
-2345, 0,
-2344, 0,
-2343, 0,
-2342, 0,
-2341, 0,
-2340, 0,
-2339, 0,
-2338, 0,
-2337, 0,
-2336, 0,
-2335, 0,
-2334, 0,
-2333, 0,
-2332, 0,
-2331, 0,
-2330, 0,
-2329, 0,
-2328, 0,
-2327, 0,
-2326, 0,
-2325, 0,
-2324, 0,
-2323, 0,
-2322, 0,
-2321, 0,
-2320, 0,
-2319, 0,
-2318, 0,
-2317, 0,
-2316, 0,
-2315, 0,
-2314, 0,
-2313, 0,
-2312, 0,
-2311, 0,
-2310, 0,
-2309, 0,
-2308, 0,
-2307, 0,
-2306, 0,
-2305, 0,
-2304, 0,
-2303, 0,
-2302, 0,
-2301, 0,
-2300, 0,
-2299, 0,
-2298, 0,
-2297, 0,
-2296, 0,
-2295, 0,
-2294, 0,
-2293, 0,
-2292, 0,
-2291, 0,
-2290, 0,
-2289, 0,
-2288, 0,
-2287, 0,
-2286, 0,
-2285, 0,
-2284, 0,
-2283, 0,
-2282, 0,
-2281, 0,
-2280, 0,
-2279, 0,
-2278, 0,
-2277, 0,
-2276, 0,
-2275, 0,
-2274, 0,
-2273, 0,
-2272, 0,
-2271, 0,
-2270, 0,
-2269, 0,
-2268, 0,
-2267, 0,
-2266, 0,
-2265, 0,
-2264, 0,
-2263, 0,
-2262, 0,
-2261, 0,
-2260, 0,
-2259, 0,
-2258, 0,
-2257, 0,
-2256, 0,
-2255, 0,
-2254, 0,
-2253, 0,
-2252, 0,
-2251, 0,
-2250, 0,
-2249, 0,
-2248, 0,
-2247, 0,
-2246, 0,
-2245, 0,
-2244, 0,
-2243, 0,
-2242, 0,
-2241, 0,
-2240, 0,
-2239, 0,
-2238, 0,
-2237, 0,
-2236, 0,
-2235, 0,
-2234, 0,
-2233, 0,
-2232, 0,
-2231, 0,
-2230, 0,
-2229, 0,
-2228, 0,
-2227, 0,
-2226, 0,
-2225, 0,
-2224, 0,
-2223, 0,
-2222, 0,
-2221, 0,
-2220, 0,
-2219, 0,
-2218, 0,
-2217, 0,
-2216, 0,
-2215, 0,
-2214, 0,
-2213, 0,
-2212, 0,
-2211, 0,
-2210, 0,
-2209, 0,
-2208, 0,
-2207, 0,
-2206, 0,
-2205, 0,
-2204, 0,
-2203, 0,
-2202, 0,
-2201, 0,
-2200, 0,
-2199, 0,
-2198, 0,
-2197, 0,
-2196, 0,
-2195, 0,
-2194, 0,
-2193, 0,
-2192, 0,
-2191, 0,
-2190, 0,
-2189, 0,
-2188, 0,
-2187, 0,
-2186, 0,
-2185, 0,
-2184, 0,
-2183, 0,
-2182, 0,
-2181, 0,
-2180, 0,
-2179, 0,
-2178, 0,
-2177, 0,
-2176, 0,
-2175, 0,
-2174, 0,
-2173, 0,
-2172, 0,
-2171, 0,
-2170, 0,
-2169, 0,
-2168, 0,
-2167, 0,
-2166, 0,
-2165, 0,
-2164, 0,
-2163, 0,
-2162, 0,
-2161, 0,
-2160, 0,
-2159, 0,
-2158, 0,
-2157, 0,
-2156, 0,
-2155, 0,
-2154, 0,
-2153, 0,
-2152, 0,
-2151, 0,
-2150, 0,
-2149, 0,
-2148, 0,
-2147, 0,
-2146, 0,
-2145, 0,
-2144, 0,
-2143, 0,
-2142, 0,
-2141, 0,
-2140, 0,
-2139, 0,
-2138, 0,
-2137, 0,
-2136, 0,
-2135, 0,
-2134, 0,
-2133, 0,
-2132, 0,
-2131, 0,
-2130, 0,
-2129, 0,
-2128, 0,
-2127, 0,
-2126, 0,
-2125, 0,
-2124, 0,
-2123, 0,
-2122, 0,
-2121, 0,
-2120, 0,
-2119, 0,
-2118, 0,
-2117, 0,
-2116, 0,
-2115, 0,
-2114, 0,
-2113, 0,
-2112, 0,
-2111, 0,
-2110, 0,
-2109, 0,
-2108, 0,
-2107, 0,
-2106, 0,
-2105, 0,
-2104, 0,
-2103, 0,
-2102, 0,
-2101, 0,
-2100, 0,
-2099, 0,
-2098, 0,
-2097, 0,
-2096, 0,
-2095, 0,
-2094, 0,
-2093, 0,
-2092, 0,
-2091, 0,
-2090, 0,
-2089, 0,
-2088, 0,
-2087, 0,
-2086, 0,
-2085, 0,
-2084, 0,
-2083, 0,
-2082, 0,
-2081, 0,
-2080, 0,
-2079, 0,
-2078, 0,
-2077, 0,
-2076, 0,
-2075, 0,
-2074, 0,
-2073, 0,
-2072, 0,
-2071, 0,
-2070, 0,
-2069, 0,
-2068, 0,
-2067, 0,
-2066, 0,
-2065, 0,
-2064, 0,
-2063, 0,
-2062, 0,
-2061, 0,
-2060, 0,
-2059, 0,
-2058, 0,
-2057, 0,
-2056, 0,
-2055, 0,
-2054, 0,
-2053, 0,
-2052, 0,
-2051, 0,
-2050, 0,
-2049, 0,
-2048, 0,
-2047, 0,
-2046, 0,
-2045, 0,
-2044, 0,
-2043, 0,
-2042, 0,
-2041, 0,
-2040, 0,
-2039, 0,
-2038, 0,
-2037, 0,
-2036, 0,
-2035, 0,
-2034, 0,
-2033, 0,
-2032, 0,
-2031, 0,
-2030, 0,
-2029, 0,
-2028, 0,
-2027, 0,
-2026, 0,
-2025, 0,
-2024, 0,
-2023, 0,
-2022, 0,
-2021, 0,
-2020, 0,
-2019, 0,
-2018, 0,
-2017, 0,
-2016, 0,
-2015, 0,
-2014, 0,
-2013, 0,
-2012, 0,
-2011, 0,
-2010, 0,
-2009, 0,
-2008, 0,
-2007, 0,
-2006, 0,
-2005, 0,
-2004, 0,
-2003, 0,
-2002, 0,
-2001, 0,
-2000, 0,
-1999, 0,
-1998, 0,
-1997, 0,
-1996, 0,
-1995, 0,
-1994, 0,
-1993, 0,
-1992, 0,
-1991, 0,
-1990, 0,
-1989, 0,
-1988, 0,
-1987, 0,
-1986, 0,
-1985, 0,
-1984, 0,
-1983, 0,
-1982, 0,
-1981, 0,
-1980, 0,
-1979, 0,
-1978, 0,
-1977, 0,
-1976, 0,
-1975, 0,
-1974, 0,
-1973, 0,
-1972, 0,
-1971, 0,
-1970, 0,
-1969, 0,
-1968, 0,
-1967, 0,
-1966, 0,
-1965, 0,
-1964, 0,
-1963, 0,
-1962, 0,
-1961, 0,
-1960, 0,
-1959, 0,
-1958, 0,
-1957, 0,
-1956, 0,
-1955, 0,
-1954, 0,
-1953, 0,
-1952, 0,
-1951, 0,
-1950, 0,
-1949, 0,
-1948, 0,
-1947, 0,
-1946, 0,
-1945, 0,
-1944, 0,
-1943, 0,
-1942, 0,
-1941, 0,
-1940, 0,
-1939, 0,
-1938, 0,
-1937, 0,
-1936, 0,
-1935, 0,
-1934, 0,
-1933, 0,
-1932, 0,
-1931, 0,
-1930, 0,
-1929, 0,
-1928, 0,
-1927, 0,
-1926, 0,
-1925, 0,
-1924, 0,
-1923, 0,
-1922, 0,
-1921, 0,
-1920, 0,
-1919, 0,
-1918, 0,
-1917, 0,
-1916, 0,
-1915, 0,
-1914, 0,
-1913, 0,
-1912, 0,
-1911, 0,
-1910, 0,
-1909, 0,
-1908, 0,
-1907, 0,
-1906, 0,
-1905, 0,
-1904, 0,
-1903, 0,
-1902, 0,
-1901, 0,
-1900, 0,
-1899, 0,
-1898, 0,
-1897, 0,
-1896, 0,
-1895, 0,
-1894, 0,
-1893, 0,
-1892, 0,
-1891, 0,
-1890, 0,
-1889, 0,
-1888, 0,
-1887, 0,
-1886, 0,
-1885, 0,
-1884, 0,
-1883, 0,
-1882, 0,
-1881, 0,
-1880, 0,
-1879, 0,
-1878, 0,
-1877, 0,
-1876, 0,
-1875, 0,
-1874, 0,
-1873, 0,
-1872, 0,
-1871, 0,
-1870, 0,
-1869, 0,
-1868, 0,
-1867, 0,
-1866, 0,
-1865, 0,
-1864, 0,
-1863, 0,
-1862, 0,
-1861, 0,
-1860, 0,
-1859, 0,
-1858, 0,
-1857, 0,
-1856, 0,
-1855, 0,
-1854, 0,
-1853, 0,
-1852, 0,
-1851, 0,
-1850, 0,
-1849, 0,
-1848, 0,
-1847, 0,
-1846, 0,
-1845, 0,
-1844, 0,
-1843, 0,
-1842, 0,
-1841, 0,
-1840, 0,
-1839, 0,
-1838, 0,
-1837, 0,
-1836, 0,
-1835, 0,
-1834, 0,
-1833, 0,
-1832, 0,
-1831, 0,
-1830, 0,
-1829, 0,
-1828, 0,
-1827, 0,
-1826, 0,
-1825, 0,
-1824, 0,
-1823, 0,
-1822, 0,
-1821, 0,
-1820, 0,
-1819, 0,
-1818, 0,
-1817, 0,
-1816, 0,
-1815, 0,
-1814, 0,
-1813, 0,
-1812, 0,
-1811, 0,
-1810, 0,
-1809, 0,
-1808, 0,
-1807, 0,
-1806, 0,
-1805, 0,
-1804, 0,
-1803, 0,
-1802, 0,
-1801, 0,
-1800, 0,
-1799, 0,
-1798, 0,
-1797, 0,
-1796, 0,
-1795, 0,
-1794, 0,
-1793, 0,
-1792, 0,
-1791, 0,
-1790, 0,
-1789, 0,
-1788, 0,
-1787, 0,
-1786, 0,
-1785, 0,
-1784, 0,
-1783, 0,
-1782, 0,
-1781, 0,
-1780, 0,
-1779, 0,
-1778, 0,
-1777, 0,
-1776, 0,
-1775, 0,
-1774, 0,
-1773, 0,
-1772, 0,
-1771, 0,
-1770, 0,
-1769, 0,
-1768, 0,
-1767, 0,
-1766, 0,
-1765, 0,
-1764, 0,
-1763, 0,
-1762, 0,
-1761, 0,
-1760, 0,
-1759, 0,
-1758, 0,
-1757, 0,
-1756, 0,
-1755, 0,
-1754, 0,
-1753, 0,
-1752, 0,
-1751, 0,
-1750, 0,
-1749, 0,
-1748, 0,
-1747, 0,
-1746, 0,
-1745, 0,
-1744, 0,
-1743, 0,
-1742, 0,
-1741, 0,
-1740, 0,
-1739, 0,
-1738, 0,
-1737, 0,
-1736, 0,
-1735, 0,
-1734, 0,
-1733, 0,
-1732, 0,
-1731, 0,
-1730, 0,
-1729, 0,
-1728, 0,
-1727, 0,
-1726, 0,
-1725, 0,
-1724, 0,
-1723, 0,
-1722, 0,
-1721, 0,
-1720, 0,
-1719, 0,
-1718, 0,
-1717, 0,
-1716, 0,
-1715, 0,
-1714, 0,
-1713, 0,
-1712, 0,
-1711, 0,
-1710, 0,
-1709, 0,
-1708, 0,
-1707, 0,
-1706, 0,
-1705, 0,
-1704, 0,
-1703, 0,
-1702, 0,
-1701, 0,
-1700, 0,
-1699, 0,
-1698, 0,
-1697, 0,
-1696, 0,
-1695, 0,
-1694, 0,
-1693, 0,
-1692, 0,
-1691, 0,
-1690, 0,
-1689, 0,
-1688, 0,
-1687, 0,
-1686, 0,
-1685, 0,
-1684, 0,
-1683, 0,
-1682, 0,
-1681, 0,
-1680, 0,
-1679, 0,
-1678, 0,
-1677, 0,
-1676, 0,
-1675, 0,
-1674, 0,
-1673, 0,
-1672, 0,
-1671, 0,
-1670, 0,
-1669, 0,
-1668, 0,
-1667, 0,
-1666, 0,
-1665, 0,
-1664, 0,
-1663, 0,
-1662, 0,
-1661, 0,
-1660, 0,
-1659, 0,
-1658, 0,
-1657, 0,
-1656, 0,
-1655, 0,
-1654, 0,
-1653, 0,
-1652, 0,
-1651, 0,
-1650, 0,
-1649, 0,
-1648, 0,
-1647, 0,
-1646, 0,
-1645, 0,
-1644, 0,
-1643, 0,
-1642, 0,
-1641, 0,
-1640, 0,
-1639, 0,
-1638, 0,
-1637, 0,
-1636, 0,
-1635, 0,
-1634, 0,
-1633, 0,
-1632, 0,
-1631, 0,
-1630, 0,
-1629, 0,
-1628, 0,
-1627, 0,
-1626, 0,
-1625, 0,
-1624, 0,
-1623, 0,
-1622, 0,
-1621, 0,
-1620, 0,
-1619, 0,
-1618, 0,
-1617, 0,
-1616, 0,
-1615, 0,
-1614, 0,
-1613, 0,
-1612, 0,
-1611, 0,
-1610, 0,
-1609, 0,
-1608, 0,
-1607, 0,
-1606, 0,
-1605, 0,
-1604, 0,
-1603, 0,
-1602, 0,
-1601, 0,
-1600, 0,
-1599, 0,
-1598, 0,
-1597, 0,
-1596, 0,
-1595, 0,
-1594, 0,
-1593, 0,
-1592, 0,
-1591, 0,
-1590, 0,
-1589, 0,
-1588, 0,
-1587, 0,
-1586, 0,
-1585, 0,
-1584, 0,
-1583, 0,
-1582, 0,
-1581, 0,
-1580, 0,
-1579, 0,
-1578, 0,
-1577, 0,
-1576, 0,
-1575, 0,
-1574, 0,
-1573, 0,
-1572, 0,
-1571, 0,
-1570, 0,
-1569, 0,
-1568, 0,
-1567, 0,
-1566, 0,
-1565, 0,
-1564, 0,
-1563, 0,
-1562, 0,
-1561, 0,
-1560, 0,
-1559, 0,
-1558, 0,
-1557, 0,
-1556, 0,
-1555, 0,
-1554, 0,
-1553, 0,
-1552, 0,
-1551, 0,
-1550, 0,
-1549, 0,
-1548, 0,
-1547, 0,
-1546, 0,
-1545, 0,
-1544, 0,
-1543, 0,
-1542, 0,
-1541, 0,
-1540, 0,
-1539, 0,
-1538, 0,
-1537, 0,
-1536, 0,
-1535, 0,
-1534, 0,
-1533, 0,
-1532, 0,
-1531, 0,
-1530, 0,
-1529, 0,
-1528, 0,
-1527, 0,
-1526, 0,
-1525, 0,
-1524, 0,
-1523, 0,
-1522, 0,
-1521, 0,
-1520, 0,
-1519, 0,
-1518, 0,
-1517, 0,
-1516, 0,
-1515, 0,
-1514, 0,
-1513, 0,
-1512, 0,
-1511, 0,
-1510, 0,
-1509, 0,
-1508, 0,
-1507, 0,
-1506, 0,
-1505, 0,
-1504, 0,
-1503, 0,
-1502, 0,
-1501, 0,
-1500, 0,
-1499, 0,
-1498, 0,
-1497, 0,
-1496, 0,
-1495, 0,
-1494, 0,
-1493, 0,
-1492, 0,
-1491, 0,
-1490, 0,
-1489, 0,
-1488, 0,
-1487, 0,
-1486, 0,
-1485, 0,
-1484, 0,
-1483, 0,
-1482, 0,
-1481, 0,
-1480, 0,
-1479, 0,
-1478, 0,
-1477, 0,
-1476, 0,
-1475, 0,
-1474, 0,
-1473, 0,
-1472, 0,
-1471, 0,
-1470, 0,
-1469, 0,
-1468, 0,
-1467, 0,
-1466, 0,
-1465, 0,
-1464, 0,
-1463, 0,
-1462, 0,
-1461, 0,
-1460, 0,
-1459, 0,
-1458, 0,
-1457, 0,
-1456, 0,
-1455, 0,
-1454, 0,
-1453, 0,
-1452, 0,
-1451, 0,
-1450, 0,
-1449, 0,
-1448, 0,
-1447, 0,
-1446, 0,
-1445, 0,
-1444, 0,
-1443, 0,
-1442, 0,
-1441, 0,
-1440, 0,
-1439, 0,
-1438, 0,
-1437, 0,
-1436, 0,
-1435, 0,
-1434, 0,
-1433, 0,
-1432, 0,
-1431, 0,
-1430, 0,
-1429, 0,
-1428, 0,
-1427, 0,
-1426, 0,
-1425, 0,
-1424, 0,
-1423, 0,
-1422, 0,
-1421, 0,
-1420, 0,
-1419, 0,
-1418, 0,
-1417, 0,
-1416, 0,
-1415, 0,
-1414, 0,
-1413, 0,
-1412, 0,
-1411, 0,
-1410, 0,
-1409, 0,
-1408, 0,
-1407, 0,
-1406, 0,
-1405, 0,
-1404, 0,
-1403, 0,
-1402, 0,
-1401, 0,
-1400, 0,
-1399, 0,
-1398, 0,
-1397, 0,
-1396, 0,
-1395, 0,
-1394, 0,
-1393, 0,
-1392, 0,
-1391, 0,
-1390, 0,
-1389, 0,
-1388, 0,
-1387, 0,
-1386, 0,
-1385, 0,
-1384, 0,
-1383, 0,
-1382, 0,
-1381, 0,
-1380, 0,
-1379, 0,
-1378, 0,
-1377, 0,
-1376, 0,
-1375, 0,
-1374, 0,
-1373, 0,
-1372, 0,
-1371, 0,
-1370, 0,
-1369, 0,
-1368, 0,
-1367, 0,
-1366, 0,
-1365, 0,
-1364, 0,
-1363, 0,
-1362, 0,
-1361, 0,
-1360, 0,
-1359, 0,
-1358, 0,
-1357, 0,
-1356, 0,
-1355, 0,
-1354, 0,
-1353, 0,
-1352, 0,
-1351, 0,
-1350, 0,
-1349, 0,
-1348, 0,
-1347, 0,
-1346, 0,
-1345, 0,
-1344, 0,
-1343, 0,
-1342, 0,
-1341, 0,
-1340, 0,
-1339, 0,
-1338, 0,
-1337, 0,
-1336, 0,
-1335, 0,
-1334, 0,
-1333, 0,
-1332, 0,
-1331, 0,
-1330, 0,
-1329, 0,
-1328, 0,
-1327, 0,
-1326, 0,
-1325, 0,
-1324, 0,
-1323, 0,
-1322, 0,
-1321, 0,
-1320, 0,
-1319, 0,
-1318, 0,
-1317, 0,
-1316, 0,
-1315, 0,
-1314, 0,
-1313, 0,
-1312, 0,
-1311, 0,
-1310, 0,
-1309, 0,
-1308, 0,
-1307, 0,
-1306, 0,
-1305, 0,
-1304, 0,
-1303, 0,
-1302, 0,
-1301, 0,
-1300, 0,
-1299, 0,
-1298, 0,
-1297, 0,
-1296, 0,
-1295, 0,
-1294, 0,
-1293, 0,
-1292, 0,
-1291, 0,
-1290, 0,
-1289, 0,
-1288, 0,
-1287, 0,
-1286, 0,
-1285, 0,
-1284, 0,
-1283, 0,
-1282, 0,
-1281, 0,
-1280, 0,
-1279, 0,
-1278, 0,
-1277, 0,
-1276, 0,
-1275, 0,
-1274, 0,
-1273, 0,
-1272, 0,
-1271, 0,
-1270, 0,
-1269, 0,
-1268, 0,
-1267, 0,
-1266, 0,
-1265, 0,
-1264, 0,
-1263, 0,
-1262, 0,
-1261, 0,
-1260, 0,
-1259, 0,
-1258, 0,
-1257, 0,
-1256, 0,
-1255, 0,
-1254, 0,
-1253, 0,
-1252, 0,
-1251, 0,
-1250, 0,
-1249, 0,
-1248, 0,
-1247, 0,
-1246, 0,
-1245, 0,
-1244, 0,
-1243, 0,
-1242, 0,
-1241, 0,
-1240, 0,
-1239, 0,
-1238, 0,
-1237, 0,
-1236, 0,
-1235, 0,
-1234, 0,
-1233, 0,
-1232, 0,
-1231, 0,
-1230, 0,
-1229, 0,
-1228, 0,
-1227, 0,
-1226, 0,
-1225, 0,
-1224, 0,
-1223, 0,
-1222, 0,
-1221, 0,
-1220, 0,
-1219, 0,
-1218, 0,
-1217, 0,
-1216, 0,
-1215, 0,
-1214, 0,
-1213, 0,
-1212, 0,
-1211, 0,
-1210, 0,
-1209, 0,
-1208, 0,
-1207, 0,
-1206, 0,
-1205, 0,
-1204, 0,
-1203, 0,
-1202, 0,
-1201, 0,
-1200, 0,
-1199, 0,
-1198, 0,
-1197, 0,
-1196, 0,
-1195, 0,
-1194, 0,
-1193, 0,
-1192, 0,
-1191, 0,
-1190, 0,
-1189, 0,
-1188, 0,
-1187, 0,
-1186, 0,
-1185, 0,
-1184, 0,
-1183, 0,
-1182, 0,
-1181, 0,
-1180, 0,
-1179, 0,
-1178, 0,
-1177, 0,
-1176, 0,
-1175, 0,
-1174, 1,
-1173, 0,
-1172, 0,
-1171, 0,
-1170, 0,
-1169, 0,
-1168, 0,
-1167, 0,
-1166, 0,
-1165, 0,
-1164, 0,
-1163, 0,
-1162, 0,
-1161, 0,
-1160, 0,
-1159, 0,
-1158, 0,
-1157, 0,
-1156, 0,
-1155, 0,
-1154, 0,
-1153, 0,
-1152, 0,
-1151, 0,
-1150, 0,
-1149, 1,
-1148, 0,
-1147, 0,
-1146, 0,
-1145, 0,
-1144, 0,
-1143, 0,
-1142, 0,
-1141, 0,
-1140, 0,
-1139, 0,
-1138, 0,
-1137, 0,
-1136, 0,
-1135, 0,
-1134, 0,
-1133, 0,
-1132, 0,
-1131, 0,
-1130, 0,
-1129, 0,
-1128, 0,
-1127, 0,
-1126, 0,
-1125, 0,
-1124, 0,
-1123, 0,
-1122, 0,
-1121, 0,
-1120, 0,
-1119, 0,
-1118, 0,
-1117, 0,
-1116, 0,
-1115, 0,
-1114, 0,
-1113, 0,
-1112, 0,
-1111, 0,
-1110, 0,
-1109, 0,
-1108, 0,
-1107, 0,
-1106, 0,
-1105, 0,
-1104, 0,
-1103, 0,
-1102, 0,
-1101, 0,
-1100, 0,
-1099, 0,
-1098, 0,
-1097, 0,
-1096, 0,
-1095, 0,
-1094, 0,
-1093, 0,
-1092, 0,
-1091, 0,
-1090, 0,
-1089, 0,
-1088, 0,
-1087, 0,
-1086, 0,
-1085, 0,
-1084, 0,
-1083, 0,
-1082, 0,
-1081, 0,
-1080, 0,
-1079, 0,
-1078, 0,
-1077, 1,
-1076, 0,
-1075, 0,
-1074, 0,
-1073, 1,
-1072, 0,
-1071, 0,
-1070, 0,
-1069, 1,
-1068, 0,
-1067, 0,
-1066, 0,
-1065, 1,
-1064, 0,
-1063, 0,
-1062, 0,
-1061, 0,
-1060, 0,
-1059, 0,
-1058, 0,
-1057, 0,
-1056, 1,
-1055, 1,
-1054, 0,
-1053, 0,
-1052, 1,
-1051, 0,
-1050, 1,
-1049, 0,
-1048, 0,
-1047, 0,
-1046, 0,
-1045, 0,
-1044, 0,
-1043, 0,
-1042, 0,
-1041, 0,
-1040, 0,
-1039, 0,
-1038, 2,
-1037, 0,
-1036, 2,
-1035, 0,
-1034, 0,
-1033, 0,
-1032, 1,
-1031, 0,
-1030, 0,
-1029, 0,
-1028, 0,
-1027, 1,
-1026, 1,
-1025, 1,
-1024, 0,
-1023, 0,
-1022, 0,
-1021, 0,
-1020, 0,
-1019, 2,
-1018, 2,
-1017, 0,
-1016, 1,
-1015, 1,
-1014, 1,
-1013, 0,
-1012, 2,
-1011, 2,
-1010, 2,
-1009, 0,
-1008, 0,
-1007, 0,
-1006, 1,
-1005, 1,
-1004, 0,
-1003, 1,
-1002, 2,
-1001, 2,
-1000, 0,
-999, 0,
-998, 2,
-997, 1,
-996, 1,
-995, 1,
-994, 0,
-993, 0,
-992, 0,
-991, 1,
-990, 0,
-989, 2,
-988, 0,
-987, 0,
-986, 0,
-985, 1,
-984, 1,
-983, 1,
-982, 1,
-981, 1,
-980, 0,
-979, 1,
-978, 0,
-977, 1,
-976, 2,
-975, 0,
-974, 0,
-973, 2,
-972, 3,
-971, 1,
-970, 0,
-969, 4,
-968, 5,
-967, 1,
-966, 1,
-965, 2,
-964, 7,
-963, 4,
-962, 0,
-961, 1,
-960, 0,
-959, 1,
-958, 2,
-957, 1,
-956, 0,
-955, 1,
-954, 3,
-953, 1,
-952, 2,
-951, 2,
-950, 2,
-949, 2,
-948, 0,
-947, 1,
-946, 2,
-945, 2,
-944, 3,
-943, 3,
-942, 1,
-941, 2,
-940, 2,
-939, 0,
-938, 4,
-937, 2,
-936, 4,
-935, 2,
-934, 1,
-933, 1,
-932, 3,
-931, 3,
-930, 3,
-929, 4,
-928, 4,
-927, 5,
-926, 1,
-925, 4,
-924, 7,
-923, 2,
-922, 2,
-921, 4,
-920, 5,
-919, 3,
-918, 3,
-917, 4,
-916, 4,
-915, 6,
-914, 3,
-913, 6,
-912, 2,
-911, 3,
-910, 5,
-909, 5,
-908, 8,
-907, 3,
-906, 4,
-905, 6,
-904, 6,
-903, 5,
-902, 8,
-901, 6,
-900, 5,
-899, 5,
-898, 4,
-897, 4,
-896, 7,
-895, 12,
-894, 5,
-893, 5,
-892, 8,
-891, 6,
-890, 1,
-889, 6,
-888, 7,
-887, 6,
-886, 15,
-885, 9,
-884, 5,
-883, 7,
-882, 5,
-881, 7,
-880, 6,
-879, 9,
-878, 7,
-877, 13,
-876, 4,
-875, 2,
-874, 13,
-873, 5,
-872, 11,
-871, 7,
-870, 6,
-869, 10,
-868, 8,
-867, 11,
-866, 9,
-865, 13,
-864, 13,
-863, 9,
-862, 9,
-861, 6,
-860, 9,
-859, 13,
-858, 12,
-857, 14,
-856, 12,
-855, 8,
-854, 11,
-853, 10,
-852, 17,
-851, 11,
-850, 9,
-849, 13,
-848, 10,
-847, 8,
-846, 13,
-845, 16,
-844, 17,
-843, 10,
-842, 18,
-841, 17,
-840, 14,
-839, 20,
-838, 15,
-837, 14,
-836, 14,
-835, 22,
-834, 13,
-833, 21,
-832, 18,
-831, 14,
-830, 24,
-829, 26,
-828, 17,
-827, 15,
-826, 23,
-825, 31,
-824, 21,
-823, 16,
-822, 21,
-821, 24,
-820, 23,
-819, 19,
-818, 23,
-817, 22,
-816, 31,
-815, 26,
-814, 26,
-813, 24,
-812, 28,
-811, 25,
-810, 31,
-809, 27,
-808, 31,
-807, 35,
-806, 33,
-805, 32,
-804, 22,
-803, 31,
-802, 26,
-801, 30,
-800, 26,
-799, 37,
-798, 35,
-797, 27,
-796, 30,
-795, 32,
-794, 44,
-793, 33,
-792, 51,
-791, 40,
-790, 32,
-789, 37,
-788, 32,
-787, 32,
-786, 45,
-785, 47,
-784, 39,
-783, 41,
-782, 33,
-781, 53,
-780, 45,
-779, 40,
-778, 31,
-777, 54,
-776, 45,
-775, 51,
-774, 59,
-773, 44,
-772, 52,
-771, 42,
-770, 60,
-769, 62,
-768, 59,
-767, 49,
-766, 47,
-765, 53,
-764, 58,
-763, 76,
-762, 66,
-761, 72,
-760, 57,
-759, 61,
-758, 66,
-757, 75,
-756, 61,
-755, 67,
-754, 69,
-753, 70,
-752, 87,
-751, 93,
-750, 67,
-749, 65,
-748, 71,
-747, 96,
-746, 78,
-745, 79,
-744, 74,
-743, 79,
-742, 86,
-741, 98,
-740, 85,
-739, 102,
-738, 92,
-737, 76,
-736, 100,
-735, 92,
-734, 107,
-733, 104,
-732, 93,
-731, 105,
-730, 100,
-729, 101,
-728, 114,
-727, 97,
-726, 116,
-725, 116,
-724, 120,
-723, 92,
-722, 111,
-721, 117,
-720, 134,
-719, 108,
-718, 109,
-717, 107,
-716, 123,
-715, 111,
-714, 130,
-713, 131,
-712, 131,
-711, 145,
-710, 155,
-709, 145,
-708, 139,
-707, 158,
-706, 150,
-705, 132,
-704, 149,
-703, 145,
-702, 157,
-701, 159,
-700, 156,
-699, 146,
-698, 184,
-697, 175,
-696, 145,
-695, 180,
-694, 180,
-693, 185,
-692, 191,
-691, 171,
-690, 181,
-689, 179,
-688, 182,
-687, 191,
-686, 208,
-685, 202,
-684, 191,
-683, 209,
-682, 233,
-681, 219,
-680, 206,
-679, 187,
-678, 219,
-677, 226,
-676, 208,
-675, 207,
-674, 231,
-673, 241,
-672, 251,
-671, 253,
-670, 233,
-669, 230,
-668, 259,
-667, 255,
-666, 255,
-665, 272,
-664, 249,
-663, 262,
-662, 303,
-661, 267,
-660, 280,
-659, 245,
-658, 292,
-657, 295,
-656, 328,
-655, 322,
-654, 292,
-653, 340,
-652, 308,
-651, 326,
-650, 330,
-649, 346,
-648, 366,
-647, 340,
-646, 355,
-645, 384,
-644, 350,
-643, 350,
-642, 357,
-641, 387,
-640, 372,
-639, 366,
-638, 394,
-637, 372,
-636, 385,
-635, 393,
-634, 419,
-633, 407,
-632, 428,
-631, 414,
-630, 439,
-629, 458,
-628, 460,
-627, 418,
-626, 443,
-625, 416,
-624, 495,
-623, 505,
-622, 489,
-621, 507,
-620, 514,
-619, 521,
-618, 498,
-617, 499,
-616, 496,
-615, 544,
-614, 534,
-613, 564,
-612, 613,
-611, 589,
-610, 573,
-609, 598,
-608, 578,
-607, 599,
-606, 630,
-605, 656,
-604, 640,
-603, 656,
-602, 630,
-601, 656,
-600, 631,
-599, 671,
-598, 673,
-597, 680,
-596, 670,
-595, 741,
-594, 701,
-593, 699,
-592, 700,
-591, 709,
-590, 752,
-589, 764,
-588, 705,
-587, 749,
-586, 763,
-585, 832,
-584, 840,
-583, 828,
-582, 810,
-581, 807,
-580, 836,
-579, 815,
-578, 915,
-577, 898,
-576, 851,
-575, 878,
-574, 855,
-573, 876,
-572, 887,
-571, 990,
-570, 926,
-569, 971,
-568, 992,
-567, 1022,
-566, 990,
-565, 1032,
-564, 1001,
-563, 1042,
-562, 1033,
-561, 1116,
-560, 1120,
-559, 1057,
-558, 1127,
-557, 1096,
-556, 1097,
-555, 1123,
-554, 1090,
-553, 1183,
-552, 1197,
-551, 1184,
-550, 1230,
-549, 1212,
-548, 1263,
-547, 1157,
-546, 1260,
-545, 1246,
-544, 1257,
-543, 1318,
-542, 1319,
-541, 1319,
-540, 1339,
-539, 1379,
-538, 1433,
-537, 1483,
-536, 1456,
-535, 1462,
-534, 1463,
-533, 1480,
-532, 1381,
-531, 1526,
-530, 1516,
-529, 1481,
-528, 1579,
-527, 1660,
-526, 1618,
-525, 1600,
-524, 1686,
-523, 1629,
-522, 1620,
-521, 1730,
-520, 1680,
-519, 1756,
-518, 1815,
-517, 1794,
-516, 1796,
-515, 1790,
-514, 1844,
-513, 1840,
-512, 1925,
-511, 1897,
-510, 1912,
-509, 1864,
-508, 1898,
-507, 1999,
-506, 1976,
-505, 2018,
-504, 1981,
-503, 2029,
-502, 2049,
-501, 2112,
-500, 2074,
-499, 2237,
-498, 2108,
-497, 2232,
-496, 2215,
-495, 2235,
-494, 2298,
-493, 2186,
-492, 2302,
-491, 2341,
-490, 2422,
-489, 2316,
-488, 2395,
-487, 2389,
-486, 2589,
-485, 2500,
-484, 2534,
-483, 2427,
-482, 2477,
-481, 2561,
-480, 2721,
-479, 2599,
-478, 2561,
-477, 2681,
-476, 2741,
-475, 2720,
-474, 2772,
-473, 2839,
-472, 2824,
-471, 2804,
-470, 3038,
-469, 2877,
-468, 3019,
-467, 3014,
-466, 3039,
-465, 3055,
-464, 3084,
-463, 3011,
-462, 3141,
-461, 3190,
-460, 3151,
-459, 3203,
-458, 3216,
-457, 3414,
-456, 3317,
-455, 3312,
-454, 3451,
-453, 3406,
-452, 3440,
-451, 3528,
-450, 3586,
-449, 3546,
-448, 3569,
-447, 3563,
-446, 3578,
-445, 3788,
-444, 3739,
-443, 3849,
-442, 3853,
-441, 3783,
-440, 3861,
-439, 3880,
-438, 3928,
-437, 3994,
-436, 4002,
-435, 4187,
-434, 4028,
-433, 4166,
-432, 4218,
-431, 4233,
-430, 4277,
-429, 4323,
-428, 4310,
-427, 4341,
-426, 4421,
-425, 4431,
-424, 4495,
-423, 4520,
-422, 4530,
-421, 4653,
-420, 4598,
-419, 4802,
-418, 4795,
-417, 4829,
-416, 4953,
-415, 4922,
-414, 4973,
-413, 4953,
-412, 5026,
-411, 5050,
-410, 5161,
-409, 5235,
-408, 5214,
-407, 5271,
-406, 5232,
-405, 5227,
-404, 5375,
-403, 5329,
-402, 5513,
-401, 5573,
-400, 5416,
-399, 5616,
-398, 5669,
-397, 5691,
-396, 5726,
-395, 5890,
-394, 5938,
-393, 5925,
-392, 5927,
-391, 6034,
-390, 6062,
-389, 6275,
-388, 6195,
-387, 6122,
-386, 6235,
-385, 6441,
-384, 6393,
-383, 6479,
-382, 6485,
-381, 6653,
-380, 6477,
-379, 6572,
-378, 6715,
-377, 6819,
-376, 6681,
-375, 6831,
-374, 7023,
-373, 6814,
-372, 7051,
-371, 7117,
-370, 7056,
-369, 7242,
-368, 7269,
-367, 7341,
-366, 7357,
-365, 7457,
-364, 7585,
-363, 7524,
-362, 7592,
-361, 7490,
-360, 7633,
-359, 7784,
-358, 7844,
-357, 7832,
-356, 7972,
-355, 8089,
-354, 8088,
-353, 8233,
-352, 8196,
-351, 8275,
-350, 8271,
-349, 8403,
-348, 8457,
-347, 8548,
-346, 8626,
-345, 8706,
-344, 8669,
-343, 8875,
-342, 8780,
-341, 8991,
-340, 8942,
-339, 8951,
-338, 8874,
-337, 9155,
-336, 9332,
-335, 9224,
-334, 9472,
-333, 9663,
-332, 9445,
-331, 9497,
-330, 9521,
-329, 9655,
-328, 10022,
-327, 9743,
-326, 9895,
-325, 9921,
-324, 10241,
-323, 10187,
-322, 10306,
-321, 10302,
-320, 10176,
-319, 10269,
-318, 10433,
-317, 10444,
-316, 10494,
-315, 10862,
-314, 10716,
-313, 10842,
-312, 10726,
-311, 10986,
-310, 10996,
-309, 11243,
-308, 11122,
-307, 11149,
-306, 11279,
-305, 11730,
-304, 11532,
-303, 11736,
-302, 11616,
-301, 11636,
-300, 11688,
-299, 11632,
-298, 11863,
-297, 12097,
-296, 12231,
-295, 12566,
-294, 12248,
-293, 12343,
-292, 12330,
-291, 12468,
-290, 12612,
-289, 12638,
-288, 12545,
-287, 12637,
-286, 12933,
-285, 12828,
-284, 12871,
-283, 13098,
-282, 13099,
-281, 13144,
-280, 13270,
-279, 13525,
-278, 13675,
-277, 13690,
-276, 13806,
-275, 13823,
-274, 13845,
-273, 13724,
-272, 13854,
-271, 13998,
-270, 14125,
-269, 14302,
-268, 14247,
-267, 14413,
-266, 14568,
-265, 14689,
-264, 14507,
-263, 14619,
-262, 14815,
-261, 14849,
-260, 14984,
-259, 15129,
-258, 15139,
-257, 15297,
-256, 15478,
-255, 15297,
-254, 15326,
-253, 15577,
-252, 15748,
-251, 15668,
-250, 15713,
-249, 16005,
-248, 15952,
-247, 16196,
-246, 16111,
-245, 16389,
-244, 16296,
-243, 16427,
-242, 16576,
-241, 16827,
-240, 16464,
-239, 16837,
-238, 16648,
-237, 16893,
-236, 17128,
-235, 17144,
-234, 17322,
-233, 17345,
-232, 17494,
-231, 17516,
-230, 17498,
-229, 17685,
-228, 17866,
-227, 17892,
-226, 18017,
-225, 18109,
-224, 18034,
-223, 18066,
-222, 18359,
-221, 18367,
-220, 18588,
-219, 18534,
-218, 18354,
-217, 18694,
-216, 18986,
-215, 18877,
-214, 19025,
-213, 18810,
-212, 19303,
-211, 19403,
-210, 19302,
-209, 19335,
-208, 19411,
-207, 19762,
-206, 19691,
-205, 19840,
-204, 19683,
-203, 19931,
-202, 20012,
-201, 20159,
-200, 20213,
-199, 20436,
-198, 20255,
-197, 20350,
-196, 20651,
-195, 20608,
-194, 20604,
-193, 20629,
-192, 20871,
-191, 20923,
-190, 20864,
-189, 21300,
-188, 21095,
-187, 21313,
-186, 21626,
-185, 21643,
-184, 21659,
-183, 21864,
-182, 21837,
-181, 21855,
-180, 21891,
-179, 22004,
-178, 21771,
-177, 22483,
-176, 22139,
-175, 22233,
-174, 22496,
-173, 22586,
-172, 22703,
-171, 22359,
-170, 22517,
-169, 22759,
-168, 23046,
-167, 23131,
-166, 22843,
-165, 23055,
-164, 23195,
-163, 23426,
-162, 23477,
-161, 23564,
-160, 23861,
-159, 23549,
-158, 23907,
-157, 23988,
-156, 23799,
-155, 23847,
-154, 24261,
-153, 24157,
-152, 24067,
-151, 24211,
-150, 24514,
-149, 24537,
-148, 24160,
-147, 24568,
-146, 24667,
-145, 24624,
-144, 24797,
-143, 25027,
-142, 25312,
-141, 24991,
-140, 24937,
-139, 25129,
-138, 25273,
-137, 25370,
-136, 25354,
-135, 25687,
-134, 25592,
-133, 25617,
-132, 25855,
-131, 25832,
-130, 26042,
-129, 26054,
-128, 26092,
-127, 26017,
-126, 25981,
-125, 26452,
-124, 26140,
-123, 26283,
-122, 26733,
-121, 26391,
-120, 26684,
-119, 26808,
-118, 26895,
-117, 26804,
-116, 26865,
-115, 27166,
-114, 27009,
-113, 27228,
-112, 27066,
-111, 27204,
-110, 27230,
-109, 27589,
-108, 27271,
-107, 27417,
-106, 27550,
-105, 27404,
-104, 27599,
-103, 27706,
-102, 27660,
-101, 27733,
-100, 28111,
-99, 28152,
-98, 28056,
-97, 27983,
-96, 27932,
-95, 28058,
-94, 28469,
-93, 28336,
-92, 28215,
-91, 28484,
-90, 28762,
-89, 28372,
-88, 28601,
-87, 28857,
-86, 28680,
-85, 28670,
-84, 28857,
-83, 29114,
-82, 28897,
-81, 29234,
-80, 29292,
-79, 29024,
-78, 28938,
-77, 29237,
-76, 29139,
-75, 29313,
-74, 29214,
-73, 29173,
-72, 29597,
-71, 29061,
-70, 29519,
-69, 29357,
-68, 29308,
-67, 29592,
-66, 29712,
-65, 29488,
-64, 29725,
-63, 29579,
-62, 29723,
-61, 29659,
-60, 30045,
-59, 29950,
-58, 29977,
-57, 29941,
-56, 30126,
-55, 30023,
-54, 29811,
-53, 29943,
-52, 30143,
-51, 30523,
-50, 30164,
-49, 30061,
-48, 30328,
-47, 30251,
-46, 30078,
-45, 30495,
-44, 30594,
-43, 30793,
-42, 30404,
-41, 30588,
-40, 30513,
-39, 30281,
-38, 30529,
-37, 30451,
-36, 30511,
-35, 30627,
-34, 30361,
-33, 30624,
-32, 30871,
-31, 30782,
-30, 30889,
-29, 30544,
-28, 30704,
-27, 30720,
-26, 30919,
-25, 30979,
-24, 30867,
-23, 30991,
-22, 30752,
-21, 31139,
-20, 30619,
-19, 30963,
-18, 30745,
-17, 31114,
-16, 30868,
-15, 31017,
-14, 30969,
-13, 30945,
-12, 31369,
-11, 31007,
-10, 30786,
-9, 30895,
-8, 31302,
-7, 31201,
-6, 30977,
-5, 30747,
-4, 30905,
-3, 31009,
-2, 30904,
-1, 30792,
0, 31067,
1, 31118,
2, 30967,
3, 30954,
4, 31023,
5, 31255,
6, 31155,
7, 30834,
8, 30955,
9, 30884,
10, 31074,
11, 31132,
12, 30748,
13, 30983,
14, 31165,
15, 30853,
16, 30822,
17, 30777,
18, 30807,
19, 30799,
20, 30831,
21, 30732,
22, 30769,
23, 31225,
24, 30927,
25, 30444,
26, 30752,
27, 30737,
28, 30715,
29, 30465,
30, 30794,
31, 30642,
32, 30419,
33, 30753,
34, 30850,
35, 30419,
36, 30513,
37, 30625,
38, 30439,
39, 31005,
40, 30415,
41, 30487,
42, 30177,
43, 30343,
44, 30333,
45, 30088,
46, 30494,
47, 30384,
48, 30333,
49, 30118,
50, 30130,
51, 30046,
52, 29846,
53, 30167,
54, 29986,
55, 30193,
56, 29935,
57, 30056,
58, 29825,
59, 29579,
60, 29791,
61, 29544,
62, 29514,
63, 29480,
64, 29659,
65, 29488,
66, 29536,
67, 29894,
68, 29388,
69, 29276,
70, 29500,
71, 29413,
72, 28879,
73, 29066,
74, 28979,
75, 29186,
76, 29120,
77, 28943,
78, 29160,
79, 28785,
80, 29099,
81, 29073,
82, 28887,
83, 28582,
84, 28533,
85, 28755,
86, 28295,
87, 28912,
88, 28379,
89, 28455,
90, 28688,
91, 28558,
92, 28117,
93, 28353,
94, 28316,
95, 28251,
96, 27914,
97, 27900,
98, 28245,
99, 28007,
100, 27998,
101, 27473,
102, 27891,
103, 27427,
104, 27632,
105, 27605,
106, 27552,
107, 27170,
108, 27033,
109, 27355,
110, 27065,
111, 27174,
112, 27212,
113, 27113,
114, 27155,
115, 27140,
116, 26772,
117, 26754,
118, 26688,
119, 26869,
120, 26375,
121, 26634,
122, 26397,
123, 26606,
124, 26465,
125, 26145,
126, 26205,
127, 26223,
128, 25945,
129, 25683,
130, 25731,
131, 25918,
132, 25484,
133, 25555,
134, 25739,
135, 25607,
136, 25329,
137, 25203,
138, 25279,
139, 25420,
140, 24764,
141, 24936,
142, 25048,
143, 24903,
144, 25063,
145, 25008,
146, 24777,
147, 24488,
148, 24496,
149, 24509,
150, 24128,
151, 24266,
152, 23918,
153, 24163,
154, 24377,
155, 24034,
156, 23972,
157, 23590,
158, 23705,
159, 23536,
160, 23554,
161, 23537,
162, 23334,
163, 23196,
164, 23107,
165, 23327,
166, 23110,
167, 22997,
168, 22803,
169, 22793,
170, 22703,
171, 22623,
172, 22525,
173, 22446,
174, 22659,
175, 22513,
176, 22178,
177, 22246,
178, 22079,
179, 22056,
180, 21923,
181, 21715,
182, 21797,
183, 21589,
184, 21729,
185, 21796,
186, 21555,
187, 21315,
188, 21214,
189, 21384,
190, 20927,
191, 21114,
192, 20817,
193, 20775,
194, 20650,
195, 20806,
196, 20719,
197, 20373,
198, 20296,
199, 20080,
200, 19901,
201, 20119,
202, 19972,
203, 20105,
204, 19571,
205, 19839,
206, 19626,
207, 19623,
208, 19538,
209, 19284,
210, 19342,
211, 19376,
212, 19100,
213, 18939,
214, 18806,
215, 18850,
216, 18923,
217, 18718,
218, 18844,
219, 18790,
220, 18462,
221, 18325,
222, 18262,
223, 18200,
224, 17927,
225, 17889,
226, 18146,
227, 17903,
228, 17773,
229, 17699,
230, 17607,
231, 17350,
232, 17474,
233, 17171,
234, 17278,
235, 17176,
236, 17051,
237, 17112,
238, 16772,
239, 16933,
240, 16614,
241, 16575,
242, 16262,
243, 16291,
244, 16330,
245, 16191,
246, 16064,
247, 16159,
248, 15814,
249, 15974,
250, 16142,
251, 15624,
252, 15707,
253, 15517,
254, 15381,
255, 15430,
256, 15397,
257, 15368,
258, 15122,
259, 15352,
260, 14784,
261, 14893,
262, 14828,
263, 14594,
264, 14841,
265, 14552,
266, 14373,
267, 14507,
268, 14283,
269, 14279,
270, 14249,
271, 14061,
272, 14111,
273, 13774,
274, 13765,
275, 13719,
276, 13702,
277, 13641,
278, 13589,
279, 13333,
280, 13413,
281, 13207,
282, 13208,
283, 13058,
284, 13223,
285, 12771,
286, 12922,
287, 12735,
288, 12914,
289, 12437,
290, 12911,
291, 12438,
292, 12255,
293, 12234,
294, 12407,
295, 12184,
296, 12176,
297, 11924,
298, 11944,
299, 11937,
300, 12015,
301, 11846,
302, 11862,
303, 11480,
304, 11406,
305, 11434,
306, 11203,
307, 11231,
308, 11124,
309, 11103,
310, 11104,
311, 10790,
312, 10764,
313, 10831,
314, 10691,
315, 10712,
316, 10582,
317, 10420,
318, 10478,
319, 10416,
320, 10403,
321, 10270,
322, 10232,
323, 10210,
324, 10092,
325, 9827,
326, 9928,
327, 9676,
328, 9807,
329, 9645,
330, 9658,
331, 9419,
332, 9393,
333, 9460,
334, 9378,
335, 9502,
336, 9340,
337, 9337,
338, 9147,
339, 9090,
340, 8807,
341, 8866,
342, 8775,
343, 8774,
344, 8852,
345, 8850,
346, 8569,
347, 8579,
348, 8358,
349, 8462,
350, 8179,
351, 8180,
352, 8189,
353, 8200,
354, 7976,
355, 7969,
356, 7952,
357, 7989,
358, 7916,
359, 7953,
360, 7806,
361, 7511,
362, 7603,
363, 7567,
364, 7459,
365, 7314,
366, 7287,
367, 7300,
368, 7222,
369, 7285,
370, 7175,
371, 7236,
372, 7005,
373, 6966,
374, 6980,
375, 6833,
376, 6642,
377, 6799,
378, 6633,
379, 6613,
380, 6561,
381, 6530,
382, 6446,
383, 6481,
384, 6408,
385, 6335,
386, 6340,
387, 6263,
388, 6217,
389, 6196,
390, 6174,
391, 5988,
392, 5896,
393, 5745,
394, 5927,
395, 5797,
396, 5725,
397, 5807,
398, 5558,
399, 5509,
400, 5677,
401, 5460,
402, 5464,
403, 5284,
404, 5262,
405, 5324,
406, 5352,
407, 5218,
408, 5238,
409, 5117,
410, 5197,
411, 5058,
412, 4961,
413, 4831,
414, 4888,
415, 4904,
416, 4905,
417, 4734,
418, 4780,
419, 4761,
420, 4793,
421, 4584,
422, 4640,
423, 4493,
424, 4513,
425, 4552,
426, 4461,
427, 4400,
428, 4449,
429, 4370,
430, 4245,
431, 4130,
432, 4340,
433, 4211,
434, 4198,
435, 3943,
436, 4038,
437, 4003,
438, 4067,
439, 3885,
440, 3735,
441, 3820,
442, 3908,
443, 3640,
444, 3722,
445, 3601,
446, 3626,
447, 3659,
448, 3575,
449, 3548,
450, 3381,
451, 3538,
452, 3562,
453, 3467,
454, 3384,
455, 3454,
456, 3461,
457, 3331,
458, 3205,
459, 3193,
460, 3246,
461, 3163,
462, 3134,
463, 3132,
464, 3008,
465, 3074,
466, 3002,
467, 2988,
468, 2932,
469, 2927,
470, 2919,
471, 2842,
472, 2759,
473, 2735,
474, 2713,
475, 2619,
476, 2718,
477, 2596,
478, 2706,
479, 2568,
480, 2620,
481, 2585,
482, 2550,
483, 2551,
484, 2549,
485, 2550,
486, 2419,
487, 2428,
488, 2349,
489, 2336,
490, 2313,
491, 2340,
492, 2281,
493, 2187,
494, 2306,
495, 2230,
496, 2233,
497, 2086,
498, 2236,
499, 2098,
500, 2157,
501, 2148,
502, 2111,
503, 2049,
504, 1988,
505, 1993,
506, 1959,
507, 1993,
508, 1933,
509, 1929,
510, 1843,
511, 1873,
512, 1827,
513, 1792,
514, 1815,
515, 1873,
516, 1780,
517, 1685,
518, 1735,
519, 1797,
520, 1660,
521, 1659,
522, 1767,
523, 1650,
524, 1629,
525, 1659,
526, 1626,
527, 1584,
528, 1502,
529, 1551,
530, 1510,
531, 1475,
532, 1488,
533, 1428,
534, 1396,
535, 1484,
536, 1410,
537, 1364,
538, 1382,
539, 1400,
540, 1339,
541, 1323,
542, 1279,
543, 1307,
544, 1309,
545, 1306,
546, 1286,
547, 1236,
548, 1214,
549, 1210,
550, 1187,
551, 1201,
552, 1196,
553, 1216,
554, 1118,
555, 1150,
556, 1083,
557, 1107,
558, 1070,
559, 1065,
560, 1031,
561, 1051,
562, 1009,
563, 1012,
564, 1045,
565, 1006,
566, 1069,
567, 1030,
568, 928,
569, 954,
570, 995,
571, 954,
572, 945,
573, 930,
574, 938,
575, 913,
576, 900,
577, 889,
578, 860,
579, 830,
580, 800,
581, 835,
582, 785,
583, 827,
584, 826,
585, 763,
586, 766,
587, 769,
588, 788,
589, 745,
590, 706,
591, 748,
592, 711,
593, 740,
594, 696,
595, 687,
596, 636,
597, 701,
598, 642,
599, 649,
600, 636,
601, 629,
602, 651,
603, 591,
604, 614,
605, 613,
606, 590,
607, 573,
608, 633,
609, 581,
610, 551,
611, 494,
612, 531,
613, 552,
614, 538,
615, 519,
616, 512,
617, 554,
618, 509,
619, 519,
620, 473,
621, 484,
622, 480,
623, 500,
624, 463,
625, 470,
626, 483,
627, 446,
628, 458,
629, 463,
630, 428,
631, 463,
632, 426,
633, 420,
634, 401,
635, 387,
636, 385,
637, 374,
638, 375,
639, 403,
640, 394,
641, 356,
642, 363,
643, 393,
644, 390,
645, 365,
646, 320,
647, 356,
648, 315,
649, 360,
650, 352,
651, 301,
652, 295,
653, 339,
654, 302,
655, 282,
656, 313,
657, 308,
658, 323,
659, 320,
660, 284,
661, 274,
662, 290,
663, 269,
664, 297,
665, 279,
666, 287,
667, 290,
668, 250,
669, 250,
670, 224,
671, 216,
672, 226,
673, 230,
674, 239,
675, 260,
676, 228,
677, 215,
678, 238,
679, 243,
680, 237,
681, 236,
682, 217,
683, 213,
684, 214,
685, 227,
686, 210,
687, 187,
688, 181,
689, 170,
690, 159,
691, 172,
692, 190,
693, 189,
694, 159,
695, 215,
696, 169,
697, 181,
698, 169,
699, 157,
700, 131,
701, 160,
702, 163,
703, 153,
704, 162,
705, 155,
706, 136,
707, 132,
708, 159,
709, 144,
710, 172,
711, 147,
712, 128,
713, 133,
714, 135,
715, 132,
716, 117,
717, 130,
718, 121,
719, 109,
720, 126,
721, 154,
722, 105,
723, 91,
724, 118,
725, 108,
726, 104,
727, 105,
728, 94,
729, 111,
730, 94,
731, 114,
732, 91,
733, 103,
734, 77,
735, 91,
736, 91,
737, 78,
738, 85,
739, 83,
740, 97,
741, 97,
742, 81,
743, 93,
744, 77,
745, 89,
746, 81,
747, 61,
748, 76,
749, 80,
750, 79,
751, 76,
752, 88,
753, 78,
754, 70,
755, 73,
756, 69,
757, 65,
758, 56,
759, 61,
760, 61,
761, 50,
762, 55,
763, 73,
764, 68,
765, 58,
766, 58,
767, 54,
768, 45,
769, 56,
770, 56,
771, 59,
772, 64,
773, 47,
774, 50,
775, 51,
776, 60,
777, 37,
778, 59,
779, 46,
780, 49,
781, 49,
782, 54,
783, 42,
784, 38,
785, 36,
786, 43,
787, 37,
788, 37,
789, 49,
790, 33,
791, 34,
792, 47,
793, 34,
794, 43,
795, 35,
796, 40,
797, 35,
798, 29,
799, 39,
800, 32,
801, 39,
802, 21,
803, 21,
804, 39,
805, 32,
806, 21,
807, 27,
808, 27,
809, 31,
810, 29,
811, 33,
812, 25,
813, 24,
814, 19,
815, 28,
816, 29,
817, 21,
818, 22,
819, 21,
820, 22,
821, 15,
822, 25,
823, 15,
824, 21,
825, 17,
826, 12,
827, 23,
828, 25,
829, 19,
830, 23,
831, 20,
832, 27,
833, 17,
834, 22,
835, 16,
836, 9,
837, 17,
838, 20,
839, 18,
840, 17,
841, 14,
842, 14,
843, 15,
844, 14,
845, 18,
846, 14,
847, 15,
848, 13,
849, 15,
850, 23,
851, 9,
852, 10,
853, 12,
854, 20,
855, 12,
856, 17,
857, 14,
858, 2,
859, 9,
860, 7,
861, 11,
862, 14,
863, 12,
864, 9,
865, 16,
866, 6,
867, 7,
868, 9,
869, 12,
870, 8,
871, 13,
872, 6,
873, 4,
874, 8,
875, 8,
876, 9,
877, 5,
878, 6,
879, 6,
880, 10,
881, 12,
882, 8,
883, 7,
884, 4,
885, 8,
886, 8,
887, 4,
888, 6,
889, 9,
890, 7,
891, 6,
892, 2,
893, 2,
894, 3,
895, 6,
896, 7,
897, 4,
898, 2,
899, 4,
900, 8,
901, 7,
902, 10,
903, 2,
904, 6,
905, 4,
906, 4,
907, 7,
908, 5,
909, 0,
910, 2,
911, 4,
912, 3,
913, 2,
914, 3,
915, 5,
916, 6,
917, 4,
918, 1,
919, 7,
920, 6,
921, 5,
922, 7,
923, 4,
924, 5,
925, 4,
926, 5,
927, 2,
928, 2,
929, 1,
930, 5,
931, 3,
932, 1,
933, 0,
934, 1,
935, 2,
936, 4,
937, 3,
938, 2,
939, 1,
940, 2,
941, 3,
942, 3,
943, 2,
944, 0,
945, 2,
946, 5,
947, 3,
948, 1,
949, 2,
950, 1,
951, 1,
952, 4,
953, 2,
954, 2,
955, 0,
956, 2,
957, 2,
958, 4,
959, 1,
960, 0,
961, 1,
962, 0,
963, 1,
964, 2,
965, 1,
966, 2,
967, 1,
968, 0,
969, 0,
970, 4,
971, 0,
972, 0,
973, 1,
974, 3,
975, 0,
976, 1,
977, 0,
978, 0,
979, 1,
980, 0,
981, 1,
982, 0,
983, 1,
984, 0,
985, 1,
986, 1,
987, 0,
988, 0,
989, 1,
990, 3,
991, 2,
992, 3,
993, 0,
994, 2,
995, 1,
996, 1,
997, 0,
998, 0,
999, 1,
1000, 0,
1001, 0,
1002, 2,
1003, 0,
1004, 1,
1005, 1,
1006, 0,
1007, 0,
1008, 1,
1009, 0,
1010, 0,
1011, 0,
1012, 1,
1013, 0,
1014, 0,
1015, 0,
1016, 0,
1017, 1,
1018, 2,
1019, 1,
1020, 1,
1021, 0,
1022, 0,
1023, 1,
1024, 1,
1025, 1,
1026, 1,
1027, 1,
1028, 1,
1029, 0,
1030, 0,
1031, 0,
1032, 1,
1033, 1,
1034, 0,
1035, 0,
1036, 0,
1037, 1,
1038, 0,
1039, 0,
1040, 0,
1041, 1,
1042, 0,
1043, 1,
1044, 0,
1045, 0,
1046, 0,
1047, 0,
1048, 0,
1049, 0,
1050, 0,
1051, 0,
1052, 0,
1053, 0,
1054, 0,
1055, 0,
1056, 0,
1057, 0,
1058, 0,
1059, 0,
1060, 0,
1061, 0,
1062, 0,
1063, 0,
1064, 0,
1065, 0,
1066, 0,
1067, 0,
1068, 0,
1069, 0,
1070, 0,
1071, 0,
1072, 0,
1073, 0,
1074, 2,
1075, 0,
1076, 0,
1077, 0,
1078, 0,
1079, 0,
1080, 0,
1081, 0,
1082, 0,
1083, 1,
1084, 0,
1085, 0,
1086, 0,
1087, 0,
1088, 0,
1089, 0,
1090, 0,
1091, 0,
1092, 1,
1093, 0,
1094, 1,
1095, 0,
1096, 0,
1097, 0,
1098, 0,
1099, 0,
1100, 0,
1101, 0,
1102, 0,
1103, 0,
1104, 0,
1105, 0,
1106, 0,
1107, 0,
1108, 0,
1109, 0,
1110, 0,
1111, 0,
1112, 0,
1113, 0,
1114, 0,
1115, 0,
1116, 0,
1117, 0,
1118, 0,
1119, 0,
1120, 0,
1121, 0,
1122, 0,
1123, 0,
1124, 0,
1125, 0,
1126, 0,
1127, 0,
1128, 1,
1129, 0,
1130, 0,
1131, 0,
1132, 0,
1133, 0,
1134, 0,
1135, 0,
1136, 0,
1137, 0,
1138, 0,
1139, 0,
1140, 0,
1141, 0,
1142, 0,
1143, 0,
1144, 0,
1145, 0,
1146, 0,
1147, 0,
1148, 0,
1149, 0,
1150, 0,
1151, 0,
1152, 0,
1153, 0,
1154, 0,
1155, 0,
1156, 0,
1157, 0,
1158, 0,
1159, 0,
1160, 0,
1161, 0,
1162, 0,
1163, 0,
1164, 0,
1165, 0,
1166, 0,
1167, 0,
1168, 0,
1169, 0,
1170, 0,
1171, 0,
1172, 0,
1173, 0,
1174, 0,
1175, 0,
1176, 0,
1177, 0,
1178, 0,
1179, 0,
1180, 0,
1181, 0,
1182, 0,
1183, 0,
1184, 0,
1185, 0,
1186, 0,
1187, 0,
1188, 0,
1189, 0,
1190, 0,
1191, 0,
1192, 0,
1193, 0,
1194, 0,
1195, 0,
1196, 0,
1197, 0,
1198, 0,
1199, 0,
1200, 0,
1201, 0,
1202, 0,
1203, 0,
1204, 0,
1205, 0,
1206, 0,
1207, 0,
1208, 0,
1209, 0,
1210, 0,
1211, 0,
1212, 0,
1213, 0,
1214, 0,
1215, 0,
1216, 0,
1217, 0,
1218, 0,
1219, 0,
1220, 0,
1221, 0,
1222, 0,
1223, 0,
1224, 0,
1225, 0,
1226, 0,
1227, 0,
1228, 0,
1229, 0,
1230, 0,
1231, 0,
1232, 0,
1233, 0,
1234, 0,
1235, 0,
1236, 0,
1237, 0,
1238, 0,
1239, 0,
1240, 0,
1241, 0,
1242, 0,
1243, 0,
1244, 0,
1245, 0,
1246, 0,
1247, 0,
1248, 0,
1249, 0,
1250, 0,
1251, 0,
1252, 1,
1253, 0,
1254, 0,
1255, 0,
1256, 0,
1257, 0,
1258, 0,
1259, 0,
1260, 0,
1261, 0,
1262, 0,
1263, 0,
1264, 0,
1265, 0,
1266, 0,
1267, 0,
1268, 0,
1269, 0,
1270, 0,
1271, 0,
1272, 0,
1273, 0,
1274, 0,
1275, 0,
1276, 0,
1277, 0,
1278, 0,
1279, 0,
1280, 0,
1281, 0,
1282, 0,
1283, 0,
1284, 0,
1285, 0,
1286, 0,
1287, 0,
1288, 0,
1289, 0,
1290, 0,
1291, 0,
1292, 0,
1293, 0,
1294, 0,
1295, 0,
1296, 0,
1297, 0,
1298, 0,
1299, 0,
1300, 0,
1301, 0,
1302, 0,
1303, 0,
1304, 0,
1305, 0,
1306, 0,
1307, 0,
1308, 0,
1309, 0,
1310, 0,
1311, 0,
1312, 0,
1313, 0,
1314, 0,
1315, 0,
1316, 0,
1317, 0,
1318, 0,
1319, 0,
1320, 0,
1321, 0,
1322, 0,
1323, 0,
1324, 0,
1325, 0,
1326, 0,
1327, 0,
1328, 0,
1329, 0,
1330, 0,
1331, 0,
1332, 0,
1333, 0,
1334, 0,
1335, 0,
1336, 0,
1337, 0,
1338, 0,
1339, 0,
1340, 0,
1341, 0,
1342, 0,
1343, 0,
1344, 0,
1345, 0,
1346, 0,
1347, 0,
1348, 0,
1349, 0,
1350, 0,
1351, 0,
1352, 0,
1353, 0,
1354, 0,
1355, 0,
1356, 0,
1357, 0,
1358, 0,
1359, 0,
1360, 0,
1361, 0,
1362, 0,
1363, 0,
1364, 0,
1365, 0,
1366, 0,
1367, 0,
1368, 0,
1369, 0,
1370, 0,
1371, 0,
1372, 0,
1373, 0,
1374, 0,
1375, 0,
1376, 0,
1377, 0,
1378, 0,
1379, 0,
1380, 0,
1381, 0,
1382, 0,
1383, 0,
1384, 0,
1385, 0,
1386, 0,
1387, 0,
1388, 0,
1389, 0,
1390, 0,
1391, 0,
1392, 0,
1393, 0,
1394, 0,
1395, 0,
1396, 0,
1397, 0,
1398, 0,
1399, 0,
1400, 0,
1401, 0,
1402, 0,
1403, 0,
1404, 0,
1405, 0,
1406, 0,
1407, 0,
1408, 0,
1409, 0,
1410, 0,
1411, 0,
1412, 0,
1413, 0,
1414, 0,
1415, 0,
1416, 0,
1417, 0,
1418, 0,
1419, 0,
1420, 0,
1421, 0,
1422, 0,
1423, 0,
1424, 0,
1425, 0,
1426, 0,
1427, 0,
1428, 0,
1429, 0,
1430, 0,
1431, 0,
1432, 0,
1433, 0,
1434, 0,
1435, 0,
1436, 0,
1437, 0,
1438, 0,
1439, 0,
1440, 0,
1441, 0,
1442, 0,
1443, 0,
1444, 0,
1445, 0,
1446, 0,
1447, 0,
1448, 0,
1449, 0,
1450, 0,
1451, 0,
1452, 0,
1453, 0,
1454, 0,
1455, 0,
1456, 0,
1457, 0,
1458, 0,
1459, 0,
1460, 0,
1461, 0,
1462, 0,
1463, 0,
1464, 0,
1465, 0,
1466, 0,
1467, 0,
1468, 0,
1469, 0,
1470, 0,
1471, 0,
1472, 0,
1473, 0,
1474, 0,
1475, 0,
1476, 0,
1477, 0,
1478, 0,
1479, 0,
1480, 0,
1481, 0,
1482, 0,
1483, 0,
1484, 0,
1485, 0,
1486, 0,
1487, 0,
1488, 0,
1489, 0,
1490, 0,
1491, 0,
1492, 0,
1493, 0,
1494, 0,
1495, 0,
1496, 0,
1497, 0,
1498, 0,
1499, 0,
1500, 0,
1501, 0,
1502, 0,
1503, 0,
1504, 0,
1505, 0,
1506, 0,
1507, 0,
1508, 0,
1509, 0,
1510, 0,
1511, 0,
1512, 0,
1513, 0,
1514, 0,
1515, 0,
1516, 0,
1517, 0,
1518, 0,
1519, 0,
1520, 0,
1521, 0,
1522, 0,
1523, 0,
1524, 0,
1525, 0,
1526, 0,
1527, 0,
1528, 0,
1529, 0,
1530, 0,
1531, 0,
1532, 0,
1533, 0,
1534, 0,
1535, 0,
1536, 0,
1537, 0,
1538, 0,
1539, 0,
1540, 0,
1541, 0,
1542, 0,
1543, 0,
1544, 0,
1545, 0,
1546, 0,
1547, 0,
1548, 0,
1549, 0,
1550, 0,
1551, 0,
1552, 0,
1553, 0,
1554, 0,
1555, 0,
1556, 0,
1557, 0,
1558, 0,
1559, 0,
1560, 0,
1561, 0,
1562, 0,
1563, 0,
1564, 0,
1565, 0,
1566, 0,
1567, 0,
1568, 0,
1569, 0,
1570, 0,
1571, 0,
1572, 0,
1573, 0,
1574, 0,
1575, 0,
1576, 0,
1577, 0,
1578, 0,
1579, 0,
1580, 0,
1581, 0,
1582, 0,
1583, 0,
1584, 0,
1585, 0,
1586, 0,
1587, 0,
1588, 0,
1589, 0,
1590, 0,
1591, 0,
1592, 0,
1593, 0,
1594, 0,
1595, 0,
1596, 0,
1597, 0,
1598, 0,
1599, 0,
1600, 0,
1601, 0,
1602, 0,
1603, 0,
1604, 0,
1605, 0,
1606, 0,
1607, 0,
1608, 0,
1609, 0,
1610, 0,
1611, 0,
1612, 0,
1613, 0,
1614, 0,
1615, 0,
1616, 0,
1617, 0,
1618, 0,
1619, 0,
1620, 0,
1621, 0,
1622, 0,
1623, 0,
1624, 0,
1625, 0,
1626, 0,
1627, 0,
1628, 0,
1629, 0,
1630, 0,
1631, 0,
1632, 0,
1633, 0,
1634, 0,
1635, 0,
1636, 0,
1637, 0,
1638, 0,
1639, 0,
1640, 0,
1641, 0,
1642, 0,
1643, 0,
1644, 0,
1645, 0,
1646, 0,
1647, 0,
1648, 0,
1649, 0,
1650, 0,
1651, 0,
1652, 0,
1653, 0,
1654, 0,
1655, 0,
1656, 0,
1657, 0,
1658, 0,
1659, 0,
1660, 0,
1661, 0,
1662, 0,
1663, 0,
1664, 0,
1665, 0,
1666, 0,
1667, 0,
1668, 0,
1669, 0,
1670, 0,
1671, 0,
1672, 0,
1673, 0,
1674, 0,
1675, 0,
1676, 0,
1677, 0,
1678, 0,
1679, 0,
1680, 0,
1681, 0,
1682, 0,
1683, 0,
1684, 0,
1685, 0,
1686, 0,
1687, 0,
1688, 0,
1689, 0,
1690, 0,
1691, 0,
1692, 0,
1693, 0,
1694, 0,
1695, 0,
1696, 0,
1697, 0,
1698, 0,
1699, 0,
1700, 0,
1701, 0,
1702, 0,
1703, 0,
1704, 0,
1705, 0,
1706, 0,
1707, 0,
1708, 0,
1709, 0,
1710, 0,
1711, 0,
1712, 0,
1713, 0,
1714, 0,
1715, 0,
1716, 0,
1717, 0,
1718, 0,
1719, 0,
1720, 0,
1721, 0,
1722, 0,
1723, 0,
1724, 0,
1725, 0,
1726, 0,
1727, 0,
1728, 0,
1729, 0,
1730, 0,
1731, 0,
1732, 0,
1733, 0,
1734, 0,
1735, 0,
1736, 0,
1737, 0,
1738, 0,
1739, 0,
1740, 0,
1741, 0,
1742, 0,
1743, 0,
1744, 0,
1745, 0,
1746, 0,
1747, 0,
1748, 0,
1749, 0,
1750, 0,
1751, 0,
1752, 0,
1753, 0,
1754, 0,
1755, 0,
1756, 0,
1757, 0,
1758, 0,
1759, 0,
1760, 0,
1761, 0,
1762, 0,
1763, 0,
1764, 0,
1765, 0,
1766, 0,
1767, 0,
1768, 0,
1769, 0,
1770, 0,
1771, 0,
1772, 0,
1773, 0,
1774, 0,
1775, 0,
1776, 0,
1777, 0,
1778, 0,
1779, 0,
1780, 0,
1781, 0,
1782, 0,
1783, 0,
1784, 0,
1785, 0,
1786, 0,
1787, 0,
1788, 0,
1789, 0,
1790, 0,
1791, 0,
1792, 0,
1793, 0,
1794, 0,
1795, 0,
1796, 0,
1797, 0,
1798, 0,
1799, 0,
1800, 0,
1801, 0,
1802, 0,
1803, 0,
1804, 0,
1805, 0,
1806, 0,
1807, 0,
1808, 0,
1809, 0,
1810, 0,
1811, 0,
1812, 0,
1813, 0,
1814, 0,
1815, 0,
1816, 0,
1817, 0,
1818, 0,
1819, 0,
1820, 0,
1821, 0,
1822, 0,
1823, 0,
1824, 0,
1825, 0,
1826, 0,
1827, 0,
1828, 0,
1829, 0,
1830, 0,
1831, 0,
1832, 0,
1833, 0,
1834, 0,
1835, 0,
1836, 0,
1837, 0,
1838, 0,
1839, 0,
1840, 0,
1841, 0,
1842, 0,
1843, 0,
1844, 0,
1845, 0,
1846, 0,
1847, 0,
1848, 0,
1849, 0,
1850, 0,
1851, 0,
1852, 0,
1853, 0,
1854, 0,
1855, 0,
1856, 0,
1857, 0,
1858, 0,
1859, 0,
1860, 0,
1861, 0,
1862, 0,
1863, 0,
1864, 0,
1865, 0,
1866, 0,
1867, 0,
1868, 0,
1869, 0,
1870, 0,
1871, 0,
1872, 0,
1873, 0,
1874, 0,
1875, 0,
1876, 0,
1877, 0,
1878, 0,
1879, 0,
1880, 0,
1881, 0,
1882, 0,
1883, 0,
1884, 0,
1885, 0,
1886, 0,
1887, 0,
1888, 0,
1889, 0,
1890, 0,
1891, 0,
1892, 0,
1893, 0,
1894, 0,
1895, 0,
1896, 0,
1897, 0,
1898, 0,
1899, 0,
1900, 0,
1901, 0,
1902, 0,
1903, 0,
1904, 0,
1905, 0,
1906, 0,
1907, 0,
1908, 0,
1909, 0,
1910, 0,
1911, 0,
1912, 0,
1913, 0,
1914, 0,
1915, 0,
1916, 0,
1917, 0,
1918, 0,
1919, 0,
1920, 0,
1921, 0,
1922, 0,
1923, 0,
1924, 0,
1925, 0,
1926, 0,
1927, 0,
1928, 0,
1929, 0,
1930, 0,
1931, 0,
1932, 0,
1933, 0,
1934, 0,
1935, 0,
1936, 0,
1937, 0,
1938, 0,
1939, 0,
1940, 0,
1941, 0,
1942, 0,
1943, 0,
1944, 0,
1945, 0,
1946, 0,
1947, 0,
1948, 0,
1949, 0,
1950, 0,
1951, 0,
1952, 0,
1953, 0,
1954, 0,
1955, 0,
1956, 0,
1957, 0,
1958, 0,
1959, 0,
1960, 0,
1961, 0,
1962, 0,
1963, 0,
1964, 0,
1965, 0,
1966, 0,
1967, 0,
1968, 0,
1969, 0,
1970, 0,
1971, 0,
1972, 0,
1973, 0,
1974, 0,
1975, 0,
1976, 0,
1977, 0,
1978, 0,
1979, 0,
1980, 0,
1981, 0,
1982, 0,
1983, 0,
1984, 0,
1985, 0,
1986, 0,
1987, 0,
1988, 0,
1989, 0,
1990, 0,
1991, 0,
1992, 0,
1993, 0,
1994, 0,
1995, 0,
1996, 0,
1997, 0,
1998, 0,
1999, 0,
2000, 0,
2001, 0,
2002, 0,
2003, 0,
2004, 0,
2005, 0,
2006, 0,
2007, 0,
2008, 0,
2009, 0,
2010, 0,
2011, 0,
2012, 0,
2013, 0,
2014, 0,
2015, 0,
2016, 0,
2017, 0,
2018, 0,
2019, 0,
2020, 0,
2021, 0,
2022, 0,
2023, 0,
2024, 0,
2025, 0,
2026, 0,
2027, 0,
2028, 0,
2029, 0,
2030, 0,
2031, 0,
2032, 0,
2033, 0,
2034, 0,
2035, 0,
2036, 0,
2037, 0,
2038, 0,
2039, 0,
2040, 0,
2041, 0,
2042, 0,
2043, 0,
2044, 0,
2045, 0,
2046, 0,
2047, 0,
2048, 0,
2049, 0,
2050, 0,
2051, 0,
2052, 0,
2053, 0,
2054, 0,
2055, 0,
2056, 0,
2057, 0,
2058, 0,
2059, 0,
2060, 0,
2061, 0,
2062, 0,
2063, 0,
2064, 0,
2065, 0,
2066, 0,
2067, 0,
2068, 0,
2069, 0,
2070, 0,
2071, 0,
2072, 0,
2073, 0,
2074, 0,
2075, 0,
2076, 0,
2077, 0,
2078, 0,
2079, 0,
2080, 0,
2081, 0,
2082, 0,
2083, 0,
2084, 0,
2085, 0,
2086, 0,
2087, 0,
2088, 0,
2089, 0,
2090, 0,
2091, 0,
2092, 0,
2093, 0,
2094, 0,
2095, 0,
2096, 0,
2097, 0,
2098, 0,
2099, 0,
2100, 0,
2101, 0,
2102, 0,
2103, 0,
2104, 0,
2105, 0,
2106, 0,
2107, 0,
2108, 0,
2109, 0,
2110, 0,
2111, 0,
2112, 0,
2113, 0,
2114, 0,
2115, 0,
2116, 0,
2117, 0,
2118, 0,
2119, 0,
2120, 0,
2121, 0,
2122, 0,
2123, 0,
2124, 0,
2125, 0,
2126, 0,
2127, 0,
2128, 0,
2129, 0,
2130, 0,
2131, 0,
2132, 0,
2133, 0,
2134, 0,
2135, 0,
2136, 0,
2137, 0,
2138, 0,
2139, 0,
2140, 0,
2141, 0,
2142, 0,
2143, 0,
2144, 0,
2145, 0,
2146, 0,
2147, 0,
2148, 0,
2149, 0,
2150, 0,
2151, 0,
2152, 0,
2153, 0,
2154, 0,
2155, 0,
2156, 0,
2157, 0,
2158, 0,
2159, 0,
2160, 0,
2161, 0,
2162, 0,
2163, 0,
2164, 0,
2165, 0,
2166, 0,
2167, 0,
2168, 0,
2169, 0,
2170, 0,
2171, 0,
2172, 0,
2173, 0,
2174, 0,
2175, 0,
2176, 0,
2177, 0,
2178, 0,
2179, 0,
2180, 0,
2181, 0,
2182, 0,
2183, 0,
2184, 0,
2185, 0,
2186, 0,
2187, 0,
2188, 0,
2189, 0,
2190, 0,
2191, 0,
2192, 0,
2193, 0,
2194, 0,
2195, 0,
2196, 0,
2197, 0,
2198, 0,
2199, 0,
2200, 0,
2201, 0,
2202, 0,
2203, 0,
2204, 0,
2205, 0,
2206, 0,
2207, 0,
2208, 0,
2209, 0,
2210, 0,
2211, 0,
2212, 0,
2213, 0,
2214, 0,
2215, 0,
2216, 0,
2217, 0,
2218, 0,
2219, 0,
2220, 0,
2221, 0,
2222, 0,
2223, 0,
2224, 0,
2225, 0,
2226, 0,
2227, 0,
2228, 0,
2229, 0,
2230, 0,
2231, 0,
2232, 0,
2233, 0,
2234, 0,
2235, 0,
2236, 0,
2237, 0,
2238, 0,
2239, 0,
2240, 0,
2241, 0,
2242, 0,
2243, 0,
2244, 0,
2245, 0,
2246, 0,
2247, 0,
2248, 0,
2249, 0,
2250, 0,
2251, 0,
2252, 0,
2253, 0,
2254, 0,
2255, 0,
2256, 0,
2257, 0,
2258, 0,
2259, 0,
2260, 0,
2261, 0,
2262, 0,
2263, 0,
2264, 0,
2265, 0,
2266, 0,
2267, 0,
2268, 0,
2269, 0,
2270, 0,
2271, 0,
2272, 0,
2273, 0,
2274, 0,
2275, 0,
2276, 0,
2277, 0,
2278, 0,
2279, 0,
2280, 0,
2281, 0,
2282, 0,
2283, 0,
2284, 0,
2285, 0,
2286, 0,
2287, 0,
2288, 0,
2289, 0,
2290, 0,
2291, 0,
2292, 0,
2293, 0,
2294, 0,
2295, 0,
2296, 0,
2297, 0,
2298, 0,
2299, 0,
2300, 0,
2301, 0,
2302, 0,
2303, 0,
2304, 0,
2305, 0,
2306, 0,
2307, 0,
2308, 0,
2309, 0,
2310, 0,
2311, 0,
2312, 0,
2313, 0,
2314, 0,
2315, 0,
2316, 0,
2317, 0,
2318, 0,
2319, 0,
2320, 0,
2321, 0,
2322, 0,
2323, 0,
2324, 0,
2325, 0,
2326, 0,
2327, 0,
2328, 0,
2329, 0,
2330, 0,
2331, 0,
2332, 0,
2333, 0,
2334, 0,
2335, 0,
2336, 0,
2337, 0,
2338, 0,
2339, 0,
2340, 0,
2341, 0,
2342, 0,
2343, 0,
2344, 0,
2345, 0,
2346, 0,
2347, 0,
2348, 0,
2349, 0,
2350, 0,
2351, 0,
2352, 0,
2353, 0,
2354, 0,
2355, 0,
2356, 0,
2357, 0,
2358, 0,
2359, 0,
2360, 0,
2361, 0,
2362, 0,
2363, 0,
2364, 0,
2365, 0,
2366, 0,
2367, 0,
2368, 0,
2369, 0,
2370, 0,
2371, 0,
2372, 0,
2373, 0,
2374, 0,
2375, 0,
2376, 0,
2377, 0,
2378, 0,
2379, 0,
2380, 0,
2381, 0,
2382, 0,
2383, 0,
2384, 0,
2385, 0,
2386, 0,
2387, 0,
2388, 0,
2389, 0,
2390, 0,
2391, 0,
2392, 0,
2393, 0,
2394, 0,
2395, 0,
2396, 0,
2397, 0,
2398, 0,
2399, 0,
2400, 0,
2401, 0,
2402, 0,
2403, 0,
2404, 0,
2405, 0,
2406, 0,
2407, 0,
2408, 0,
2409, 0,
2410, 0,
2411, 0,
2412, 0,
2413, 0,
2414, 0,
2415, 0,
2416, 0,
2417, 0,
2418, 0,
2419, 0,
2420, 0,
2421, 0,
2422, 0,
2423, 0,
2424, 0,
2425, 0,
2426, 0,
2427, 0,
2428, 0,
2429, 0,
2430, 0,
2431, 0,
2432, 0,
2433, 0,
2434, 0,
2435, 0,
2436, 0,
2437, 0,
2438, 0,
2439, 0,
2440, 0,
2441, 0,
2442, 0,
2443, 0,
2444, 0,
2445, 0,
2446, 0,
2447, 0,
2448, 0,
2449, 0,
2450, 0,
2451, 0,
2452, 0,
2453, 0,
2454, 0,
2455, 0,
2456, 0,
2457, 0,
2458, 0,
2459, 0,
2460, 0,
2461, 0,
2462, 0,
2463, 0,
2464, 0,
2465, 0,
2466, 0,
2467, 0,
2468, 0,
2469, 0,
2470, 0,
2471, 0,
2472, 0,
2473, 0,
2474, 0,
2475, 0,
2476, 0,
2477, 0,
2478, 0,
2479, 0,
2480, 0,
2481, 0,
2482, 0,
2483, 0,
2484, 0,
2485, 0,
2486, 0,
2487, 0,
2488, 0,
2489, 0,
2490, 0,
2491, 0,
2492, 0,
2493, 0,
2494, 0,
2495, 0,
2496, 0,
2497, 0,
2498, 0,
2499, 0,
2500, 0,
2501, 0,
2502, 0,
2503, 0,
2504, 0,
2505, 0,
2506, 0,
2507, 0,
2508, 0,
2509, 0,
2510, 0,
2511, 0,
2512, 0,
2513, 0,
2514, 0,
2515, 0,
2516, 0,
2517, 0,
2518, 0,
2519, 0,
2520, 0,
2521, 0,
2522, 0,
2523, 0,
2524, 0,
2525, 0,
2526, 0,
2527, 0,
2528, 0,
2529, 0,
2530, 0,
2531, 0,
2532, 0,
2533, 0,
2534, 0,
2535, 0,
2536, 0,
2537, 0,
2538, 0,
2539, 0,
2540, 0,
2541, 0,
2542, 0,
2543, 0,
2544, 0,
2545, 0,
2546, 0,
2547, 0,
2548, 0,
2549, 0,
2550, 0,
2551, 0,
2552, 0,
2553, 0,
2554, 0,
2555, 0,
2556, 0,
2557, 0,
2558, 0,
2559, 0,
2560, 0,
2561, 0,
2562, 0,
2563, 0,
2564, 0,
2565, 0,
2566, 0,
2567, 0,
2568, 0,
2569, 0,
2570, 0,
2571, 0,
2572, 0,
2573, 0,
2574, 0,
2575, 0,
2576, 0,
2577, 0,
2578, 0,
2579, 0,
2580, 0,
2581, 0,
2582, 0,
2583, 0,
2584, 0,
2585, 0,
2586, 0,
2587, 0,
2588, 0,
2589, 0,
2590, 0,
2591, 0,
2592, 0,
2593, 0,
2594, 0,
2595, 0,
2596, 0,
2597, 0,
2598, 0,
2599, 0,
2600, 0,
2601, 0,
2602, 0,
2603, 0,
2604, 0,
2605, 0,
2606, 0,
2607, 0,
2608, 0,
2609, 0,
2610, 0,
2611, 0,
2612, 0,
2613, 0,
2614, 0,
2615, 0,
2616, 0,
2617, 0,
2618, 0,
2619, 0,
2620, 0,
2621, 0,
2622, 0,
2623, 0,
2624, 0,
2625, 0,
2626, 0,
2627, 0,
2628, 0,
2629, 0,
2630, 0,
2631, 0,
2632, 0,
2633, 0,
2634, 0,
2635, 0,
2636, 0,
2637, 0,
2638, 0,
2639, 0,
2640, 0,
2641, 0,
2642, 0,
2643, 0,
2644, 0,
2645, 0,
2646, 0,
2647, 0,
2648, 0,
2649, 0,
2650, 0,
2651, 0,
2652, 0,
2653, 0,
2654, 0,
2655, 0,
2656, 0,
2657, 0,
2658, 0,
2659, 0,
2660, 0,
2661, 0,
2662, 0,
2663, 0,
2664, 0,
2665, 0,
2666, 0,
2667, 0,
2668, 0,
2669, 0,
2670, 0,
2671, 0,
2672, 0,
2673, 0,
2674, 0,
2675, 0,
2676, 0,
2677, 0,
2678, 0,
2679, 0,
2680, 0,
2681, 0,
2682, 0,
2683, 0,
2684, 0,
2685, 0,
2686, 0,
2687, 0,
2688, 0,
2689, 0,
2690, 0,
2691, 0,
2692, 0,
2693, 0,
2694, 0,
2695, 0,
2696, 0,
2697, 0,
2698, 0,
2699, 0,
2700, 0,
2701, 0,
2702, 0,
2703, 0,
2704, 0,
2705, 0,
2706, 0,
2707, 0,
2708, 0,
2709, 0,
2710, 0,
2711, 0,
2712, 0,
2713, 0,
2714, 0,
2715, 0,
2716, 0,
2717, 0,
2718, 0,
2719, 0,
2720, 0,
2721, 0,
2722, 0,
2723, 0,
2724, 0,
2725, 0,
2726, 0,
2727, 0,
2728, 0,
2729, 0,
2730, 0,
2731, 0,
2732, 0,
2733, 0,
2734, 0,
2735, 0,
2736, 0,
2737, 0,
2738, 0,
2739, 0,
2740, 0,
2741, 0,
2742, 0,
2743, 0,
2744, 0,
2745, 0,
2746, 0,
2747, 0,
2748, 0,
2749, 0,
2750, 0,
2751, 0,
2752, 0,
2753, 0,
2754, 0,
2755, 0,
2756, 0,
2757, 0,
2758, 0,
2759, 0,
2760, 0,
2761, 0,
2762, 0,
2763, 0,
2764, 0,
2765, 0,
2766, 0,
2767, 0,
2768, 0,
2769, 0,
2770, 0,
2771, 0,
2772, 0,
2773, 0,
2774, 0,
2775, 0,
2776, 0,
2777, 0,
2778, 0,
2779, 0,
2780, 0,
2781, 0,
2782, 0,
2783, 0,
2784, 0,
2785, 0,
2786, 0,
2787, 0,
2788, 0,
2789, 0,
2790, 0,
2791, 0,
2792, 0,
2793, 0,
2794, 0,
2795, 0,
2796, 0,
2797, 0,
2798, 0,
2799, 0,
2800, 0,
2801, 0,
2802, 0,
2803, 0,
2804, 0,
