-2805, 0,
-2804, 0,
-2803, 0,
-2802, 0,
-2801, 0,
-2800, 0,
-2799, 0,
-2798, 0,
-2797, 0,
-2796, 0,
-2795, 0,
-2794, 0,
-2793, 0,
-2792, 0,
-2791, 0,
-2790, 0,
-2789, 0,
-2788, 0,
-2787, 0,
-2786, 0,
-2785, 0,
-2784, 0,
-2783, 0,
-2782, 0,
-2781, 0,
-2780, 0,
-2779, 0,
-2778, 0,
-2777, 0,
-2776, 0,
-2775, 0,
-2774, 0,
-2773, 0,
-2772, 0,
-2771, 0,
-2770, 0,
-2769, 0,
-2768, 0,
-2767, 0,
-2766, 0,
-2765, 0,
-2764, 0,
-2763, 0,
-2762, 0,
-2761, 0,
-2760, 0,
-2759, 0,
-2758, 0,
-2757, 0,
-2756, 0,
-2755, 0,
-2754, 0,
-2753, 0,
-2752, 0,
-2751, 0,
-2750, 0,
-2749, 0,
-2748, 0,
-2747, 0,
-2746, 0,
-2745, 0,
-2744, 0,
-2743, 0,
-2742, 0,
-2741, 0,
-2740, 0,
-2739, 0,
-2738, 0,
-2737, 0,
-2736, 0,
-2735, 0,
-2734, 0,
-2733, 0,
-2732, 0,
-2731, 0,
-2730, 0,
-2729, 0,
-2728, 0,
-2727, 0,
-2726, 0,
-2725, 0,
-2724, 0,
-2723, 0,
-2722, 0,
-2721, 0,
-2720, 0,
-2719, 0,
-2718, 0,
-2717, 0,
-2716, 0,
-2715, 0,
-2714, 0,
-2713, 0,
-2712, 0,
-2711, 0,
-2710, 0,
-2709, 0,
-2708, 0,
-2707, 0,
-2706, 0,
-2705, 0,
-2704, 0,
-2703, 0,
-2702, 0,
-2701, 0,
-2700, 0,
-2699, 0,
-2698, 0,
-2697, 0,
-2696, 0,
-2695, 0,
-2694, 0,
-2693, 0,
-2692, 0,
-2691, 0,
-2690, 0,
-2689, 0,
-2688, 0,
-2687, 0,
-2686, 0,
-2685, 0,
-2684, 0,
-2683, 0,
-2682, 0,
-2681, 0,
-2680, 0,
-2679, 0,
-2678, 0,
-2677, 0,
-2676, 0,
-2675, 0,
-2674, 0,
-2673, 0,
-2672, 0,
-2671, 0,
-2670, 0,
-2669, 0,
-2668, 0,
-2667, 0,
-2666, 0,
-2665, 0,
-2664, 0,
-2663, 0,
-2662, 0,
-2661, 0,
-2660, 0,
-2659, 0,
-2658, 0,
-2657, 0,
-2656, 0,
-2655, 0,
-2654, 0,
-2653, 0,
-2652, 0,
-2651, 0,
-2650, 0,
-2649, 0,
-2648, 0,
-2647, 0,
-2646, 0,
-2645, 0,
-2644, 0,
-2643, 0,
-2642, 0,
-2641, 0,
-2640, 0,
-2639, 0,
-2638, 0,
-2637, 0,
-2636, 0,
-2635, 0,
-2634, 0,
-2633, 0,
-2632, 0,
-2631, 0,
-2630, 0,
-2629, 0,
-2628, 0,
-2627, 0,
-2626, 0,
-2625, 0,
-2624, 0,
-2623, 0,
-2622, 0,
-2621, 0,
-2620, 0,
-2619, 0,
-2618, 0,
-2617, 0,
-2616, 0,
-2615, 0,
-2614, 0,
-2613, 0,
-2612, 0,
-2611, 0,
-2610, 0,
-2609, 0,
-2608, 0,
-2607, 0,
-2606, 0,
-2605, 0,
-2604, 0,
-2603, 0,
-2602, 0,
-2601, 0,
-2600, 0,
-2599, 0,
-2598, 0,
-2597, 0,
-2596, 0,
-2595, 0,
-2594, 0,
-2593, 0,
-2592, 0,
-2591, 0,
-2590, 0,
-2589, 0,
-2588, 0,
-2587, 0,
-2586, 0,
-2585, 0,
-2584, 0,
-2583, 0,
-2582, 0,
-2581, 0,
-2580, 0,
-2579, 0,
-2578, 0,
-2577, 0,
-2576, 0,
-2575, 0,
-2574, 0,
-2573, 0,
-2572, 0,
-2571, 0,
-2570, 0,
-2569, 0,
-2568, 0,
-2567, 0,
-2566, 0,
-2565, 0,
-2564, 0,
-2563, 0,
-2562, 0,
-2561, 0,
-2560, 0,
-2559, 0,
-2558, 0,
-2557, 0,
-2556, 0,
-2555, 0,
-2554, 0,
-2553, 0,
-2552, 0,
-2551, 0,
-2550, 0,
-2549, 0,
-2548, 0,
-2547, 0,
-2546, 0,
-2545, 0,
-2544, 0,
-2543, 0,
-2542, 0,
-2541, 0,
-2540, 0,
-2539, 0,
-2538, 0,
-2537, 0,
-2536, 0,
-2535, 0,
-2534, 0,
-2533, 0,
-2532, 0,
-2531, 0,
-2530, 0,
-2529, 0,
-2528, 0,
-2527, 0,
-2526, 0,
-2525, 0,
-2524, 0,
-2523, 0,
-2522, 0,
-2521, 0,
-2520, 0,
-2519, 0,
-2518, 0,
-2517, 0,
-2516, 0,
-2515, 0,
-2514, 0,
-2513, 0,
-2512, 0,
-2511, 0,
-2510, 0,
-2509, 0,
-2508, 0,
-2507, 0,
-2506, 0,
-2505, 0,
-2504, 0,
-2503, 0,
-2502, 0,
-2501, 0,
-2500, 0,
-2499, 0,
-2498, 0,
-2497, 0,
-2496, 0,
-2495, 0,
-2494, 0,
-2493, 0,
-2492, 0,
-2491, 0,
-2490, 0,
-2489, 0,
-2488, 0,
-2487, 0,
-2486, 0,
-2485, 0,
-2484, 0,
-2483, 0,
-2482, 0,
-2481, 0,
-2480, 0,
-2479, 0,
-2478, 0,
-2477, 0,
-2476, 0,
-2475, 0,
-2474, 0,
-2473, 0,
-2472, 0,
-2471, 0,
-2470, 0,
-2469, 0,
-2468, 0,
-2467, 0,
-2466, 0,
-2465, 0,
-2464, 0,
-2463, 0,
-2462, 0,
-2461, 0,
-2460, 0,
-2459, 0,
-2458, 0,
-2457, 0,
-2456, 0,
-2455, 0,
-2454, 0,
-2453, 0,
-2452, 0,
-2451, 0,
-2450, 0,
-2449, 0,
-2448, 0,
-2447, 0,
-2446, 0,
-2445, 0,
-2444, 0,
-2443, 0,
-2442, 0,
-2441, 0,
-2440, 0,
-2439, 0,
-2438, 0,
-2437, 0,
-2436, 0,
-2435, 0,
-2434, 0,
-2433, 0,
-2432, 0,
-2431, 0,
-2430, 0,
-2429, 0,
-2428, 0,
-2427, 0,
-2426, 0,
-2425, 0,
-2424, 0,
-2423, 0,
-2422, 0,
-2421, 0,
-2420, 0,
-2419, 0,
-2418, 0,
-2417, 0,
-2416, 0,
-2415, 0,
-2414, 0,
-2413, 0,
-2412, 0,
-2411, 0,
-2410, 0,
-2409, 0,
-2408, 0,
-2407, 0,
-2406, 0,
-2405, 0,
-2404, 0,
-2403, 0,
-2402, 0,
-2401, 0,
-2400, 0,
-2399, 0,
-2398, 0,
-2397, 0,
-2396, 0,
-2395, 0,
-2394, 0,
-2393, 0,
-2392, 0,
-2391, 0,
-2390, 0,
-2389, 0,
-2388, 0,
-2387, 0,
-2386, 0,
-2385, 0,
-2384, 0,
-2383, 0,
-2382, 0,
-2381, 0,
-2380, 0,
-2379, 0,
-2378, 0,
-2377, 0,
-2376, 0,
-2375, 0,
-2374, 0,
-2373, 0,
-2372, 0,
-2371, 0,
-2370, 0,
-2369, 0,
-2368, 0,
-2367, 0,
-2366, 0,
-2365, 0,
-2364, 0,
-2363, 0,
-2362, 0,
-2361, 0,
-2360, 0,
-2359, 0,
-2358, 0,
-2357, 0,
-2356, 0,
-2355, 0,
-2354, 0,
-2353, 0,
-2352, 0,
-2351, 0,
-2350, 0,
-2349, 0,
-2348, 0,
-2347, 0,
-2346, 0,
-2345, 0,
-2344, 0,
-2343, 0,
-2342, 0,
-2341, 0,
-2340, 0,
-2339, 0,
-2338, 0,
-2337, 0,
-2336, 0,
-2335, 0,
-2334, 0,
-2333, 0,
-2332, 0,
-2331, 0,
-2330, 0,
-2329, 0,
-2328, 0,
-2327, 0,
-2326, 0,
-2325, 0,
-2324, 0,
-2323, 0,
-2322, 0,
-2321, 0,
-2320, 0,
-2319, 0,
-2318, 0,
-2317, 0,
-2316, 0,
-2315, 0,
-2314, 0,
-2313, 0,
-2312, 0,
-2311, 0,
-2310, 0,
-2309, 0,
-2308, 0,
-2307, 0,
-2306, 0,
-2305, 0,
-2304, 0,
-2303, 0,
-2302, 0,
-2301, 0,
-2300, 0,
-2299, 0,
-2298, 0,
-2297, 0,
-2296, 0,
-2295, 0,
-2294, 0,
-2293, 0,
-2292, 0,
-2291, 0,
-2290, 0,
-2289, 0,
-2288, 0,
-2287, 0,
-2286, 0,
-2285, 0,
-2284, 0,
-2283, 0,
-2282, 0,
-2281, 0,
-2280, 0,
-2279, 0,
-2278, 0,
-2277, 0,
-2276, 0,
-2275, 0,
-2274, 0,
-2273, 0,
-2272, 0,
-2271, 0,
-2270, 0,
-2269, 0,
-2268, 0,
-2267, 0,
-2266, 0,
-2265, 0,
-2264, 0,
-2263, 0,
-2262, 0,
-2261, 0,
-2260, 0,
-2259, 0,
-2258, 0,
-2257, 0,
-2256, 0,
-2255, 0,
-2254, 0,
-2253, 0,
-2252, 0,
-2251, 0,
-2250, 0,
-2249, 0,
-2248, 0,
-2247, 0,
-2246, 0,
-2245, 0,
-2244, 0,
-2243, 0,
-2242, 0,
-2241, 0,
-2240, 0,
-2239, 0,
-2238, 0,
-2237, 0,
-2236, 0,
-2235, 0,
-2234, 0,
-2233, 0,
-2232, 0,
-2231, 0,
-2230, 0,
-2229, 0,
-2228, 0,
-2227, 0,
-2226, 0,
-2225, 0,
-2224, 0,
-2223, 0,
-2222, 0,
-2221, 0,
-2220, 0,
-2219, 0,
-2218, 0,
-2217, 0,
-2216, 0,
-2215, 0,
-2214, 0,
-2213, 0,
-2212, 0,
-2211, 0,
-2210, 0,
-2209, 0,
-2208, 0,
-2207, 0,
-2206, 0,
-2205, 0,
-2204, 0,
-2203, 0,
-2202, 0,
-2201, 0,
-2200, 0,
-2199, 0,
-2198, 0,
-2197, 0,
-2196, 0,
-2195, 0,
-2194, 0,
-2193, 0,
-2192, 0,
-2191, 0,
-2190, 0,
-2189, 0,
-2188, 0,
-2187, 0,
-2186, 0,
-2185, 0,
-2184, 0,
-2183, 0,
-2182, 0,
-2181, 0,
-2180, 0,
-2179, 0,
-2178, 0,
-2177, 0,
-2176, 0,
-2175, 0,
-2174, 0,
-2173, 0,
-2172, 0,
-2171, 0,
-2170, 0,
-2169, 0,
-2168, 0,
-2167, 0,
-2166, 0,
-2165, 0,
-2164, 0,
-2163, 0,
-2162, 0,
-2161, 0,
-2160, 0,
-2159, 0,
-2158, 0,
-2157, 0,
-2156, 0,
-2155, 0,
-2154, 0,
-2153, 0,
-2152, 0,
-2151, 0,
-2150, 0,
-2149, 0,
-2148, 0,
-2147, 0,
-2146, 0,
-2145, 0,
-2144, 0,
-2143, 0,
-2142, 0,
-2141, 0,
-2140, 0,
-2139, 0,
-2138, 0,
-2137, 0,
-2136, 0,
-2135, 0,
-2134, 0,
-2133, 0,
-2132, 0,
-2131, 0,
-2130, 0,
-2129, 0,
-2128, 0,
-2127, 0,
-2126, 0,
-2125, 0,
-2124, 0,
-2123, 0,
-2122, 0,
-2121, 0,
-2120, 0,
-2119, 0,
-2118, 0,
-2117, 0,
-2116, 0,
-2115, 0,
-2114, 0,
-2113, 0,
-2112, 0,
-2111, 0,
-2110, 0,
-2109, 0,
-2108, 0,
-2107, 0,
-2106, 0,
-2105, 0,
-2104, 0,
-2103, 0,
-2102, 0,
-2101, 0,
-2100, 0,
-2099, 0,
-2098, 0,
-2097, 0,
-2096, 0,
-2095, 0,
-2094, 0,
-2093, 0,
-2092, 0,
-2091, 0,
-2090, 0,
-2089, 0,
-2088, 0,
-2087, 0,
-2086, 0,
-2085, 0,
-2084, 0,
-2083, 0,
-2082, 0,
-2081, 0,
-2080, 0,
-2079, 0,
-2078, 0,
-2077, 0,
-2076, 0,
-2075, 0,
-2074, 0,
-2073, 0,
-2072, 0,
-2071, 0,
-2070, 0,
-2069, 0,
-2068, 0,
-2067, 0,
-2066, 0,
-2065, 0,
-2064, 0,
-2063, 0,
-2062, 0,
-2061, 0,
-2060, 0,
-2059, 0,
-2058, 0,
-2057, 0,
-2056, 0,
-2055, 0,
-2054, 0,
-2053, 0,
-2052, 0,
-2051, 0,
-2050, 0,
-2049, 0,
-2048, 0,
-2047, 0,
-2046, 0,
-2045, 0,
-2044, 0,
-2043, 0,
-2042, 0,
-2041, 0,
-2040, 0,
-2039, 0,
-2038, 0,
-2037, 0,
-2036, 0,
-2035, 0,
-2034, 0,
-2033, 0,
-2032, 0,
-2031, 0,
-2030, 0,
-2029, 0,
-2028, 0,
-2027, 0,
-2026, 0,
-2025, 0,
-2024, 0,
-2023, 0,
-2022, 0,
-2021, 0,
-2020, 0,
-2019, 0,
-2018, 0,
-2017, 0,
-2016, 0,
-2015, 0,
-2014, 0,
-2013, 0,
-2012, 0,
-2011, 0,
-2010, 0,
-2009, 0,
-2008, 0,
-2007, 0,
-2006, 0,
-2005, 0,
-2004, 0,
-2003, 0,
-2002, 0,
-2001, 0,
-2000, 0,
-1999, 0,
-1998, 0,
-1997, 0,
-1996, 0,
-1995, 0,
-1994, 0,
-1993, 0,
-1992, 0,
-1991, 0,
-1990, 0,
-1989, 0,
-1988, 0,
-1987, 0,
-1986, 0,
-1985, 0,
-1984, 0,
-1983, 0,
-1982, 0,
-1981, 0,
-1980, 0,
-1979, 0,
-1978, 0,
-1977, 0,
-1976, 0,
-1975, 0,
-1974, 0,
-1973, 0,
-1972, 0,
-1971, 0,
-1970, 0,
-1969, 0,
-1968, 0,
-1967, 0,
-1966, 0,
-1965, 0,
-1964, 0,
-1963, 0,
-1962, 0,
-1961, 0,
-1960, 0,
-1959, 0,
-1958, 0,
-1957, 0,
-1956, 0,
-1955, 0,
-1954, 0,
-1953, 0,
-1952, 0,
-1951, 0,
-1950, 0,
-1949, 0,
-1948, 0,
-1947, 0,
-1946, 0,
-1945, 0,
-1944, 0,
-1943, 0,
-1942, 0,
-1941, 0,
-1940, 0,
-1939, 0,
-1938, 0,
-1937, 0,
-1936, 0,
-1935, 0,
-1934, 0,
-1933, 0,
-1932, 0,
-1931, 0,
-1930, 0,
-1929, 0,
-1928, 0,
-1927, 0,
-1926, 0,
-1925, 0,
-1924, 0,
-1923, 0,
-1922, 0,
-1921, 0,
-1920, 0,
-1919, 0,
-1918, 0,
-1917, 0,
-1916, 0,
-1915, 0,
-1914, 0,
-1913, 0,
-1912, 0,
-1911, 0,
-1910, 0,
-1909, 0,
-1908, 0,
-1907, 0,
-1906, 0,
-1905, 0,
-1904, 0,
-1903, 0,
-1902, 0,
-1901, 0,
-1900, 0,
-1899, 0,
-1898, 0,
-1897, 0,
-1896, 0,
-1895, 0,
-1894, 0,
-1893, 0,
-1892, 0,
-1891, 0,
-1890, 0,
-1889, 0,
-1888, 0,
-1887, 0,
-1886, 0,
-1885, 0,
-1884, 0,
-1883, 0,
-1882, 0,
-1881, 0,
-1880, 0,
-1879, 0,
-1878, 0,
-1877, 0,
-1876, 0,
-1875, 0,
-1874, 0,
-1873, 0,
-1872, 0,
-1871, 0,
-1870, 0,
-1869, 0,
-1868, 0,
-1867, 0,
-1866, 0,
-1865, 0,
-1864, 0,
-1863, 0,
-1862, 0,
-1861, 0,
-1860, 0,
-1859, 0,
-1858, 0,
-1857, 0,
-1856, 0,
-1855, 0,
-1854, 0,
-1853, 0,
-1852, 0,
-1851, 0,
-1850, 0,
-1849, 0,
-1848, 0,
-1847, 0,
-1846, 0,
-1845, 0,
-1844, 0,
-1843, 0,
-1842, 0,
-1841, 0,
-1840, 0,
-1839, 0,
-1838, 0,
-1837, 0,
-1836, 0,
-1835, 0,
-1834, 0,
-1833, 0,
-1832, 0,
-1831, 0,
-1830, 0,
-1829, 0,
-1828, 0,
-1827, 0,
-1826, 0,
-1825, 0,
-1824, 0,
-1823, 0,
-1822, 0,
-1821, 0,
-1820, 0,
-1819, 0,
-1818, 0,
-1817, 0,
-1816, 0,
-1815, 0,
-1814, 0,
-1813, 0,
-1812, 0,
-1811, 0,
-1810, 0,
-1809, 0,
-1808, 0,
-1807, 0,
-1806, 0,
-1805, 0,
-1804, 0,
-1803, 0,
-1802, 0,
-1801, 0,
-1800, 0,
-1799, 0,
-1798, 0,
-1797, 0,
-1796, 0,
-1795, 0,
-1794, 0,
-1793, 0,
-1792, 0,
-1791, 0,
-1790, 0,
-1789, 0,
-1788, 0,
-1787, 0,
-1786, 0,
-1785, 0,
-1784, 0,
-1783, 0,
-1782, 0,
-1781, 0,
-1780, 0,
-1779, 0,
-1778, 0,
-1777, 0,
-1776, 0,
-1775, 0,
-1774, 0,
-1773, 0,
-1772, 0,
-1771, 0,
-1770, 0,
-1769, 0,
-1768, 0,
-1767, 0,
-1766, 0,
-1765, 0,
-1764, 0,
-1763, 0,
-1762, 0,
-1761, 0,
-1760, 0,
-1759, 0,
-1758, 0,
-1757, 0,
-1756, 0,
-1755, 0,
-1754, 0,
-1753, 0,
-1752, 0,
-1751, 0,
-1750, 0,
-1749, 0,
-1748, 0,
-1747, 0,
-1746, 0,
-1745, 0,
-1744, 0,
-1743, 0,
-1742, 0,
-1741, 0,
-1740, 0,
-1739, 0,
-1738, 0,
-1737, 0,
-1736, 0,
-1735, 0,
-1734, 0,
-1733, 0,
-1732, 0,
-1731, 0,
-1730, 0,
-1729, 0,
-1728, 0,
-1727, 0,
-1726, 0,
-1725, 0,
-1724, 0,
-1723, 0,
-1722, 0,
-1721, 0,
-1720, 0,
-1719, 0,
-1718, 0,
-1717, 0,
-1716, 0,
-1715, 0,
-1714, 0,
-1713, 0,
-1712, 0,
-1711, 0,
-1710, 0,
-1709, 0,
-1708, 0,
-1707, 0,
-1706, 0,
-1705, 0,
-1704, 0,
-1703, 0,
-1702, 0,
-1701, 0,
-1700, 0,
-1699, 0,
-1698, 0,
-1697, 0,
-1696, 0,
-1695, 0,
-1694, 0,
-1693, 0,
-1692, 0,
-1691, 0,
-1690, 0,
-1689, 0,
-1688, 0,
-1687, 0,
-1686, 0,
-1685, 0,
-1684, 0,
-1683, 0,
-1682, 0,
-1681, 0,
-1680, 0,
-1679, 0,
-1678, 0,
-1677, 0,
-1676, 0,
-1675, 0,
-1674, 0,
-1673, 0,
-1672, 0,
-1671, 0,
-1670, 0,
-1669, 0,
-1668, 0,
-1667, 0,
-1666, 0,
-1665, 0,
-1664, 0,
-1663, 0,
-1662, 0,
-1661, 0,
-1660, 0,
-1659, 0,
-1658, 0,
-1657, 0,
-1656, 0,
-1655, 0,
-1654, 0,
-1653, 0,
-1652, 0,
-1651, 0,
-1650, 0,
-1649, 0,
-1648, 0,
-1647, 0,
-1646, 0,
-1645, 0,
-1644, 0,
-1643, 0,
-1642, 0,
-1641, 0,
-1640, 0,
-1639, 0,
-1638, 0,
-1637, 0,
-1636, 0,
-1635, 0,
-1634, 0,
-1633, 0,
-1632, 0,
-1631, 0,
-1630, 0,
-1629, 0,
-1628, 0,
-1627, 0,
-1626, 0,
-1625, 0,
-1624, 0,
-1623, 0,
-1622, 0,
-1621, 0,
-1620, 0,
-1619, 0,
-1618, 0,
-1617, 0,
-1616, 0,
-1615, 0,
-1614, 0,
-1613, 0,
-1612, 0,
-1611, 0,
-1610, 0,
-1609, 0,
-1608, 0,
-1607, 0,
-1606, 0,
-1605, 0,
-1604, 0,
-1603, 0,
-1602, 0,
-1601, 0,
-1600, 0,
-1599, 0,
-1598, 0,
-1597, 0,
-1596, 0,
-1595, 0,
-1594, 0,
-1593, 0,
-1592, 0,
-1591, 0,
-1590, 0,
-1589, 0,
-1588, 0,
-1587, 0,
-1586, 0,
-1585, 0,
-1584, 0,
-1583, 0,
-1582, 0,
-1581, 0,
-1580, 0,
-1579, 0,
-1578, 0,
-1577, 0,
-1576, 0,
-1575, 0,
-1574, 0,
-1573, 0,
-1572, 0,
-1571, 0,
-1570, 0,
-1569, 0,
-1568, 0,
-1567, 0,
-1566, 0,
-1565, 0,
-1564, 0,
-1563, 0,
-1562, 0,
-1561, 0,
-1560, 0,
-1559, 0,
-1558, 0,
-1557, 0,
-1556, 0,
-1555, 0,
-1554, 0,
-1553, 0,
-1552, 0,
-1551, 0,
-1550, 0,
-1549, 0,
-1548, 0,
-1547, 0,
-1546, 0,
-1545, 0,
-1544, 0,
-1543, 0,
-1542, 0,
-1541, 0,
-1540, 0,
-1539, 0,
-1538, 0,
-1537, 0,
-1536, 0,
-1535, 0,
-1534, 0,
-1533, 0,
-1532, 0,
-1531, 0,
-1530, 0,
-1529, 0,
-1528, 0,
-1527, 0,
-1526, 0,
-1525, 0,
-1524, 0,
-1523, 0,
-1522, 0,
-1521, 0,
-1520, 0,
-1519, 0,
-1518, 0,
-1517, 0,
-1516, 0,
-1515, 0,
-1514, 0,
-1513, 0,
-1512, 0,
-1511, 0,
-1510, 0,
-1509, 0,
-1508, 0,
-1507, 0,
-1506, 0,
-1505, 0,
-1504, 0,
-1503, 0,
-1502, 0,
-1501, 0,
-1500, 0,
-1499, 0,
-1498, 0,
-1497, 0,
-1496, 0,
-1495, 0,
-1494, 0,
-1493, 0,
-1492, 0,
-1491, 0,
-1490, 0,
-1489, 0,
-1488, 0,
-1487, 0,
-1486, 0,
-1485, 0,
-1484, 0,
-1483, 0,
-1482, 0,
-1481, 0,
-1480, 0,
-1479, 0,
-1478, 0,
-1477, 0,
-1476, 0,
-1475, 0,
-1474, 0,
-1473, 0,
-1472, 0,
-1471, 0,
-1470, 0,
-1469, 0,
-1468, 0,
-1467, 0,
-1466, 0,
-1465, 0,
-1464, 0,
-1463, 0,
-1462, 0,
-1461, 0,
-1460, 0,
-1459, 0,
-1458, 0,
-1457, 0,
-1456, 0,
-1455, 0,
-1454, 0,
-1453, 0,
-1452, 0,
-1451, 0,
-1450, 0,
-1449, 0,
-1448, 0,
-1447, 0,
-1446, 0,
-1445, 0,
-1444, 0,
-1443, 0,
-1442, 0,
-1441, 0,
-1440, 0,
-1439, 0,
-1438, 0,
-1437, 0,
-1436, 0,
-1435, 0,
-1434, 0,
-1433, 0,
-1432, 0,
-1431, 0,
-1430, 0,
-1429, 0,
-1428, 0,
-1427, 0,
-1426, 0,
-1425, 0,
-1424, 0,
-1423, 0,
-1422, 0,
-1421, 0,
-1420, 0,
-1419, 0,
-1418, 0,
-1417, 0,
-1416, 0,
-1415, 0,
-1414, 0,
-1413, 0,
-1412, 0,
-1411, 0,
-1410, 0,
-1409, 0,
-1408, 0,
-1407, 0,
-1406, 0,
-1405, 0,
-1404, 0,
-1403, 0,
-1402, 0,
-1401, 0,
-1400, 0,
-1399, 0,
-1398, 0,
-1397, 0,
-1396, 0,
-1395, 0,
-1394, 0,
-1393, 0,
-1392, 0,
-1391, 0,
-1390, 0,
-1389, 0,
-1388, 0,
-1387, 0,
-1386, 0,
-1385, 0,
-1384, 0,
-1383, 0,
-1382, 0,
-1381, 0,
-1380, 0,
-1379, 0,
-1378, 0,
-1377, 0,
-1376, 0,
-1375, 0,
-1374, 0,
-1373, 0,
-1372, 0,
-1371, 0,
-1370, 0,
-1369, 0,
-1368, 0,
-1367, 0,
-1366, 0,
-1365, 0,
-1364, 0,
-1363, 0,
-1362, 0,
-1361, 0,
-1360, 0,
-1359, 0,
-1358, 0,
-1357, 0,
-1356, 0,
-1355, 0,
-1354, 0,
-1353, 0,
-1352, 0,
-1351, 0,
-1350, 0,
-1349, 0,
-1348, 0,
-1347, 0,
-1346, 0,
-1345, 0,
-1344, 0,
-1343, 0,
-1342, 0,
-1341, 0,
-1340, 0,
-1339, 0,
-1338, 0,
-1337, 0,
-1336, 0,
-1335, 0,
-1334, 0,
-1333, 0,
-1332, 0,
-1331, 0,
-1330, 0,
-1329, 0,
-1328, 0,
-1327, 0,
-1326, 0,
-1325, 0,
-1324, 0,
-1323, 0,
-1322, 0,
-1321, 0,
-1320, 0,
-1319, 0,
-1318, 0,
-1317, 0,
-1316, 0,
-1315, 0,
-1314, 0,
-1313, 0,
-1312, 0,
-1311, 0,
-1310, 0,
-1309, 0,
-1308, 0,
-1307, 0,
-1306, 0,
-1305, 0,
-1304, 0,
-1303, 0,
-1302, 0,
-1301, 0,
-1300, 0,
-1299, 0,
-1298, 0,
-1297, 0,
-1296, 0,
-1295, 0,
-1294, 0,
-1293, 0,
-1292, 0,
-1291, 0,
-1290, 0,
-1289, 0,
-1288, 0,
-1287, 0,
-1286, 0,
-1285, 0,
-1284, 0,
-1283, 0,
-1282, 0,
-1281, 0,
-1280, 0,
-1279, 0,
-1278, 0,
-1277, 0,
-1276, 0,
-1275, 0,
-1274, 0,
-1273, 0,
-1272, 0,
-1271, 0,
-1270, 0,
-1269, 0,
-1268, 0,
-1267, 0,
-1266, 0,
-1265, 0,
-1264, 0,
-1263, 0,
-1262, 0,
-1261, 0,
-1260, 0,
-1259, 0,
-1258, 0,
-1257, 0,
-1256, 0,
-1255, 0,
-1254, 0,
-1253, 0,
-1252, 0,
-1251, 0,
-1250, 0,
-1249, 0,
-1248, 0,
-1247, 0,
-1246, 0,
-1245, 0,
-1244, 0,
-1243, 0,
-1242, 0,
-1241, 0,
-1240, 0,
-1239, 0,
-1238, 0,
-1237, 0,
-1236, 0,
-1235, 0,
-1234, 0,
-1233, 0,
-1232, 0,
-1231, 0,
-1230, 0,
-1229, 0,
-1228, 0,
-1227, 0,
-1226, 0,
-1225, 0,
-1224, 0,
-1223, 0,
-1222, 0,
-1221, 0,
-1220, 0,
-1219, 0,
-1218, 0,
-1217, 0,
-1216, 0,
-1215, 0,
-1214, 0,
-1213, 0,
-1212, 0,
-1211, 0,
-1210, 0,
-1209, 0,
-1208, 0,
-1207, 0,
-1206, 0,
-1205, 0,
-1204, 0,
-1203, 0,
-1202, 0,
-1201, 0,
-1200, 0,
-1199, 0,
-1198, 0,
-1197, 0,
-1196, 0,
-1195, 0,
-1194, 0,
-1193, 0,
-1192, 0,
-1191, 0,
-1190, 0,
-1189, 0,
-1188, 0,
-1187, 0,
-1186, 0,
-1185, 0,
-1184, 0,
-1183, 0,
-1182, 0,
-1181, 0,
-1180, 0,
-1179, 0,
-1178, 0,
-1177, 0,
-1176, 0,
-1175, 0,
-1174, 0,
-1173, 0,
-1172, 0,
-1171, 0,
-1170, 0,
-1169, 0,
-1168, 0,
-1167, 0,
-1166, 0,
-1165, 0,
-1164, 0,
-1163, 0,
-1162, 0,
-1161, 0,
-1160, 0,
-1159, 0,
-1158, 0,
-1157, 0,
-1156, 0,
-1155, 0,
-1154, 0,
-1153, 0,
-1152, 0,
-1151, 1,
-1150, 1,
-1149, 0,
-1148, 0,
-1147, 0,
-1146, 0,
-1145, 0,
-1144, 0,
-1143, 0,
-1142, 0,
-1141, 0,
-1140, 0,
-1139, 0,
-1138, 0,
-1137, 0,
-1136, 0,
-1135, 0,
-1134, 0,
-1133, 0,
-1132, 0,
-1131, 0,
-1130, 0,
-1129, 0,
-1128, 0,
-1127, 0,
-1126, 0,
-1125, 0,
-1124, 0,
-1123, 0,
-1122, 0,
-1121, 0,
-1120, 0,
-1119, 0,
-1118, 0,
-1117, 0,
-1116, 0,
-1115, 0,
-1114, 0,
-1113, 0,
-1112, 0,
-1111, 0,
-1110, 0,
-1109, 0,
-1108, 0,
-1107, 0,
-1106, 0,
-1105, 0,
-1104, 0,
-1103, 0,
-1102, 0,
-1101, 0,
-1100, 0,
-1099, 0,
-1098, 0,
-1097, 0,
-1096, 1,
-1095, 0,
-1094, 0,
-1093, 0,
-1092, 0,
-1091, 0,
-1090, 0,
-1089, 1,
-1088, 0,
-1087, 0,
-1086, 0,
-1085, 0,
-1084, 0,
-1083, 1,
-1082, 0,
-1081, 1,
-1080, 0,
-1079, 0,
-1078, 0,
-1077, 0,
-1076, 0,
-1075, 0,
-1074, 0,
-1073, 1,
-1072, 0,
-1071, 0,
-1070, 0,
-1069, 0,
-1068, 0,
-1067, 0,
-1066, 0,
-1065, 0,
-1064, 1,
-1063, 0,
-1062, 0,
-1061, 1,
-1060, 0,
-1059, 0,
-1058, 0,
-1057, 0,
-1056, 0,
-1055, 0,
-1054, 0,
-1053, 1,
-1052, 0,
-1051, 0,
-1050, 0,
-1049, 0,
-1048, 0,
-1047, 0,
-1046, 0,
-1045, 0,
-1044, 1,
-1043, 0,
-1042, 0,
-1041, 0,
-1040, 0,
-1039, 0,
-1038, 0,
-1037, 1,
-1036, 0,
-1035, 0,
-1034, 1,
-1033, 0,
-1032, 0,
-1031, 0,
-1030, 0,
-1029, 0,
-1028, 1,
-1027, 1,
-1026, 1,
-1025, 0,
-1024, 1,
-1023, 0,
-1022, 1,
-1021, 0,
-1020, 1,
-1019, 0,
-1018, 1,
-1017, 2,
-1016, 1,
-1015, 2,
-1014, 0,
-1013, 0,
-1012, 0,
-1011, 0,
-1010, 1,
-1009, 1,
-1008, 0,
-1007, 1,
-1006, 3,
-1005, 1,
-1004, 1,
-1003, 2,
-1002, 1,
-1001, 1,
-1000, 0,
-999, 0,
-998, 1,
-997, 0,
-996, 0,
-995, 0,
-994, 1,
-993, 0,
-992, 3,
-991, 2,
-990, 0,
-989, 1,
-988, 4,
-987, 2,
-986, 1,
-985, 1,
-984, 2,
-983, 3,
-982, 2,
-981, 0,
-980, 0,
-979, 2,
-978, 2,
-977, 2,
-976, 0,
-975, 3,
-974, 3,
-973, 1,
-972, 1,
-971, 2,
-970, 0,
-969, 3,
-968, 2,
-967, 1,
-966, 2,
-965, 4,
-964, 2,
-963, 0,
-962, 5,
-961, 1,
-960, 1,
-959, 1,
-958, 1,
-957, 3,
-956, 1,
-955, 0,
-954, 3,
-953, 1,
-952, 2,
-951, 3,
-950, 0,
-949, 2,
-948, 3,
-947, 3,
-946, 6,
-945, 1,
-944, 4,
-943, 1,
-942, 1,
-941, 3,
-940, 3,
-939, 0,
-938, 2,
-937, 4,
-936, 2,
-935, 3,
-934, 1,
-933, 0,
-932, 4,
-931, 5,
-930, 4,
-929, 4,
-928, 4,
-927, 2,
-926, 0,
-925, 4,
-924, 5,
-923, 5,
-922, 3,
-921, 6,
-920, 2,
-919, 5,
-918, 0,
-917, 4,
-916, 8,
-915, 6,
-914, 4,
-913, 5,
-912, 4,
-911, 2,
-910, 3,
-909, 7,
-908, 2,
-907, 6,
-906, 4,
-905, 6,
-904, 3,
-903, 5,
-902, 4,
-901, 0,
-900, 4,
-899, 6,
-898, 6,
-897, 8,
-896, 5,
-895, 5,
-894, 7,
-893, 7,
-892, 6,
-891, 5,
-890, 5,
-889, 4,
-888, 4,
-887, 3,
-886, 5,
-885, 9,
-884, 10,
-883, 6,
-882, 7,
-881, 7,
-880, 8,
-879, 9,
-878, 8,
-877, 6,
-876, 9,
-875, 5,
-874, 5,
-873, 9,
-872, 9,
-871, 5,
-870, 7,
-869, 10,
-868, 8,
-867, 10,
-866, 15,
-865, 7,
-864, 13,
-863, 11,
-862, 7,
-861, 11,
-860, 15,
-859, 6,
-858, 9,
-857, 5,
-856, 10,
-855, 13,
-854, 11,
-853, 14,
-852, 9,
-851, 11,
-850, 10,
-849, 10,
-848, 12,
-847, 9,
-846, 9,
-845, 10,
-844, 10,
-843, 12,
-842, 15,
-841, 20,
-840, 15,
-839, 14,
-838, 14,
-837, 14,
-836, 16,
-835, 13,
-834, 16,
-833, 15,
-832, 12,
-831, 20,
-830, 18,
-829, 16,
-828, 22,
-827, 23,
-826, 22,
-825, 11,
-824, 18,
-823, 21,
-822, 31,
-821, 18,
-820, 13,
-819, 22,
-818, 21,
-817, 21,
-816, 23,
-815, 22,
-814, 27,
-813, 19,
-812, 22,
-811, 25,
-810, 22,
-809, 30,
-808, 26,
-807, 30,
-806, 35,
-805, 27,
-804, 32,
-803, 30,
-802, 39,
-801, 28,
-800, 26,
-799, 32,
-798, 37,
-797, 40,
-796, 30,
-795, 35,
-794, 28,
-793, 34,
-792, 39,
-791, 38,
-790, 38,
-789, 32,
-788, 42,
-787, 49,
-786, 48,
-785, 26,
-784, 47,
-783, 48,
-782, 47,
-781, 43,
-780, 44,
-779, 53,
-778, 47,
-777, 51,
-776, 57,
-775, 37,
-774, 50,
-773, 57,
-772, 42,
-771, 69,
-770, 51,
-769, 60,
-768, 46,
-767, 59,
-766, 48,
-765, 61,
-764, 57,
-763, 56,
-762, 44,
-761, 61,
-760, 62,
-759, 49,
-758, 71,
-757, 66,
-756, 73,
-755, 65,
-754, 65,
-753, 85,
-752, 82,
-751, 66,
-750, 76,
-749, 86,
-748, 77,
-747, 71,
-746, 73,
-745, 81,
-744, 76,
-743, 88,
-742, 74,
-741, 86,
-740, 81,
-739, 81,
-738, 92,
-737, 91,
-736, 87,
-735, 89,
-734, 90,
-733, 101,
-732, 101,
-731, 109,
-730, 91,
-729, 110,
-728, 106,
-727, 118,
-726, 94,
-725, 109,
-724, 100,
-723, 107,
-722, 116,
-721, 101,
-720, 119,
-719, 122,
-718, 117,
-717, 131,
-716, 108,
-715, 119,
-714, 125,
-713, 125,
-712, 144,
-711, 116,
-710, 136,
-709, 146,
-708, 146,
-707, 133,
-706, 148,
-705, 141,
-704, 168,
-703, 154,
-702, 163,
-701, 160,
-700, 133,
-699, 167,
-698, 176,
-697, 162,
-696, 160,
-695, 161,
-694, 172,
-693, 159,
-692, 206,
-691, 178,
-690, 194,
-689, 188,
-688, 187,
-687, 181,
-686, 192,
-685, 222,
-684, 222,
-683, 216,
-682, 201,
-681, 207,
-680, 220,
-679, 231,
-678, 193,
-677, 204,
-676, 236,
-675, 224,
-674, 230,
-673, 211,
-672, 244,
-671, 267,
-670, 240,
-669, 245,
-668, 264,
-667, 269,
-666, 265,
-665, 224,
-664, 267,
-663, 293,
-662, 273,
-661, 305,
-660, 306,
-659, 324,
-658, 309,
-657, 295,
-656, 315,
-655, 345,
-654, 321,
-653, 320,
-652, 359,
-651, 341,
-650, 324,
-649, 314,
-648, 287,
-647, 342,
-646, 359,
-645, 361,
-644, 391,
-643, 348,
-642, 378,
-641, 389,
-640, 362,
-639, 375,
-638, 400,
-637, 416,
-636, 428,
-635, 409,
-634, 404,
-633, 441,
-632, 432,
-631, 438,
-630, 443,
-629, 476,
-628, 436,
-627, 446,
-626, 446,
-625, 513,
-624, 442,
-623, 490,
-622, 510,
-621, 472,
-620, 478,
-619, 513,
-618, 543,
-617, 533,
-616, 551,
-615, 559,
-614, 533,
-613, 535,
-612, 574,
-611, 566,
-610, 592,
-609, 563,
-608, 582,
-607, 594,
-606, 607,
-605, 649,
-604, 586,
-603, 640,
-602, 597,
-601, 618,
-600, 624,
-599, 674,
-598, 648,
-597, 647,
-596, 734,
-595, 727,
-594, 663,
-593, 664,
-592, 722,
-591, 704,
-590, 776,
-589, 763,
-588, 765,
-587, 749,
-586, 761,
-585, 759,
-584, 696,
-583, 798,
-582, 800,
-581, 850,
-580, 820,
-579, 820,
-578, 852,
-577, 894,
-576, 881,
-575, 858,
-574, 891,
-573, 885,
-572, 934,
-571, 911,
-570, 900,
-569, 974,
-568, 1012,
-567, 959,
-566, 1014,
-565, 1022,
-564, 970,
-563, 942,
-562, 1050,
-561, 1072,
-560, 1064,
-559, 1108,
-558, 1145,
-557, 1163,
-556, 1131,
-555, 1126,
-554, 1141,
-553, 1111,
-552, 1194,
-551, 1211,
-550, 1235,
-549, 1216,
-548, 1259,
-547, 1236,
-546, 1228,
-545, 1236,
-544, 1306,
-543, 1324,
-542, 1336,
-541, 1322,
-540, 1370,
-539, 1356,
-538, 1395,
-537, 1379,
-536, 1425,
-535, 1401,
-534, 1461,
-533, 1432,
-532, 1467,
-531, 1511,
-530, 1521,
-529, 1576,
-528, 1563,
-527, 1542,
-526, 1555,
-525, 1662,
-524, 1559,
-523, 1653,
-522, 1691,
-521, 1639,
-520, 1664,
-519, 1857,
-518, 1712,
-517, 1817,
-516, 1802,
-515, 1773,
-514, 1792,
-513, 1815,
-512, 1887,
-511, 1862,
-510, 1862,
-509, 1886,
-508, 2003,
-507, 1919,
-506, 2086,
-505, 1987,
-504, 2041,
-503, 2034,
-502, 2108,
-501, 2082,
-500, 2161,
-499, 2172,
-498, 2117,
-497, 2215,
-496, 2203,
-495, 2214,
-494, 2296,
-493, 2350,
-492, 2374,
-491, 2361,
-490, 2295,
-489, 2391,
-488, 2414,
-487, 2436,
-486, 2558,
-485, 2536,
-484, 2473,
-483, 2575,
-482, 2515,
-481, 2596,
-480, 2578,
-479, 2643,
-478, 2644,
-477, 2693,
-476, 2675,
-475, 2756,
-474, 2718,
-473, 2796,
-472, 2881,
-471, 2873,
-470, 2911,
-469, 2887,
-468, 2881,
-467, 2968,
-466, 2996,
-465, 3006,
-464, 2976,
-463, 3112,
-462, 3110,
-461, 3169,
-460, 3239,
-459, 3142,
-458, 3241,
-457, 3268,
-456, 3260,
-455, 3345,
-454, 3413,
-453, 3391,
-452, 3391,
-451, 3439,
-450, 3600,
-449, 3522,
-448, 3635,
-447, 3572,
-446, 3597,
-445, 3772,
-444, 3724,
-443, 3757,
-442, 3694,
-441, 3845,
-440, 3759,
-439, 3904,
-438, 4073,
-437, 3878,
-436, 4168,
-435, 3997,
-434, 4180,
-433, 4164,
-432, 4063,
-431, 4187,
-430, 4358,
-429, 4260,
-428, 4332,
-427, 4365,
-426, 4536,
-425, 4404,
-424, 4502,
-423, 4589,
-422, 4682,
-421, 4682,
-420, 4588,
-419, 4739,
-418, 4867,
-417, 4744,
-416, 4956,
-415, 4864,
-414, 4984,
-413, 4848,
-412, 4924,
-411, 4986,
-410, 5089,
-409, 5114,
-408, 5285,
-407, 5216,
-406, 5293,
-405, 5409,
-404, 5394,
-403, 5310,
-402, 5373,
-401, 5481,
-400, 5557,
-399, 5607,
-398, 5671,
-397, 5766,
-396, 5815,
-395, 5907,
-394, 5905,
-393, 5824,
-392, 5976,
-391, 5997,
-390, 5912,
-389, 6225,
-388, 6331,
-387, 6387,
-386, 6286,
-385, 6359,
-384, 6362,
-383, 6379,
-382, 6560,
-381, 6476,
-380, 6590,
-379, 6562,
-378, 6637,
-377, 6734,
-376, 6893,
-375, 6863,
-374, 6930,
-373, 6980,
-372, 6915,
-371, 7017,
-370, 7094,
-369, 7182,
-368, 7198,
-367, 7338,
-366, 7371,
-365, 7346,
-364, 7553,
-363, 7563,
-362, 7622,
-361, 7654,
-360, 7644,
-359, 7885,
-358, 7835,
-357, 8003,
-356, 7849,
-355, 8062,
-354, 8140,
-353, 8142,
-352, 8152,
-351, 8489,
-350, 8266,
-349, 8344,
-348, 8600,
-347, 8419,
-346, 8600,
-345, 8496,
-344, 8741,
-343, 8665,
-342, 8838,
-341, 8959,
-340, 9081,
-339, 8958,
-338, 8999,
-337, 9100,
-336, 9160,
-335, 9084,
-334, 9344,
-333, 9387,
-332, 9502,
-331, 9692,
-330, 9645,
-329, 9598,
-328, 9741,
-327, 9787,
-326, 10029,
-325, 9966,
-324, 9867,
-323, 10207,
-322, 10211,
-321, 10108,
-320, 10332,
-319, 10444,
-318, 10432,
-317, 10661,
-316, 10658,
-315, 10808,
-314, 10962,
-313, 11016,
-312, 10964,
-311, 10985,
-310, 11043,
-309, 11167,
-308, 11314,
-307, 11212,
-306, 11341,
-305, 11429,
-304, 11219,
-303, 11598,
-302, 11558,
-301, 11761,
-300, 11659,
-299, 11883,
-298, 11872,
-297, 11954,
-296, 12283,
-295, 12073,
-294, 12396,
-293, 12389,
-292, 12469,
-291, 12568,
-290, 12383,
-289, 12714,
-288, 12810,
-287, 12924,
-286, 12773,
-285, 12788,
-284, 13020,
-283, 13045,
-282, 13129,
-281, 13228,
-280, 13382,
-279, 13579,
-278, 13493,
-277, 13505,
-276, 13711,
-275, 13661,
-274, 13722,
-273, 13900,
-272, 14202,
-271, 14172,
-270, 14206,
-269, 14325,
-268, 14247,
-267, 14309,
-266, 14433,
-265, 14459,
-264, 14819,
-263, 14789,
-262, 14995,
-261, 14800,
-260, 15139,
-259, 15151,
-258, 15291,
-257, 15319,
-256, 15295,
-255, 15497,
-254, 15483,
-253, 15690,
-252, 15780,
-251, 15775,
-250, 15873,
-249, 15989,
-248, 15900,
-247, 16012,
-246, 16219,
-245, 16212,
-244, 16507,
-243, 16202,
-242, 16342,
-241, 16628,
-240, 16604,
-239, 16664,
-238, 16934,
-237, 17140,
-236, 17184,
-235, 17061,
-234, 17168,
-233, 17437,
-232, 17407,
-231, 17335,
-230, 17445,
-229, 17618,
-228, 17847,
-227, 17713,
-226, 18049,
-225, 18087,
-224, 18222,
-223, 18122,
-222, 18201,
-221, 18265,
-220, 18455,
-219, 18481,
-218, 18768,
-217, 18788,
-216, 18877,
-215, 18802,
-214, 18983,
-213, 19149,
-212, 19382,
-211, 19387,
-210, 19498,
-209, 19368,
-208, 19425,
-207, 19649,
-206, 19613,
-205, 19595,
-204, 19739,
-203, 19881,
-202, 19879,
-201, 20403,
-200, 20107,
-199, 20294,
-198, 20510,
-197, 20423,
-196, 20714,
-195, 20639,
-194, 20627,
-193, 20887,
-192, 20916,
-191, 21182,
-190, 21108,
-189, 20798,
-188, 21537,
-187, 21336,
-186, 21524,
-185, 21573,
-184, 21959,
-183, 21671,
-182, 21480,
-181, 21763,
-180, 21983,
-179, 21846,
-178, 22267,
-177, 22042,
-176, 22101,
-175, 22304,
-174, 22225,
-173, 22388,
-172, 22566,
-171, 22740,
-170, 22675,
-169, 22817,
-168, 22993,
-167, 22820,
-166, 22964,
-165, 23072,
-164, 23321,
-163, 23143,
-162, 23270,
-161, 23145,
-160, 23514,
-159, 23639,
-158, 23780,
-157, 23757,
-156, 23885,
-155, 24345,
-154, 24320,
-153, 24217,
-152, 23983,
-151, 24147,
-150, 24485,
-149, 24577,
-148, 24592,
-147, 24520,
-146, 24929,
-145, 24891,
-144, 24906,
-143, 24956,
-142, 24949,
-141, 24883,
-140, 25389,
-139, 25167,
-138, 25217,
-137, 25264,
-136, 25257,
-135, 25393,
-134, 25505,
-133, 25556,
-132, 25721,
-131, 25772,
-130, 25870,
-129, 25964,
-128, 26198,
-127, 26204,
-126, 26282,
-125, 26214,
-124, 26119,
-123, 26313,
-122, 25948,
-121, 26787,
-120, 26543,
-119, 26730,
-118, 26840,
-117, 26685,
-116, 26837,
-115, 27091,
-114, 27126,
-113, 27280,
-112, 27076,
-111, 27295,
-110, 27095,
-109, 27354,
-108, 27290,
-107, 27367,
-106, 27862,
-105, 27481,
-104, 27898,
-103, 27638,
-102, 27615,
-101, 27930,
-100, 27729,
-99, 27695,
-98, 27775,
-97, 28174,
-96, 28529,
-95, 28204,
-94, 28393,
-93, 28267,
-92, 28385,
-91, 28561,
-90, 28441,
-89, 28491,
-88, 28777,
-87, 28464,
-86, 29013,
-85, 28533,
-84, 29087,
-83, 28761,
-82, 29002,
-81, 28993,
-80, 28795,
-79, 28870,
-78, 29041,
-77, 28985,
-76, 29218,
-75, 29395,
-74, 29279,
-73, 29507,
-72, 29197,
-71, 29412,
-70, 29375,
-69, 29286,
-68, 29353,
-67, 29698,
-66, 29593,
-65, 29970,
-64, 29727,
-63, 29544,
-62, 29712,
-61, 29826,
-60, 29668,
-59, 30130,
-58, 30151,
-57, 29735,
-56, 30015,
-55, 30010,
-54, 30043,
-53, 30312,
-52, 30217,
-51, 30272,
-50, 30269,
-49, 30267,
-48, 30120,
-47, 30143,
-46, 30319,
-45, 30070,
-44, 30276,
-43, 30439,
-42, 30435,
-41, 30260,
-40, 30440,
-39, 30332,
-38, 30603,
-37, 30734,
-36, 30877,
-35, 30427,
-34, 30406,
-33, 30769,
-32, 30451,
-31, 30519,
-30, 30427,
-29, 30710,
-28, 30907,
-27, 30556,
-26, 30660,
-25, 30642,
-24, 30662,
-23, 30602,
-22, 30996,
-21, 30935,
-20, 31055,
-19, 31417,
-18, 30924,
-17, 30870,
-16, 30948,
-15, 31043,
-14, 30801,
-13, 31078,
-12, 30792,
-11, 31120,
-10, 31196,
-9, 30628,
-8, 31046,
-7, 31167,
-6, 30847,
-5, 30910,
-4, 31009,
-3, 30826,
-2, 31324,
-1, 30803,
0, 30527,
1, 31093,
2, 30948,
3, 30826,
4, 30733,
5, 31289,
6, 30990,
7, 31245,
8, 30999,
9, 30647,
10, 30773,
11, 30702,
12, 31192,
13, 31159,
14, 30922,
15, 30884,
16, 30976,
17, 31074,
18, 30879,
19, 31031,
20, 30709,
21, 31036,
22, 31036,
23, 31133,
24, 30749,
25, 30791,
26, 30629,
27, 30800,
28, 31115,
29, 30849,
30, 30374,
31, 30615,
32, 30620,
33, 30843,
34, 30703,
35, 30578,
36, 30686,
37, 30509,
38, 30546,
39, 30635,
40, 30286,
41, 30499,
42, 30548,
43, 30359,
44, 30107,
45, 30393,
46, 30362,
47, 30444,
48, 30105,
49, 30095,
50, 30001,
51, 30275,
52, 30004,
53, 30140,
54, 30242,
55, 30061,
56, 29782,
57, 29802,
58, 29946,
59, 29572,
60, 30183,
61, 29832,
62, 29694,
63, 29266,
64, 29785,
65, 29613,
66, 29469,
67, 29451,
68, 29468,
69, 29752,
70, 29271,
71, 29516,
72, 29348,
73, 29241,
74, 29179,
75, 28876,
76, 29103,
77, 29317,
78, 29389,
79, 28908,
80, 28663,
81, 28830,
82, 28755,
83, 28710,
84, 28803,
85, 28817,
86, 28489,
87, 28458,
88, 28714,
89, 28433,
90, 28614,
91, 28263,
92, 28207,
93, 28165,
94, 28299,
95, 28009,
96, 28097,
97, 28262,
98, 28054,
99, 27923,
100, 27503,
101, 27808,
102, 27605,
103, 27808,
104, 27591,
105, 27542,
106, 27093,
107, 27254,
108, 27206,
109, 27455,
110, 27265,
111, 27150,
112, 27124,
113, 27031,
114, 26807,
115, 26890,
116, 26949,
117, 27047,
118, 26929,
119, 26637,
120, 26522,
121, 26534,
122, 26420,
123, 26484,
124, 26255,
125, 26113,
126, 25903,
127, 26134,
128, 26025,
129, 25937,
130, 25806,
131, 25617,
132, 25771,
133, 25644,
134, 25642,
135, 25288,
136, 25136,
137, 25440,
138, 25430,
139, 25302,
140, 25354,
141, 25127,
142, 24942,
143, 24740,
144, 24718,
145, 24791,
146, 24786,
147, 24514,
148, 24623,
149, 24484,
150, 24649,
151, 24415,
152, 24221,
153, 24001,
154, 24086,
155, 24031,
156, 23811,
157, 23931,
158, 23822,
159, 23579,
160, 23687,
161, 23289,
162, 23280,
163, 23443,
164, 23054,
165, 22925,
166, 23334,
167, 22959,
168, 22960,
169, 22939,
170, 22848,
171, 22670,
172, 22693,
173, 22661,
174, 22616,
175, 22360,
176, 22120,
177, 22342,
178, 22211,
179, 22089,
180, 22115,
181, 21733,
182, 21783,
183, 21581,
184, 21378,
185, 21547,
186, 21534,
187, 21479,
188, 21234,
189, 21487,
190, 21079,
191, 21122,
192, 21256,
193, 20528,
194, 20611,
195, 20499,
196, 20845,
197, 20535,
198, 20170,
199, 20273,
200, 20161,
201, 20073,
202, 20038,
203, 20215,
204, 20039,
205, 19726,
206, 19790,
207, 19521,
208, 19362,
209, 19328,
210, 19321,
211, 19067,
212, 18843,
213, 19124,
214, 18868,
215, 18865,
216, 18599,
217, 18536,
218, 18685,
219, 18568,
220, 18413,
221, 18179,
222, 18160,
223, 18208,
224, 18130,
225, 17808,
226, 17738,
227, 17655,
228, 18056,
229, 17607,
230, 17481,
231, 17608,
232, 17546,
233, 17292,
234, 17272,
235, 17348,
236, 17034,
237, 16977,
238, 16827,
239, 16869,
240, 16973,
241, 16588,
242, 16485,
243, 16566,
244, 16225,
245, 16259,
246, 16230,
247, 16130,
248, 16115,
249, 15845,
250, 15904,
251, 15689,
252, 15656,
253, 15717,
254, 15419,
255, 15644,
256, 15341,
257, 15106,
258, 15181,
259, 15091,
260, 14943,
261, 14972,
262, 15002,
263, 14819,
264, 14776,
265, 14601,
266, 14583,
267, 14376,
268, 14315,
269, 14156,
270, 14163,
271, 14193,
272, 14100,
273, 14087,
274, 13913,
275, 13915,
276, 13609,
277, 13459,
278, 13502,
279, 13444,
280, 13261,
281, 13320,
282, 13442,
283, 13124,
284, 13004,
285, 12973,
286, 12800,
287, 12594,
288, 12718,
289, 12665,
290, 12494,
291, 12558,
292, 12485,
293, 12262,
294, 12277,
295, 12103,
296, 12106,
297, 12073,
298, 11801,
299, 11921,
300, 11878,
301, 11722,
302, 11562,
303, 11386,
304, 11465,
305, 11401,
306, 11196,
307, 11420,
308, 11559,
309, 11128,
310, 11037,
311, 10849,
312, 10758,
313, 10862,
314, 10827,
315, 10703,
316, 10723,
317, 10518,
318, 10676,
319, 10428,
320, 10107,
321, 10218,
322, 10125,
323, 10187,
324, 10260,
325, 10006,
326, 9905,
327, 9730,
328, 9871,
329, 9759,
330, 9645,
331, 9546,
332, 9603,
333, 9395,
334, 9295,
335, 9338,
336, 9282,
337, 9279,
338, 8996,
339, 9018,
340, 8891,
341, 9000,
342, 8796,
343, 8665,
344, 8803,
345, 8700,
346, 8547,
347, 8435,
348, 8460,
349, 8271,
350, 8245,
351, 8259,
352, 8210,
353, 8031,
354, 8198,
355, 8094,
356, 7876,
357, 8132,
358, 7847,
359, 7710,
360, 7716,
361, 7712,
362, 7724,
363, 7576,
364, 7458,
365, 7366,
366, 7420,
367, 7185,
368, 7226,
369, 7345,
370, 7077,
371, 6966,
372, 7131,
373, 6953,
374, 6986,
375, 6915,
376, 6716,
377, 6573,
378, 6678,
379, 6668,
380, 6603,
381, 6556,
382, 6436,
383, 6319,
384, 6303,
385, 6395,
386, 6106,
387, 6195,
388, 6205,
389, 6179,
390, 6015,
391, 5921,
392, 5932,
393, 6021,
394, 5710,
395, 5956,
396, 5662,
397, 5746,
398, 5668,
399, 5550,
400, 5581,
401, 5458,
402, 5517,
403, 5379,
404, 5543,
405, 5367,
406, 5241,
407, 5323,
408, 5235,
409, 5183,
410, 5067,
411, 5041,
412, 5046,
413, 4965,
414, 4822,
415, 4796,
416, 4746,
417, 4725,
418, 4784,
419, 4792,
420, 4844,
421, 4557,
422, 4608,
423, 4574,
424, 4498,
425, 4501,
426, 4391,
427, 4413,
428, 4372,
429, 4290,
430, 4224,
431, 4168,
432, 4270,
433, 4149,
434, 4193,
435, 4094,
436, 4090,
437, 4022,
438, 3984,
439, 3883,
440, 3921,
441, 3801,
442, 3836,
443, 3828,
444, 3758,
445, 3592,
446, 3727,
447, 3634,
448, 3489,
449, 3598,
450, 3551,
451, 3481,
452, 3486,
453, 3451,
454, 3249,
455, 3432,
456, 3353,
457, 3308,
458, 3255,
459, 3301,
460, 3162,
461, 3219,
462, 3129,
463, 3087,
464, 3104,
465, 3023,
466, 3051,
467, 2964,
468, 2892,
469, 2872,
470, 2766,
471, 2827,
472, 2837,
473, 2790,
474, 2781,
475, 2696,
476, 2863,
477, 2695,
478, 2712,
479, 2558,
480, 2555,
481, 2579,
482, 2540,
483, 2589,
484, 2477,
485, 2522,
486, 2451,
487, 2506,
488, 2412,
489, 2396,
490, 2447,
491, 2352,
492, 2233,
493, 2219,
494, 2214,
495, 2230,
496, 2193,
497, 2266,
498, 2180,
499, 2114,
500, 2101,
501, 2123,
502, 2050,
503, 2064,
504, 1989,
505, 1974,
506, 2009,
507, 1957,
508, 1941,
509, 1928,
510, 1851,
511, 1861,
512, 1806,
513, 1838,
514, 1739,
515, 1757,
516, 1789,
517, 1758,
518, 1789,
519, 1715,
520, 1656,
521, 1673,
522, 1689,
523, 1612,
524, 1602,
525, 1608,
526, 1544,
527, 1541,
528, 1541,
529, 1515,
530, 1546,
531, 1541,
532, 1468,
533, 1503,
534, 1446,
535, 1412,
536, 1387,
537, 1325,
538, 1309,
539, 1334,
540, 1338,
541, 1429,
542, 1325,
543, 1364,
544, 1232,
545, 1221,
546, 1258,
547, 1278,
548, 1249,
549, 1262,
550, 1225,
551, 1216,
552, 1242,
553, 1086,
554, 1143,
555, 1080,
556, 1092,
557, 1087,
558, 1066,
559, 1087,
560, 1070,
561, 1064,
562, 1027,
563, 1006,
564, 999,
565, 988,
566, 1028,
567, 1024,
568, 983,
569, 950,
570, 918,
571, 946,
572, 884,
573, 894,
574, 937,
575, 876,
576, 913,
577, 879,
578, 871,
579, 812,
580, 817,
581, 816,
582, 819,
583, 832,
584, 818,
585, 796,
586, 821,
587, 808,
588, 736,
589, 713,
590, 752,
591, 702,
592, 782,
593, 693,
594, 647,
595, 712,
596, 661,
597, 663,
598, 652,
599, 626,
600, 612,
601, 625,
602, 645,
603, 587,
604, 647,
605, 573,
606, 626,
607, 557,
608, 573,
609, 577,
610, 531,
611, 544,
612, 519,
613, 563,
614, 529,
615, 538,
616, 550,
617, 517,
618, 549,
619, 488,
620, 480,
621, 483,
622, 503,
623, 479,
624, 456,
625, 479,
626, 482,
627, 425,
628, 438,
629, 440,
630, 461,
631, 415,
632, 434,
633, 414,
634, 384,
635, 415,
636, 399,
637, 417,
638, 383,
639, 406,
640, 368,
641, 364,
642, 332,
643, 336,
644, 349,
645, 348,
646, 330,
647, 340,
648, 314,
649, 310,
650, 347,
651, 329,
652, 317,
653, 307,
654, 327,
655, 282,
656, 289,
657, 297,
658, 297,
659, 318,
660, 308,
661, 261,
662, 254,
663, 290,
664, 279,
665, 261,
666, 249,
667, 249,
668, 269,
669, 263,
670, 261,
671, 238,
672, 244,
673, 233,
674, 241,
675, 227,
676, 197,
677, 241,
678, 211,
679, 200,
680, 229,
681, 240,
682, 188,
683, 222,
684, 214,
685, 193,
686, 192,
687, 191,
688, 211,
689, 192,
690, 189,
691, 216,
692, 168,
693, 191,
694, 184,
695, 148,
696, 168,
697, 161,
698, 159,
699, 158,
700, 178,
701, 159,
702, 147,
703, 159,
704, 153,
705, 158,
706, 145,
707, 157,
708, 126,
709, 119,
710, 142,
711, 141,
712, 138,
713, 163,
714, 132,
715, 138,
716, 123,
717, 134,
718, 106,
719, 122,
720, 102,
721, 121,
722, 108,
723, 122,
724, 118,
725, 108,
726, 104,
727, 110,
728, 111,
729, 97,
730, 98,
731, 101,
732, 86,
733, 109,
734, 111,
735, 98,
736, 81,
737, 85,
738, 90,
739, 71,
740, 90,
741, 84,
742, 101,
743, 84,
744, 77,
745, 72,
746, 63,
747, 71,
748, 73,
749, 91,
750, 66,
751, 76,
752, 84,
753, 64,
754, 68,
755, 69,
756, 59,
757, 83,
758, 58,
759, 60,
760, 62,
761, 63,
762, 59,
763, 76,
764, 70,
765, 51,
766, 52,
767, 55,
768, 61,
769, 72,
770, 59,
771, 47,
772, 47,
773, 65,
774, 43,
775, 73,
776, 47,
777, 44,
778, 40,
779, 38,
780, 44,
781, 49,
782, 36,
783, 37,
784, 46,
785, 40,
786, 32,
787, 42,
788, 33,
789, 31,
790, 40,
791, 45,
792, 30,
793, 51,
794, 31,
795, 34,
796, 42,
797, 32,
798, 33,
799, 27,
800, 38,
801, 45,
802, 28,
803, 33,
804, 27,
805, 27,
806, 21,
807, 37,
808, 30,
809, 28,
810, 28,
811, 22,
812, 32,
813, 34,
814, 16,
815, 25,
816, 25,
817, 28,
818, 25,
819, 36,
820, 18,
821, 19,
822, 12,
823, 30,
824, 26,
825, 23,
826, 13,
827, 18,
828, 12,
829, 19,
830, 23,
831, 14,
832, 24,
833, 13,
834, 21,
835, 18,
836, 19,
837, 19,
838, 13,
839, 14,
840, 12,
841, 8,
842, 17,
843, 14,
844, 19,
845, 21,
846, 9,
847, 15,
848, 11,
849, 16,
850, 13,
851, 14,
852, 13,
853, 9,
854, 9,
855, 17,
856, 17,
857, 6,
858, 9,
859, 13,
860, 11,
861, 11,
862, 8,
863, 10,
864, 11,
865, 11,
866, 11,
867, 9,
868, 9,
869, 4,
870, 13,
871, 12,
872, 14,
873, 11,
874, 9,
875, 7,
876, 8,
877, 7,
878, 6,
879, 6,
880, 8,
881, 8,
882, 9,
883, 8,
884, 10,
885, 8,
886, 7,
887, 3,
888, 5,
889, 3,
890, 5,
891, 12,
892, 6,
893, 4,
894, 3,
895, 9,
896, 5,
897, 5,
898, 5,
899, 5,
900, 9,
901, 5,
902, 3,
903, 7,
904, 12,
905, 5,
906, 9,
907, 6,
908, 3,
909, 6,
910, 2,
911, 3,
912, 4,
913, 4,
914, 4,
915, 2,
916, 1,
917, 6,
918, 4,
919, 3,
920, 5,
921, 1,
922, 3,
923, 4,
924, 1,
925, 5,
926, 2,
927, 2,
928, 3,
929, 1,
930, 1,
931, 1,
932, 1,
933, 2,
934, 3,
935, 2,
936, 4,
937, 1,
938, 4,
939, 3,
940, 1,
941, 1,
942, 2,
943, 2,
944, 1,
945, 1,
946, 3,
947, 2,
948, 1,
949, 0,
950, 1,
951, 3,
952, 1,
953, 1,
954, 1,
955, 3,
956, 0,
957, 3,
958, 0,
959, 2,
960, 4,
961, 0,
962, 2,
963, 6,
964, 1,
965, 1,
966, 0,
967, 2,
968, 0,
969, 0,
970, 1,
971, 2,
972, 0,
973, 2,
974, 1,
975, 0,
976, 1,
977, 1,
978, 1,
979, 0,
980, 1,
981, 3,
982, 0,
983, 0,
984, 1,
985, 0,
986, 1,
987, 0,
988, 1,
989, 0,
990, 2,
991, 1,
992, 0,
993, 1,
994, 1,
995, 0,
996, 1,
997, 0,
998, 2,
999, 1,
1000, 0,
1001, 0,
1002, 1,
1003, 2,
1004, 0,
1005, 1,
1006, 3,
1007, 0,
1008, 1,
1009, 1,
1010, 0,
1011, 0,
1012, 0,
1013, 1,
1014, 3,
1015, 0,
1016, 1,
1017, 1,
1018, 0,
1019, 0,
1020, 0,
1021, 0,
1022, 0,
1023, 0,
1024, 0,
1025, 2,
1026, 0,
1027, 0,
1028, 0,
1029, 0,
1030, 0,
1031, 1,
1032, 0,
1033, 0,
1034, 0,
1035, 0,
1036, 0,
1037, 0,
1038, 0,
1039, 0,
1040, 1,
1041, 1,
1042, 0,
1043, 0,
1044, 0,
1045, 1,
1046, 0,
1047, 0,
1048, 0,
1049, 0,
1050, 0,
1051, 0,
1052, 1,
1053, 0,
1054, 0,
1055, 0,
1056, 0,
1057, 1,
1058, 0,
1059, 0,
1060, 0,
1061, 0,
1062, 1,
1063, 0,
1064, 0,
1065, 1,
1066, 0,
1067, 0,
1068, 0,
1069, 0,
1070, 0,
1071, 0,
1072, 0,
1073, 0,
1074, 0,
1075, 0,
1076, 0,
1077, 0,
1078, 0,
1079, 0,
1080, 0,
1081, 0,
1082, 1,
1083, 0,
1084, 0,
1085, 0,
1086, 0,
1087, 0,
1088, 0,
1089, 0,
1090, 1,
1091, 0,
1092, 0,
1093, 0,
1094, 0,
1095, 0,
1096, 0,
1097, 0,
1098, 0,
1099, 1,
1100, 0,
1101, 0,
1102, 0,
1103, 0,
1104, 0,
1105, 0,
1106, 0,
1107, 0,
1108, 0,
1109, 1,
1110, 0,
1111, 0,
1112, 0,
1113, 0,
1114, 0,
1115, 0,
1116, 0,
1117, 0,
1118, 0,
1119, 0,
1120, 0,
1121, 0,
1122, 0,
1123, 0,
1124, 0,
1125, 0,
1126, 0,
1127, 0,
1128, 0,
1129, 0,
1130, 0,
1131, 0,
1132, 0,
1133, 0,
1134, 0,
1135, 0,
1136, 0,
1137, 0,
1138, 0,
1139, 1,
1140, 0,
1141, 0,
1142, 0,
1143, 0,
1144, 0,
1145, 0,
1146, 0,
1147, 0,
1148, 0,
1149, 1,
1150, 0,
1151, 0,
1152, 0,
1153, 0,
1154, 0,
1155, 1,
1156, 0,
1157, 0,
1158, 0,
1159, 0,
1160, 0,
1161, 0,
1162, 0,
1163, 0,
1164, 0,
1165, 0,
1166, 0,
1167, 0,
1168, 0,
1169, 0,
1170, 0,
1171, 0,
1172, 1,
1173, 0,
1174, 0,
1175, 0,
1176, 0,
1177, 0,
1178, 0,
1179, 0,
1180, 0,
1181, 0,
1182, 0,
1183, 0,
1184, 0,
1185, 0,
1186, 0,
1187, 0,
1188, 0,
1189, 0,
1190, 0,
1191, 0,
1192, 0,
1193, 0,
1194, 0,
1195, 0,
1196, 0,
1197, 0,
1198, 0,
1199, 0,
1200, 0,
1201, 0,
1202, 0,
1203, 0,
1204, 0,
1205, 0,
1206, 0,
1207, 0,
1208, 0,
1209, 0,
1210, 0,
1211, 0,
1212, 0,
1213, 0,
1214, 0,
1215, 0,
1216, 0,
1217, 0,
1218, 0,
1219, 0,
1220, 0,
1221, 0,
1222, 0,
1223, 0,
1224, 0,
1225, 0,
1226, 0,
1227, 0,
1228, 0,
1229, 0,
1230, 0,
1231, 0,
1232, 0,
1233, 0,
1234, 0,
1235, 0,
1236, 0,
1237, 0,
1238, 0,
1239, 0,
1240, 0,
1241, 0,
1242, 0,
1243, 0,
1244, 0,
1245, 0,
1246, 0,
1247, 0,
1248, 0,
1249, 0,
1250, 0,
1251, 0,
1252, 0,
1253, 0,
1254, 0,
1255, 0,
1256, 0,
1257, 0,
1258, 0,
1259, 0,
1260, 0,
1261, 0,
1262, 0,
1263, 0,
1264, 0,
1265, 0,
1266, 0,
1267, 0,
1268, 0,
1269, 0,
1270, 0,
1271, 0,
1272, 0,
1273, 0,
1274, 0,
1275, 0,
1276, 0,
1277, 0,
1278, 0,
1279, 0,
1280, 0,
1281, 0,
1282, 0,
1283, 0,
1284, 0,
1285, 0,
1286, 0,
1287, 0,
1288, 0,
1289, 0,
1290, 0,
1291, 0,
1292, 0,
1293, 0,
1294, 0,
1295, 0,
1296, 0,
1297, 0,
1298, 0,
1299, 0,
1300, 0,
1301, 0,
1302, 0,
1303, 0,
1304, 0,
1305, 0,
1306, 0,
1307, 0,
1308, 0,
1309, 0,
1310, 0,
1311, 0,
1312, 0,
1313, 0,
1314, 0,
1315, 0,
1316, 0,
1317, 0,
1318, 0,
1319, 0,
1320, 0,
1321, 0,
1322, 0,
1323, 0,
1324, 0,
1325, 0,
1326, 0,
1327, 0,
1328, 0,
1329, 0,
1330, 0,
1331, 0,
1332, 0,
1333, 0,
1334, 0,
1335, 0,
1336, 0,
1337, 0,
1338, 0,
1339, 0,
1340, 0,
1341, 0,
1342, 0,
1343, 0,
1344, 0,
1345, 0,
1346, 0,
1347, 0,
1348, 0,
1349, 0,
1350, 0,
1351, 0,
1352, 0,
1353, 0,
1354, 0,
1355, 0,
1356, 0,
1357, 0,
1358, 0,
1359, 0,
1360, 0,
1361, 0,
1362, 0,
1363, 0,
1364, 0,
1365, 0,
1366, 0,
1367, 0,
1368, 0,
1369, 0,
1370, 0,
1371, 0,
1372, 0,
1373, 0,
1374, 0,
1375, 0,
1376, 0,
1377, 0,
1378, 0,
1379, 0,
1380, 0,
1381, 0,
1382, 0,
1383, 0,
1384, 0,
1385, 0,
1386, 0,
1387, 0,
1388, 0,
1389, 0,
1390, 0,
1391, 0,
1392, 0,
1393, 0,
1394, 0,
1395, 0,
1396, 0,
1397, 0,
1398, 0,
1399, 0,
1400, 0,
1401, 0,
1402, 0,
1403, 0,
1404, 0,
1405, 0,
1406, 0,
1407, 0,
1408, 0,
1409, 0,
1410, 0,
1411, 0,
1412, 0,
1413, 0,
1414, 0,
1415, 0,
1416, 0,
1417, 0,
1418, 0,
1419, 0,
1420, 0,
1421, 0,
1422, 0,
1423, 0,
1424, 0,
1425, 0,
1426, 0,
1427, 0,
1428, 0,
1429, 0,
1430, 0,
1431, 0,
1432, 0,
1433, 0,
1434, 0,
1435, 0,
1436, 0,
1437, 0,
1438, 0,
1439, 0,
1440, 0,
1441, 0,
1442, 0,
1443, 0,
1444, 0,
1445, 0,
1446, 0,
1447, 0,
1448, 0,
1449, 0,
1450, 0,
1451, 0,
1452, 0,
1453, 0,
1454, 0,
1455, 0,
1456, 0,
1457, 0,
1458, 0,
1459, 0,
1460, 0,
1461, 0,
1462, 0,
1463, 0,
1464, 0,
1465, 0,
1466, 0,
1467, 0,
1468, 0,
1469, 0,
1470, 0,
1471, 0,
1472, 0,
1473, 0,
1474, 0,
1475, 0,
1476, 0,
1477, 0,
1478, 0,
1479, 0,
1480, 0,
1481, 0,
1482, 0,
1483, 0,
1484, 0,
1485, 0,
1486, 0,
1487, 0,
1488, 0,
1489, 0,
1490, 0,
1491, 0,
1492, 0,
1493, 0,
1494, 0,
1495, 0,
1496, 0,
1497, 0,
1498, 0,
1499, 0,
1500, 0,
1501, 0,
1502, 0,
1503, 0,
1504, 0,
1505, 0,
1506, 0,
1507, 0,
1508, 0,
1509, 0,
1510, 0,
1511, 0,
1512, 0,
1513, 0,
1514, 0,
1515, 0,
1516, 0,
1517, 0,
1518, 0,
1519, 0,
1520, 0,
1521, 0,
1522, 0,
1523, 0,
1524, 0,
1525, 0,
1526, 0,
1527, 0,
1528, 0,
1529, 0,
1530, 0,
1531, 0,
1532, 0,
1533, 0,
1534, 0,
1535, 0,
1536, 0,
1537, 0,
1538, 0,
1539, 0,
1540, 0,
1541, 0,
1542, 0,
1543, 0,
1544, 0,
1545, 0,
1546, 0,
1547, 0,
1548, 0,
1549, 0,
1550, 0,
1551, 0,
1552, 0,
1553, 0,
1554, 0,
1555, 0,
1556, 0,
1557, 0,
1558, 0,
1559, 0,
1560, 0,
1561, 0,
1562, 0,
1563, 0,
1564, 0,
1565, 0,
1566, 0,
1567, 0,
1568, 0,
1569, 0,
1570, 0,
1571, 0,
1572, 0,
1573, 0,
1574, 0,
1575, 0,
1576, 0,
1577, 0,
1578, 0,
1579, 0,
1580, 0,
1581, 0,
1582, 0,
1583, 0,
1584, 0,
1585, 0,
1586, 0,
1587, 0,
1588, 0,
1589, 0,
1590, 0,
1591, 0,
1592, 0,
1593, 0,
1594, 0,
1595, 0,
1596, 0,
1597, 0,
1598, 0,
1599, 0,
1600, 0,
1601, 0,
1602, 0,
1603, 0,
1604, 0,
1605, 0,
1606, 0,
1607, 0,
1608, 0,
1609, 0,
1610, 0,
1611, 0,
1612, 0,
1613, 0,
1614, 0,
1615, 0,
1616, 0,
1617, 0,
1618, 0,
1619, 0,
1620, 0,
1621, 0,
1622, 0,
1623, 0,
1624, 0,
1625, 0,
1626, 0,
1627, 0,
1628, 0,
1629, 0,
1630, 0,
1631, 0,
1632, 0,
1633, 0,
1634, 0,
1635, 0,
1636, 0,
1637, 0,
1638, 0,
1639, 0,
1640, 0,
1641, 0,
1642, 0,
1643, 0,
1644, 0,
1645, 0,
1646, 0,
1647, 0,
1648, 0,
1649, 0,
1650, 0,
1651, 0,
1652, 0,
1653, 0,
1654, 0,
1655, 0,
1656, 0,
1657, 0,
1658, 0,
1659, 0,
1660, 0,
1661, 0,
1662, 0,
1663, 0,
1664, 0,
1665, 0,
1666, 0,
1667, 0,
1668, 0,
1669, 0,
1670, 0,
1671, 0,
1672, 0,
1673, 0,
1674, 0,
1675, 0,
1676, 0,
1677, 0,
1678, 0,
1679, 0,
1680, 0,
1681, 0,
1682, 0,
1683, 0,
1684, 0,
1685, 0,
1686, 0,
1687, 0,
1688, 0,
1689, 0,
1690, 0,
1691, 0,
1692, 0,
1693, 0,
1694, 0,
1695, 0,
1696, 0,
1697, 0,
1698, 0,
1699, 0,
1700, 0,
1701, 0,
1702, 0,
1703, 0,
1704, 0,
1705, 0,
1706, 0,
1707, 0,
1708, 0,
1709, 0,
1710, 0,
1711, 0,
1712, 0,
1713, 0,
1714, 0,
1715, 0,
1716, 0,
1717, 0,
1718, 0,
1719, 0,
1720, 0,
1721, 0,
1722, 0,
1723, 0,
1724, 0,
1725, 0,
1726, 0,
1727, 0,
1728, 0,
1729, 0,
1730, 0,
1731, 0,
1732, 0,
1733, 0,
1734, 0,
1735, 0,
1736, 0,
1737, 0,
1738, 0,
1739, 0,
1740, 0,
1741, 0,
1742, 0,
1743, 0,
1744, 0,
1745, 0,
1746, 0,
1747, 0,
1748, 0,
1749, 0,
1750, 0,
1751, 0,
1752, 0,
1753, 0,
1754, 0,
1755, 0,
1756, 0,
1757, 0,
1758, 0,
1759, 0,
1760, 0,
1761, 0,
1762, 0,
1763, 0,
1764, 0,
1765, 0,
1766, 0,
1767, 0,
1768, 0,
1769, 0,
1770, 0,
1771, 0,
1772, 0,
1773, 0,
1774, 0,
1775, 0,
1776, 0,
1777, 0,
1778, 0,
1779, 0,
1780, 0,
1781, 0,
1782, 0,
1783, 0,
1784, 0,
1785, 0,
1786, 0,
1787, 0,
1788, 0,
1789, 0,
1790, 0,
1791, 0,
1792, 0,
1793, 0,
1794, 0,
1795, 0,
1796, 0,
1797, 0,
1798, 0,
1799, 0,
1800, 0,
1801, 0,
1802, 0,
1803, 0,
1804, 0,
1805, 0,
1806, 0,
1807, 0,
1808, 0,
1809, 0,
1810, 0,
1811, 0,
1812, 0,
1813, 0,
1814, 0,
1815, 0,
1816, 0,
1817, 0,
1818, 0,
1819, 0,
1820, 0,
1821, 0,
1822, 0,
1823, 0,
1824, 0,
1825, 0,
1826, 0,
1827, 0,
1828, 0,
1829, 0,
1830, 0,
1831, 0,
1832, 0,
1833, 0,
1834, 0,
1835, 0,
1836, 0,
1837, 0,
1838, 0,
1839, 0,
1840, 0,
1841, 0,
1842, 0,
1843, 0,
1844, 0,
1845, 0,
1846, 0,
1847, 0,
1848, 0,
1849, 0,
1850, 0,
1851, 0,
1852, 0,
1853, 0,
1854, 0,
1855, 0,
1856, 0,
1857, 0,
1858, 0,
1859, 0,
1860, 0,
1861, 0,
1862, 0,
1863, 0,
1864, 0,
1865, 0,
1866, 0,
1867, 0,
1868, 0,
1869, 0,
1870, 0,
1871, 0,
1872, 0,
1873, 0,
1874, 0,
1875, 0,
1876, 0,
1877, 0,
1878, 0,
1879, 0,
1880, 0,
1881, 0,
1882, 0,
1883, 0,
1884, 0,
1885, 0,
1886, 0,
1887, 0,
1888, 0,
1889, 0,
1890, 0,
1891, 0,
1892, 0,
1893, 0,
1894, 0,
1895, 0,
1896, 0,
1897, 0,
1898, 0,
1899, 0,
1900, 0,
1901, 0,
1902, 0,
1903, 0,
1904, 0,
1905, 0,
1906, 0,
1907, 0,
1908, 0,
1909, 0,
1910, 0,
1911, 0,
1912, 0,
1913, 0,
1914, 0,
1915, 0,
1916, 0,
1917, 0,
1918, 0,
1919, 0,
1920, 0,
1921, 0,
1922, 0,
1923, 0,
1924, 0,
1925, 0,
1926, 0,
1927, 0,
1928, 0,
1929, 0,
1930, 0,
1931, 0,
1932, 0,
1933, 0,
1934, 0,
1935, 0,
1936, 0,
1937, 0,
1938, 0,
1939, 0,
1940, 0,
1941, 0,
1942, 0,
1943, 0,
1944, 0,
1945, 0,
1946, 0,
1947, 0,
1948, 0,
1949, 0,
1950, 0,
1951, 0,
1952, 0,
1953, 0,
1954, 0,
1955, 0,
1956, 0,
1957, 0,
1958, 0,
1959, 0,
1960, 0,
1961, 0,
1962, 0,
1963, 0,
1964, 0,
1965, 0,
1966, 0,
1967, 0,
1968, 0,
1969, 0,
1970, 0,
1971, 0,
1972, 0,
1973, 0,
1974, 0,
1975, 0,
1976, 0,
1977, 0,
1978, 0,
1979, 0,
1980, 0,
1981, 0,
1982, 0,
1983, 0,
1984, 0,
1985, 0,
1986, 0,
1987, 0,
1988, 0,
1989, 0,
1990, 0,
1991, 0,
1992, 0,
1993, 0,
1994, 0,
1995, 0,
1996, 0,
1997, 0,
1998, 0,
1999, 0,
2000, 0,
2001, 0,
2002, 0,
2003, 0,
2004, 0,
2005, 0,
2006, 0,
2007, 0,
2008, 0,
2009, 0,
2010, 0,
2011, 0,
2012, 0,
2013, 0,
2014, 0,
2015, 0,
2016, 0,
2017, 0,
2018, 0,
2019, 0,
2020, 0,
2021, 0,
2022, 0,
2023, 0,
2024, 0,
2025, 0,
2026, 0,
2027, 0,
2028, 0,
2029, 0,
2030, 0,
2031, 0,
2032, 0,
2033, 0,
2034, 0,
2035, 0,
2036, 0,
2037, 0,
2038, 0,
2039, 0,
2040, 0,
2041, 0,
2042, 0,
2043, 0,
2044, 0,
2045, 0,
2046, 0,
2047, 0,
2048, 0,
2049, 0,
2050, 0,
2051, 0,
2052, 0,
2053, 0,
2054, 0,
2055, 0,
2056, 0,
2057, 0,
2058, 0,
2059, 0,
2060, 0,
2061, 0,
2062, 0,
2063, 0,
2064, 0,
2065, 0,
2066, 0,
2067, 0,
2068, 0,
2069, 0,
2070, 0,
2071, 0,
2072, 0,
2073, 0,
2074, 0,
2075, 0,
2076, 0,
2077, 0,
2078, 0,
2079, 0,
2080, 0,
2081, 0,
2082, 0,
2083, 0,
2084, 0,
2085, 0,
2086, 0,
2087, 0,
2088, 0,
2089, 0,
2090, 0,
2091, 0,
2092, 0,
2093, 0,
2094, 0,
2095, 0,
2096, 0,
2097, 0,
2098, 0,
2099, 0,
2100, 0,
2101, 0,
2102, 0,
2103, 0,
2104, 0,
2105, 0,
2106, 0,
2107, 0,
2108, 0,
2109, 0,
2110, 0,
2111, 0,
2112, 0,
2113, 0,
2114, 0,
2115, 0,
2116, 0,
2117, 0,
2118, 0,
2119, 0,
2120, 0,
2121, 0,
2122, 0,
2123, 0,
2124, 0,
2125, 0,
2126, 0,
2127, 0,
2128, 0,
2129, 0,
2130, 0,
2131, 0,
2132, 0,
2133, 0,
2134, 0,
2135, 0,
2136, 0,
2137, 0,
2138, 0,
2139, 0,
2140, 0,
2141, 0,
2142, 0,
2143, 0,
2144, 0,
2145, 0,
2146, 0,
2147, 0,
2148, 0,
2149, 0,
2150, 0,
2151, 0,
2152, 0,
2153, 0,
2154, 0,
2155, 0,
2156, 0,
2157, 0,
2158, 0,
2159, 0,
2160, 0,
2161, 0,
2162, 0,
2163, 0,
2164, 0,
2165, 0,
2166, 0,
2167, 0,
2168, 0,
2169, 0,
2170, 0,
2171, 0,
2172, 0,
2173, 0,
2174, 0,
2175, 0,
2176, 0,
2177, 0,
2178, 0,
2179, 0,
2180, 0,
2181, 0,
2182, 0,
2183, 0,
2184, 0,
2185, 0,
2186, 0,
2187, 0,
2188, 0,
2189, 0,
2190, 0,
2191, 0,
2192, 0,
2193, 0,
2194, 0,
2195, 0,
2196, 0,
2197, 0,
2198, 0,
2199, 0,
2200, 0,
2201, 0,
2202, 0,
2203, 0,
2204, 0,
2205, 0,
2206, 0,
2207, 0,
2208, 0,
2209, 0,
2210, 0,
2211, 0,
2212, 0,
2213, 0,
2214, 0,
2215, 0,
2216, 0,
2217, 0,
2218, 0,
2219, 0,
2220, 0,
2221, 0,
2222, 0,
2223, 0,
2224, 0,
2225, 0,
2226, 0,
2227, 0,
2228, 0,
2229, 0,
2230, 0,
2231, 0,
2232, 0,
2233, 0,
2234, 0,
2235, 0,
2236, 0,
2237, 0,
2238, 0,
2239, 0,
2240, 0,
2241, 0,
2242, 0,
2243, 0,
2244, 0,
2245, 0,
2246, 0,
2247, 0,
2248, 0,
2249, 0,
2250, 0,
2251, 0,
2252, 0,
2253, 0,
2254, 0,
2255, 0,
2256, 0,
2257, 0,
2258, 0,
2259, 0,
2260, 0,
2261, 0,
2262, 0,
2263, 0,
2264, 0,
2265, 0,
2266, 0,
2267, 0,
2268, 0,
2269, 0,
2270, 0,
2271, 0,
2272, 0,
2273, 0,
2274, 0,
2275, 0,
2276, 0,
2277, 0,
2278, 0,
2279, 0,
2280, 0,
2281, 0,
2282, 0,
2283, 0,
2284, 0,
2285, 0,
2286, 0,
2287, 0,
2288, 0,
2289, 0,
2290, 0,
2291, 0,
2292, 0,
2293, 0,
2294, 0,
2295, 0,
2296, 0,
2297, 0,
2298, 0,
2299, 0,
2300, 0,
2301, 0,
2302, 0,
2303, 0,
2304, 0,
2305, 0,
2306, 0,
2307, 0,
2308, 0,
2309, 0,
2310, 0,
2311, 0,
2312, 0,
2313, 0,
2314, 0,
2315, 0,
2316, 0,
2317, 0,
2318, 0,
2319, 0,
2320, 0,
2321, 0,
2322, 0,
2323, 0,
2324, 0,
2325, 0,
2326, 0,
2327, 0,
2328, 0,
2329, 0,
2330, 0,
2331, 0,
2332, 0,
2333, 0,
2334, 0,
2335, 0,
2336, 0,
2337, 0,
2338, 0,
2339, 0,
2340, 0,
2341, 0,
2342, 0,
2343, 0,
2344, 0,
2345, 0,
2346, 0,
2347, 0,
2348, 0,
2349, 0,
2350, 0,
2351, 0,
2352, 0,
2353, 0,
2354, 0,
2355, 0,
2356, 0,
2357, 0,
2358, 0,
2359, 0,
2360, 0,
2361, 0,
2362, 0,
2363, 0,
2364, 0,
2365, 0,
2366, 0,
2367, 0,
2368, 0,
2369, 0,
2370, 0,
2371, 0,
2372, 0,
2373, 0,
2374, 0,
2375, 0,
2376, 0,
2377, 0,
2378, 0,
2379, 0,
2380, 0,
2381, 0,
2382, 0,
2383, 0,
2384, 0,
2385, 0,
2386, 0,
2387, 0,
2388, 0,
2389, 0,
2390, 0,
2391, 0,
2392, 0,
2393, 0,
2394, 0,
2395, 0,
2396, 0,
2397, 0,
2398, 0,
2399, 0,
2400, 0,
2401, 0,
2402, 0,
2403, 0,
2404, 0,
2405, 0,
2406, 0,
2407, 0,
2408, 0,
2409, 0,
2410, 0,
2411, 0,
2412, 0,
2413, 0,
2414, 0,
2415, 0,
2416, 0,
2417, 0,
2418, 0,
2419, 0,
2420, 0,
2421, 0,
2422, 0,
2423, 0,
2424, 0,
2425, 0,
2426, 0,
2427, 0,
2428, 0,
2429, 0,
2430, 0,
2431, 0,
2432, 0,
2433, 0,
2434, 0,
2435, 0,
2436, 0,
2437, 0,
2438, 0,
2439, 0,
2440, 0,
2441, 0,
2442, 0,
2443, 0,
2444, 0,
2445, 0,
2446, 0,
2447, 0,
2448, 0,
2449, 0,
2450, 0,
2451, 0,
2452, 0,
2453, 0,
2454, 0,
2455, 0,
2456, 0,
2457, 0,
2458, 0,
2459, 0,
2460, 0,
2461, 0,
2462, 0,
2463, 0,
2464, 0,
2465, 0,
2466, 0,
2467, 0,
2468, 0,
2469, 0,
2470, 0,
2471, 0,
2472, 0,
2473, 0,
2474, 0,
2475, 0,
2476, 0,
2477, 0,
2478, 0,
2479, 0,
2480, 0,
2481, 0,
2482, 0,
2483, 0,
2484, 0,
2485, 0,
2486, 0,
2487, 0,
2488, 0,
2489, 0,
2490, 0,
2491, 0,
2492, 0,
2493, 0,
2494, 0,
2495, 0,
2496, 0,
2497, 0,
2498, 0,
2499, 0,
2500, 0,
2501, 0,
2502, 0,
2503, 0,
2504, 0,
2505, 0,
2506, 0,
2507, 0,
2508, 0,
2509, 0,
2510, 0,
2511, 0,
2512, 0,
2513, 0,
2514, 0,
2515, 0,
2516, 0,
2517, 0,
2518, 0,
2519, 0,
2520, 0,
2521, 0,
2522, 0,
2523, 0,
2524, 0,
2525, 0,
2526, 0,
2527, 0,
2528, 0,
2529, 0,
2530, 0,
2531, 0,
2532, 0,
2533, 0,
2534, 0,
2535, 0,
2536, 0,
2537, 0,
2538, 0,
2539, 0,
2540, 0,
2541, 0,
2542, 0,
2543, 0,
2544, 0,
2545, 0,
2546, 0,
2547, 0,
2548, 0,
2549, 0,
2550, 0,
2551, 0,
2552, 0,
2553, 0,
2554, 0,
2555, 0,
2556, 0,
2557, 0,
2558, 0,
2559, 0,
2560, 0,
2561, 0,
2562, 0,
2563, 0,
2564, 0,
2565, 0,
2566, 0,
2567, 0,
2568, 0,
2569, 0,
2570, 0,
2571, 0,
2572, 0,
2573, 0,
2574, 0,
2575, 0,
2576, 0,
2577, 0,
2578, 0,
2579, 0,
2580, 0,
2581, 0,
2582, 0,
2583, 0,
2584, 0,
2585, 0,
2586, 0,
2587, 0,
2588, 0,
2589, 0,
2590, 0,
2591, 0,
2592, 0,
2593, 0,
2594, 0,
2595, 0,
2596, 0,
2597, 0,
2598, 0,
2599, 0,
2600, 0,
2601, 0,
2602, 0,
2603, 0,
2604, 0,
2605, 0,
2606, 0,
2607, 0,
2608, 0,
2609, 0,
2610, 0,
2611, 0,
2612, 0,
2613, 0,
2614, 0,
2615, 0,
2616, 0,
2617, 0,
2618, 0,
2619, 0,
2620, 0,
2621, 0,
2622, 0,
2623, 0,
2624, 0,
2625, 0,
2626, 0,
2627, 0,
2628, 0,
2629, 0,
2630, 0,
2631, 0,
2632, 0,
2633, 0,
2634, 0,
2635, 0,
2636, 0,
2637, 0,
2638, 0,
2639, 0,
2640, 0,
2641, 0,
2642, 0,
2643, 0,
2644, 0,
2645, 0,
2646, 0,
2647, 0,
2648, 0,
2649, 0,
2650, 0,
2651, 0,
2652, 0,
2653, 0,
2654, 0,
2655, 0,
2656, 0,
2657, 0,
2658, 0,
2659, 0,
2660, 0,
2661, 0,
2662, 0,
2663, 0,
2664, 0,
2665, 0,
2666, 0,
2667, 0,
2668, 0,
2669, 0,
2670, 0,
2671, 0,
2672, 0,
2673, 0,
2674, 0,
2675, 0,
2676, 0,
2677, 0,
2678, 0,
2679, 0,
2680, 0,
2681, 0,
2682, 0,
2683, 0,
2684, 0,
2685, 0,
2686, 0,
2687, 0,
2688, 0,
2689, 0,
2690, 0,
2691, 0,
2692, 0,
2693, 0,
2694, 0,
2695, 0,
2696, 0,
2697, 0,
2698, 0,
2699, 0,
2700, 0,
2701, 0,
2702, 0,
2703, 0,
2704, 0,
2705, 0,
2706, 0,
2707, 0,
2708, 0,
2709, 0,
2710, 0,
2711, 0,
2712, 0,
2713, 0,
2714, 0,
2715, 0,
2716, 0,
2717, 0,
2718, 0,
2719, 0,
2720, 0,
2721, 0,
2722, 0,
2723, 0,
2724, 0,
2725, 0,
2726, 0,
2727, 0,
2728, 0,
2729, 0,
2730, 0,
2731, 0,
2732, 0,
2733, 0,
2734, 0,
2735, 0,
2736, 0,
2737, 0,
2738, 0,
2739, 0,
2740, 0,
2741, 0,
2742, 0,
2743, 0,
2744, 0,
2745, 0,
2746, 0,
2747, 0,
2748, 0,
2749, 0,
2750, 0,
2751, 0,
2752, 0,
2753, 0,
2754, 0,
2755, 0,
2756, 0,
2757, 0,
2758, 0,
2759, 0,
2760, 0,
2761, 0,
2762, 0,
2763, 0,
2764, 0,
2765, 0,
2766, 0,
2767, 0,
2768, 0,
2769, 0,
2770, 0,
2771, 0,
2772, 0,
2773, 0,
2774, 0,
2775, 0,
2776, 0,
2777, 0,
2778, 0,
2779, 0,
2780, 0,
2781, 0,
2782, 0,
2783, 0,
2784, 0,
2785, 0,
2786, 0,
2787, 0,
2788, 0,
2789, 0,
2790, 0,
2791, 0,
2792, 0,
2793, 0,
2794, 0,
2795, 0,
2796, 0,
2797, 0,
2798, 0,
2799, 0,
2800, 0,
2801, 0,
2802, 0,
2803, 0,
2804, 0,
